// Export filename: 'K:\Juegos\Steam\steamapps\common\Call of Duty Black Ops\xanim_export\ricos\guns\ak12\ak12_reload_empy.xanim_export'
// Source filename: 'K:\01 Ricko0z\Working Gun\AK12\01 Escenas\ak12_handed.mb'
// Export time: Thu Jun 02 2016, 18:43:58

ANIMATION
VERSION 3

NUMPARTS 95
PART 0 "tag_view"
PART 1 "tag_ads"
PART 2 "tag_cambone"
PART 3 "tag_torso"
PART 4 "tag_camera"
PART 5 "j_shoulder_le"
PART 6 "j_shoulder_ri"
PART 7 "tag_weapon"
PART 8 "tag_weapon1"
PART 9 "tag_gasmask"
PART 10 "tag_gasmask2"
PART 11 "j_elbow_le"
PART 12 "j_elbow_ri"
PART 13 "j_gun"
PART 14 "j_sleave_reshape_bottom_le_1"
PART 15 "j_sleave_reshape_bottom_le_2"
PART 16 "j_sleave_reshape_top_le_1"
PART 17 "j_sleave_reshape_top_le_2"
PART 18 "j_sleave_reshape_top_le_3"
PART 19 "j_wrist_le"
PART 20 "j_wristtwist_le"
PART 21 "j_sleave_reshape_top_ri_1"
PART 22 "j_sleave_reshape_top_ri_2"
PART 23 "j_sleave_reshape_top_ri_3"
PART 24 "j_wrist_ri"
PART 25 "j_wristtwist_ri"
PART 26 "j_bullet"
PART 27 "j_bullet1"
PART 28 "j_clip"
PART 29 "j_mag"
PART 30 "j_mag1"
PART 31 "j_magrelease"
PART 32 "j_reload"
PART 33 "tag_acog_2"
PART 34 "tag_brass"
PART 35 "tag_clip"
PART 36 "tag_eclan"
PART 37 "tag_eotech"
PART 38 "tag_flash"
PART 39 "tag_folding_grip"
PART 40 "tag_grenade_launcher"
PART 41 "tag_maul"
PART 42 "tag_red_dot"
PART 43 "tag_sight_on"
PART 44 "tag_silencer"
PART 45 "tag_target_finder"
PART 46 "tag_thermal_scope"
PART 47 "tag_variable_zoom_reflex"
PART 48 "j_index_le_0"
PART 49 "j_mid_le_0"
PART 50 "j_pinkypalm_le"
PART 51 "j_ringpalm_le"
PART 52 "j_thumb_le_0"
PART 53 "j_webbing_le"
PART 54 "tag_knife_attach"
PART 55 "j_index_ri_0"
PART 56 "j_mid_ri_0"
PART 57 "j_pinkypalm_ri"
PART 58 "j_ringpalm_ri"
PART 59 "j_thumb_ri_0"
PART 60 "j_webbing_ri"
PART 61 "j_index_le_1"
PART 62 "j_mid_le_1"
PART 63 "j_pinky_le_0"
PART 64 "j_ring_le_0"
PART 65 "j_thumb_le_1"
PART 66 "j_index_ri_1"
PART 67 "j_mid_ri_1"
PART 68 "j_pinky_ri_0"
PART 69 "j_ring_ri_0"
PART 70 "j_thumb_ri_1"
PART 71 "j_index_le_2"
PART 72 "j_mid_le_2"
PART 73 "j_pinky_le_1"
PART 74 "j_ring_le_1"
PART 75 "j_thumb_le_2"
PART 76 "j_index_ri_2"
PART 77 "j_mid_ri_2"
PART 78 "j_pinky_ri_1"
PART 79 "j_ring_ri_1"
PART 80 "j_thumb_ri_2"
PART 81 "j_index_le_3"
PART 82 "j_mid_le_3"
PART 83 "j_pinky_le_2"
PART 84 "j_ring_le_2"
PART 85 "j_thumb_le_3"
PART 86 "j_index_ri_3"
PART 87 "j_mid_ri_3"
PART 88 "j_pinky_ri_2"
PART 89 "j_ring_ri_2"
PART 90 "j_thumb_ri_3"
PART 91 "j_pinky_le_3"
PART 92 "j_ring_le_3"
PART 93 "j_pinky_ri_3"
PART 94 "j_ring_ri_3"

FRAMERATE 30
NUMFRAMES 108

FRAME 0
PART 0
OFFSET 0.000000, 0.000000, 0.000000
SCALE 1.000000, 1.000000, 1.000000
X 1.000000, 0.000000, 0.000000
Y 0.000000, 1.000000, 0.000000
Z 0.000000, 0.000000, 1.000000

PART 1
OFFSET 0.000000, 0.000000, 0.000000
SCALE 1.000000, 1.000000, 1.000000
X 1.000000, 0.000000, 0.000000
Y 0.000000, 1.000000, 0.000000
Z 0.000000, 0.000000, 1.000000

PART 2
OFFSET 0.000000, 0.000000, 0.000000
SCALE 1.000000, 1.000000, 1.000000
X 1.000000, 0.000000, 0.000000
Y 0.000000, 1.000000, 0.000000
Z 0.000000, 0.000000, 1.000000

PART 3
OFFSET -4.631938, 0.000000, -1.376737
SCALE 1.000000, 1.000000, 1.000000
X 1.000000, 0.000000, 0.000000
Y 0.000000, 1.000000, 0.000000
Z 0.000000, 0.000000, 1.000000

PART 4
OFFSET 0.000000, 0.000000, 0.000000
SCALE 1.000000, 1.000000, 1.000000
X 1.000000, 0.000000, 0.000000
Y 0.000000, 1.000000, 0.000000
Z 0.000000, 0.000000, 1.000000

PART 5
OFFSET -3.506277, 6.340839, -6.712308
SCALE 1.000000, 1.000000, 1.000000
X 0.863629, -0.201554, -0.462083
Y -0.124980, -0.973586, 0.191076
Z -0.488389, -0.107268, -0.866008

PART 6
OFFSET -12.853742, -4.812700, -5.406603
SCALE 1.000000, 1.000000, 1.000000
X -0.705009, 0.555620, 0.440736
Y -0.238748, -0.771125, 0.590225
Z 0.667803, 0.310890, 0.676304

PART 7
OFFSET 8.254461, -2.664780, -4.540030
SCALE 1.000000, 1.000000, 1.000000
X 1.000000, 0.000000, 0.000000
Y 0.000000, 1.000000, 0.000000
Z 0.000000, 0.000000, 1.000000

PART 8
OFFSET 10.527864, 0.000000, -8.129457
SCALE 1.000000, 1.000000, 1.000000
X 1.000000, 0.000000, 0.000000
Y 0.000000, 1.000000, 0.000000
Z 0.000000, 0.000000, 1.000000

PART 9
OFFSET 1.540450, 0.000000, 4.135778
SCALE 1.000000, 1.000000, 1.000000
X 1.000000, 0.000000, 0.000000
Y 0.000000, 1.000000, 0.000000
Z 0.000000, 0.000000, 1.000000

PART 10
OFFSET -4.631846, 0.000000, -1.376989
SCALE 1.000000, 1.000000, 1.000000
X 1.000000, 0.000000, 0.000000
Y 0.000000, 1.000000, 0.000000
Z 0.000000, 0.000000, 1.000000

PART 11
OFFSET 6.938385, 3.903267, -12.300697
SCALE 1.000000, 1.000000, 1.000000
X 0.737761, -0.450743, 0.502533
Y -0.573281, -0.025259, 0.818969
Z -0.356451, -0.892296, -0.277038

PART 12
OFFSET -4.327365, -11.532211, -10.736926
SCALE 1.000000, 1.000000, 1.000000
X -0.753765, -0.610783, -0.242453
Y 0.643129, -0.609849, -0.463108
Z 0.134999, -0.505003, 0.852495

PART 13
OFFSET 8.254461, -2.664780, -4.540030
SCALE 1.000000, 1.000000, 1.000000
X 1.000000, 0.000000, 0.000000
Y 0.000000, 1.000000, 0.000000
Z 0.000000, 0.000000, 1.000000

PART 14
OFFSET 15.327726, 1.047434, -7.474043
SCALE 1.000000, 1.000000, 1.000000
X 0.742149, -0.448193, 0.498334
Y 0.362585, 0.893808, 0.263892
Z -0.563690, -0.015159, 0.825847

PART 15
OFFSET 14.421980, -1.008045, -8.748118
SCALE 1.000000, 1.000000, 1.000000
X 0.742149, -0.448193, 0.498334
Y 0.362585, 0.893808, 0.263892
Z -0.563690, -0.015159, 0.825847

PART 16
OFFSET 14.300534, 0.416958, -5.489732
SCALE 1.000000, 1.000000, 1.000000
X 0.742149, -0.448193, 0.498334
Y 0.362585, 0.893808, 0.263892
Z -0.563690, -0.015159, 0.825847

PART 17
OFFSET 13.683743, -0.937378, -5.998205
SCALE 1.000000, 1.000000, 1.000000
X 0.742149, -0.448193, 0.498334
Y 0.362585, 0.893808, 0.263892
Z -0.563690, -0.015159, 0.825847

PART 18
OFFSET 13.300632, -1.776827, -6.947405
SCALE 1.000000, 1.000000, 1.000000
X 0.742149, -0.448193, 0.498334
Y 0.362585, 0.893808, 0.263892
Z -0.563690, -0.015159, 0.825847

PART 19
OFFSET 15.475143, -1.312355, -6.485803
SCALE 1.000000, 1.000000, 1.000000
X 0.966717, -0.229683, 0.112714
Y 0.080463, 0.691128, 0.718240
Z -0.242867, -0.685265, 0.686606

PART 20
OFFSET 13.213390, 0.069487, -8.026418
SCALE 1.000000, 1.000000, 1.000000
X 0.737761, -0.450743, 0.502533
Y -0.181424, 0.584649, 0.790741
Z -0.650226, -0.674549, 0.349556

PART 21
OFFSET 2.808541, -4.862083, -6.728653
SCALE 1.000000, 1.000000, 1.000000
X -0.757903, -0.605805, -0.242039
Y -0.142080, 0.515395, -0.845092
Z 0.636707, -0.606109, -0.476693

PART 22
OFFSET 2.429284, -4.044776, -8.014433
SCALE 1.000000, 1.000000, 1.000000
X -0.757903, -0.605805, -0.242039
Y -0.142080, 0.515395, -0.845092
Z 0.636707, -0.606109, -0.476693

PART 23
OFFSET 2.601647, -4.422184, -9.179977
SCALE 1.000000, 1.000000, 1.000000
X -0.757903, -0.605805, -0.242039
Y -0.142080, 0.515395, -0.845092
Z 0.636707, -0.606109, -0.476693

PART 24
OFFSET 4.394492, -4.464806, -7.931485
SCALE 1.000000, 1.000000, 1.000000
X -0.954596, -0.141837, -0.261970
Y 0.284878, -0.177452, -0.941995
Z 0.087123, -0.973855, 0.209802

PART 25
OFFSET 2.083705, -6.337259, -8.674765
SCALE 1.000000, 1.000000, 1.000000
X -0.753746, -0.610822, -0.242410
Y 0.487889, -0.273007, -0.829115
Z 0.440262, -0.743212, 0.503792

PART 26
OFFSET 13.117689, -2.664395, -5.368264
SCALE 1.000000, 1.000000, 1.000000
X 1.000000, 0.000000, 0.000000
Y 0.000000, 1.000000, 0.000000
Z 0.000000, 0.000000, 1.000000

PART 27
OFFSET -23.937596, -2.664603, -5.366538
SCALE 1.000000, 1.000000, 1.000000
X 1.000000, 0.000000, 0.000000
Y 0.000000, 1.000000, 0.000000
Z 0.000000, 0.000000, 1.000000

PART 28
OFFSET 8.531642, -1.818081, -4.606149
SCALE 1.000000, 1.000000, 1.000000
X 1.000000, 0.000000, 0.000000
Y 0.000000, 1.000000, 0.000000
Z 0.000000, 0.000000, 1.000000

PART 29
OFFSET 13.117689, -2.664395, -5.368264
SCALE 1.000000, 1.000000, 1.000000
X 1.000000, 0.000000, 0.000000
Y 0.000000, 1.000000, 0.000000
Z 0.000000, 0.000000, 1.000000

PART 30
OFFSET -23.937596, -2.664603, -5.366538
SCALE 1.000000, 1.000000, 1.000000
X 1.000000, 0.000000, 0.000000
Y 0.000000, 1.000000, 0.000000
Z 0.000000, 0.000000, 1.000000

PART 31
OFFSET 11.179487, -2.664780, -6.470022
SCALE 1.000000, 1.000000, 1.000000
X 1.000000, 0.000000, 0.000000
Y 0.000000, 1.000000, 0.000000
Z 0.000000, 0.000000, 1.000000

PART 32
OFFSET 18.246260, -2.343182, -3.072631
SCALE 1.000000, 1.000000, 1.000000
X 1.000000, 0.000000, 0.000000
Y 0.000000, 1.000000, 0.000000
Z 0.000000, 0.000000, 1.000000

PART 33
OFFSET 8.261875, -2.664780, -2.543977
SCALE 1.000000, 1.000000, 1.000000
X 1.000000, 0.000000, 0.000000
Y 0.000000, 1.000000, 0.000000
Z 0.000000, 0.000000, 1.000000

PART 34
OFFSET 17.177720, -2.664780, -3.111512
SCALE 1.000000, 1.000000, 1.000000
X -0.000011, -0.835788, 0.549052
Y 1.000000, -0.000011, 0.000003
Z 0.000003, 0.549052, 0.835788

PART 35
OFFSET 13.724660, -2.649768, -5.304297
SCALE 1.000000, 1.000000, 1.000000
X 1.000000, 0.000000, 0.000000
Y 0.000000, 1.000000, 0.000000
Z 0.000000, 0.000000, 1.000000

PART 36
OFFSET 10.321364, -2.664780, -2.507217
SCALE 1.000000, 1.000000, 1.000000
X 1.000000, 0.000000, 0.000000
Y 0.000000, 1.000000, 0.000000
Z 0.000000, 0.000000, 1.000000

PART 37
OFFSET 9.867389, -2.664780, -2.275644
SCALE 1.000000, 1.000000, 1.000000
X 1.000000, 0.000000, 0.000000
Y 0.000000, 1.000000, 0.000000
Z 0.000000, 0.000000, 1.000000

PART 38
OFFSET 35.063192, -2.664780, -4.062986
SCALE 1.000000, 1.000000, 1.000000
X 1.000000, 0.000000, 0.000000
Y 0.000000, 1.000000, 0.000000
Z 0.000000, 0.000000, 1.000000

PART 39
OFFSET 21.246015, -2.664780, -5.102044
SCALE 1.000000, 1.000000, 1.000000
X 1.000000, 0.000000, 0.000000
Y 0.000000, 1.000000, 0.000000
Z 0.000000, 0.000000, 1.000000

PART 40
OFFSET 15.986243, -2.664780, -7.963822
SCALE 1.000000, 1.000000, 1.000000
X 1.000000, 0.000000, 0.000000
Y 0.000000, 1.000000, 0.000000
Z 0.000000, 0.000000, 1.000000

PART 41
OFFSET 23.580434, -2.664780, -6.127725
SCALE 1.000000, 1.000000, 1.000000
X 1.000000, 0.000000, 0.000000
Y 0.000000, 1.000000, 0.000000
Z 0.000000, 0.000000, 1.000000

PART 42
OFFSET 9.292636, -2.664780, -2.602248
SCALE 1.000000, 1.000000, 1.000000
X 1.000000, 0.000000, 0.000000
Y 0.000000, 1.000000, 0.000000
Z 0.000000, 0.000000, 1.000000

PART 43
OFFSET 16.635864, -2.664780, -2.275644
SCALE 1.000000, 1.000000, 1.000000
X 1.000000, 0.000000, 0.000000
Y 0.000000, 1.000000, 0.000000
Z 0.000000, 0.000000, 1.000000

PART 44
OFFSET 35.063192, -2.664780, -4.062986
SCALE 1.000000, 1.000000, 1.000000
X 1.000000, 0.000000, 0.000000
Y 0.000000, 1.000000, 0.000000
Z 0.000000, 0.000000, 1.000000

PART 45
OFFSET 9.045023, -2.664780, -2.689078
SCALE 1.000000, 1.000000, 1.000000
X 1.000000, 0.000000, 0.000000
Y 0.000000, 1.000000, 0.000000
Z 0.000000, 0.000000, 1.000000

PART 46
OFFSET 10.293505, -2.664780, -2.725634
SCALE 1.000000, 1.000000, 1.000000
X 1.000000, 0.000000, 0.000000
Y 0.000000, 1.000000, 0.000000
Z 0.000000, 0.000000, 1.000000

PART 47
OFFSET 9.397035, -2.664780, -2.625238
SCALE 1.000000, 1.000000, 1.000000
X 1.000000, 0.000000, 0.000000
Y 0.000000, 1.000000, 0.000000
Z 0.000000, 0.000000, 1.000000

PART 48
OFFSET 19.392925, -1.431385, -5.760060
SCALE 1.000000, 1.000000, 1.000000
X 0.496501, -0.860200, 0.116372
Y -0.599400, -0.242782, 0.762742
Z -0.627858, -0.448456, -0.636146

PART 49
OFFSET 19.158997, -2.279557, -6.428070
SCALE 1.000000, 1.000000, 1.000000
X 0.172179, -0.799531, 0.575416
Y -0.740198, 0.280419, 0.611124
Z -0.649970, -0.531145, -0.543529

PART 50
OFFSET 16.157924, -2.385250, -7.020731
SCALE 1.000000, 1.000000, 1.000000
X 0.519208, -0.813004, 0.263529
Y -0.584901, -0.113194, 0.803168
Z -0.623148, -0.571149, -0.534298

PART 51
OFFSET 16.457969, -1.880772, -6.614482
SCALE 1.000000, 1.000000, 1.000000
X 0.800388, -0.594670, 0.075807
Y -0.488230, -0.573239, 0.658049
Z -0.347867, -0.563706, -0.749149

PART 52
OFFSET 15.887930, -1.030088, -5.460042
SCALE 1.000000, 1.000000, 1.000000
X 0.932503, 0.052256, 0.357362
Y -0.100952, 0.987750, 0.118990
Z -0.346766, -0.147035, 0.926355

PART 53
OFFSET 18.452829, -1.290335, -4.629906
SCALE 1.000000, 1.000000, 1.000000
X 0.826499, -0.540303, 0.158025
Y 0.516201, 0.615417, -0.595649
Z 0.224580, 0.573876, 0.787547

PART 54
OFFSET 17.682617, -3.351811, -5.520954
SCALE 1.000000, 1.000000, 1.000000
X -0.418522, -0.564485, -0.711474
Y 0.242903, 0.685274, -0.686584
Z 0.875121, -0.460170, -0.149687

PART 55
OFFSET 7.931612, -4.140242, -6.122290
SCALE 1.000000, 1.000000, 1.000000
X -0.986948, -0.015180, -0.160322
Y -0.001592, -0.994579, 0.103969
Z -0.161031, 0.102868, 0.981574

PART 56
OFFSET 8.123243, -4.173182, -7.209822
SCALE 1.000000, 1.000000, 1.000000
X -0.262599, -0.940648, 0.214997
Y 0.957012, -0.282344, -0.066401
Z 0.123163, 0.188318, 0.974355

PART 57
OFFSET 5.489689, -4.337993, -8.760922
SCALE 1.000000, 1.000000, 1.000000
X -0.941601, -0.056875, 0.331894
Y 0.146076, -0.957054, 0.250418
Z 0.303398, 0.284276, 0.909471

PART 58
OFFSET 5.522489, -4.324863, -8.047911
SCALE 1.000000, 1.000000, 1.000000
X -0.995414, -0.086346, 0.041165
Y 0.094045, -0.962051, 0.256152
Z 0.017485, 0.258849, 0.965760

PART 59
OFFSET 4.513223, -3.829924, -6.990756
SCALE 1.000000, 1.000000, 1.000000
X -0.498646, -0.678305, -0.539679
Y 0.578219, 0.203544, -0.790084
Z 0.645767, -0.706025, 0.290713

PART 60
OFFSET 6.835742, -3.192401, -5.747561
SCALE 1.000000, 1.000000, 1.000000
X -0.929032, -0.369952, -0.005927
Y -0.349572, 0.882879, -0.313568
Z 0.121238, -0.289242, -0.949547

PART 61
OFFSET 20.267096, -2.945906, -5.555169
SCALE 1.000000, 1.000000, 1.000000
X -0.322740, -0.643481, 0.694097
Y -0.734536, 0.632766, 0.245079
Z -0.596905, -0.430742, -0.676879

PART 62
OFFSET 19.495363, -3.841507, -5.303948
SCALE 1.000000, 1.000000, 1.000000
X -0.583892, -0.112903, 0.803942
Y 0.789130, -0.311480, 0.529390
Z 0.190642, 0.943522, 0.270966

PART 63
OFFSET 17.343551, -4.142626, -6.252312
SCALE 1.000000, 1.000000, 1.000000
X -0.278393, -0.001144, 0.960467
Y -0.464039, 0.875703, -0.133460
Z -0.840931, -0.482848, -0.244320

PART 64
OFFSET 18.494370, -3.495242, -6.543523
SCALE 1.000000, 1.000000, 1.000000
X -0.166691, -0.624885, 0.762714
Y -0.564206, 0.694831, 0.445962
Z -0.808632, -0.355990, -0.468386

PART 65
OFFSET 17.870886, -0.826920, -4.625457
SCALE 1.000000, 1.000000, 1.000000
X 0.972482, -0.184962, 0.141660
Y 0.114378, 0.908756, 0.401347
Z -0.202969, -0.374100, 0.904905

PART 66
OFFSET 9.669297, -4.113516, -5.840017
SCALE 1.000000, 1.000000, 1.000000
X -0.366316, -0.926136, 0.089916
Y 0.917292, -0.343212, 0.201943
Z -0.156167, 0.156455, 0.975261

PART 67
OFFSET 8.636249, -2.335556, -7.629836
SCALE 1.000000, 1.000000, 1.000000
X 0.828788, -0.559561, -0.000986
Y 0.539124, 0.798987, -0.266394
Z 0.149852, 0.220253, 0.963864

PART 68
OFFSET 7.631600, -4.051426, -9.404848
SCALE 1.000000, 1.000000, 1.000000
X -0.298728, -0.942528, 0.149678
Y 0.867920, -0.333532, -0.368063
Z 0.396832, 0.019958, 0.917674

PART 69
OFFSET 8.105437, -4.160423, -8.292568
SCALE 1.000000, 1.000000, 1.000000
X -0.285629, -0.938836, 0.192361
Y 0.899160, -0.331979, -0.285133
Z 0.331553, 0.091521, 0.938987

PART 70
OFFSET 5.495638, -2.347207, -5.763465
SCALE 1.000000, 1.000000, 1.000000
X -0.902821, -0.348361, 0.252109
Y -0.060988, -0.476621, -0.876991
Z 0.425670, -0.807141, 0.409058

PART 71
OFFSET 19.910996, -3.702021, -4.670248
SCALE 1.000000, 1.000000, 1.000000
X -0.724082, 0.068148, 0.686339
Y -0.274488, 0.884435, -0.377400
Z -0.632741, -0.461660, -0.621698

PART 72
OFFSET 18.642513, -4.006416, -4.129685
SCALE 1.000000, 1.000000, 1.000000
X -0.734513, 0.468667, 0.490757
Y 0.056331, 0.762810, -0.644164
Z -0.676253, -0.445502, -0.586694

PART 73
OFFSET 16.949402, -4.144245, -4.892482
SCALE 1.000000, 1.000000, 1.000000
X -0.412454, 0.372528, 0.831327
Y -0.346973, 0.779539, -0.521468
Z -0.842313, -0.503530, -0.192267

PART 74
OFFSET 18.210578, -4.559112, -5.245000
SCALE 1.000000, 1.000000, 1.000000
X -0.570033, 0.308093, 0.761670
Y -0.148982, 0.872906, -0.464585
Z -0.808002, -0.378304, -0.451685

PART 75
OFFSET 19.411262, -1.221593, -4.319389
SCALE 1.000000, 1.000000, 1.000000
X 0.934106, 0.064074, 0.351200
Y -0.159410, 0.955101, 0.249742
Z -0.319429, -0.289270, 0.902379

PART 76
OFFSET 10.105139, -2.978110, -5.890078
SCALE 1.000000, 1.000000, 1.000000
X 0.049012, -0.994407, 0.093560
Y 0.985447, 0.063409, 0.157716
Z -0.162767, 0.084468, 0.983042

PART 77
OFFSET 7.425716, -1.518258, -7.628396
SCALE 1.000000, 1.000000, 1.000000
X 0.885098, 0.387103, -0.258364
Y -0.438541, 0.879568, -0.184502
Z 0.155828, 0.276606, 0.948265

PART 78
OFFSET 8.054526, -2.717034, -9.616756
SCALE 1.000000, 1.000000, 1.000000
X 0.606451, -0.754902, -0.249680
Y 0.708991, 0.655552, -0.259969
Z 0.359929, -0.019362, 0.932779

PART 79
OFFSET 8.591715, -2.562070, -8.620060
SCALE 1.000000, 1.000000, 1.000000
X 0.804317, -0.548424, -0.228704
Y 0.503012, 0.833320, -0.229253
Z 0.316311, 0.069351, 0.946117

PART 80
OFFSET 6.901795, -1.722863, -6.268575
SCALE 1.000000, 1.000000, 1.000000
X -0.533533, -0.021455, 0.845507
Y -0.655782, -0.620825, -0.429566
Z 0.534128, -0.783656, 0.317161

PART 81
OFFSET 19.093128, -3.625046, -3.895012
SCALE 1.000000, 1.000000, 1.000000
X 0.305807, -0.950363, -0.057383
Y 0.686795, 0.261935, -0.678014
Z 0.659390, 0.167931, 0.732806

PART 82
OFFSET 17.805789, -3.479296, -3.577569
SCALE 1.000000, 1.000000, 1.000000
X 0.570554, -0.818026, 0.072815
Y 0.464221, 0.248100, -0.850262
Z 0.677471, 0.518923, 0.521299

PART 83
OFFSET 16.583709, -3.813951, -4.155404
SCALE 1.000000, 1.000000, 1.000000
X -0.452979, 0.466403, 0.759788
Y -0.235541, 0.759346, -0.606559
Z -0.859843, -0.453720, -0.234111

PART 84
OFFSET 17.420543, -4.132112, -4.189367
SCALE 1.000000, 1.000000, 1.000000
X -0.589245, 0.609514, 0.530362
Y 0.076203, 0.695424, -0.714548
Z -0.804353, -0.380628, -0.456222

PART 85
OFFSET 20.404088, -1.149295, -3.894028
SCALE 1.000000, 1.000000, 1.000000
X 0.861867, 0.429943, -0.268951
Y -0.249077, -0.103093, -0.962981
Z -0.441754, 0.896951, 0.018236

PART 86
OFFSET 10.049781, -1.854944, -5.995752
SCALE 1.000000, 1.000000, 1.000000
X -0.951312, 0.290278, 0.103655
Y 0.270205, 0.947191, -0.172683
Z -0.148307, -0.136267, -0.979508

PART 87
OFFSET 6.421863, -1.958064, -7.342593
SCALE 1.000000, 1.000000, 1.000000
X -0.408690, -0.876538, 0.254270
Y -0.891306, 0.443252, 0.095407
Z -0.196333, -0.187641, -0.962416

PART 88
OFFSET 7.516826, -2.047714, -9.395382
SCALE 1.000000, 1.000000, 1.000000
X 0.911454, 0.086782, -0.402145
Y -0.091991, 0.995739, 0.006384
Z 0.400985, 0.031175, 0.915554

PART 89
OFFSET 7.477020, -1.802015, -8.303101
SCALE 1.000000, 1.000000, 1.000000
X 0.892567, 0.320209, -0.317476
Y -0.326435, 0.944573, 0.034948
Z 0.311070, 0.072442, 0.947622

PART 90
OFFSET 7.465437, -1.653240, -7.190113
SCALE 1.000000, 1.000000, 1.000000
X -0.872031, 0.359750, 0.331876
Y 0.098734, 0.793414, -0.600621
Z -0.479388, -0.490993, -0.727401

PART 91
OFFSET 16.153368, -3.370858, -3.433588
SCALE 1.000000, 1.000000, 1.000000
X 0.618957, -0.767579, -0.166478
Y 0.005137, 0.215911, -0.976399
Z 0.785408, 0.603494, 0.137583

PART 92
OFFSET 16.781493, -3.471078, -3.614177
SCALE 1.000000, 1.000000, 1.000000
X 0.401146, -0.914757, -0.047979
Y 0.435065, 0.236357, -0.868823
Z 0.806102, 0.327651, 0.492792

PART 93
OFFSET 6.650898, -2.130161, -9.013324
SCALE 1.000000, 1.000000, 1.000000
X -0.697397, -0.696032, 0.170812
Y -0.605502, 0.699732, 0.379134
Z -0.383412, 0.160980, -0.909440

PART 94
OFFSET 6.508985, -2.149298, -7.958782
SCALE 1.000000, 1.000000, 1.000000
X -0.529518, -0.798245, 0.287080
Y -0.791965, 0.586453, 0.169895
Z -0.303977, -0.137395, -0.942720

FRAME 1
PART 0
OFFSET 0.000000, 0.000000, 0.000000
SCALE 1.000000, 1.000000, 1.000000
X 1.000000, 0.000000, 0.000000
Y 0.000000, 1.000000, 0.000000
Z 0.000000, 0.000000, 1.000000

PART 1
OFFSET 0.000000, 0.000000, 0.000000
SCALE 1.000000, 1.000000, 1.000000
X 1.000000, 0.000000, 0.000000
Y 0.000000, 1.000000, 0.000000
Z 0.000000, 0.000000, 1.000000

PART 2
OFFSET 0.000000, 0.000000, 0.000000
SCALE 1.000000, 1.000000, 1.000000
X 1.000000, 0.000000, 0.000000
Y 0.000000, 1.000000, 0.000000
Z 0.000000, 0.000000, 1.000000

PART 3
OFFSET -4.631938, 0.000000, -1.376737
SCALE 1.000000, 1.000000, 1.000000
X 1.000000, 0.000000, 0.000000
Y 0.000000, 1.000000, 0.000000
Z 0.000000, 0.000000, 1.000000

PART 4
OFFSET 0.000000, 0.000000, 0.000000
SCALE 1.000000, 1.000000, 1.000000
X 0.999997, 0.000571, -0.002258
Y -0.000568, 0.999999, 0.001527
Z 0.002259, -0.001525, 0.999996

PART 5
OFFSET -3.506498, 6.340839, -6.893600
SCALE 1.000000, 1.000000, 1.000000
X 0.868648, -0.203865, -0.451542
Y -0.127659, -0.972740, 0.193597
Z -0.478700, -0.110525, -0.870994

PART 6
OFFSET -12.853742, -4.812700, -5.406603
SCALE 1.000000, 1.000000, 1.000000
X -0.701367, 0.538751, 0.466724
Y -0.237174, -0.793852, 0.559953
Z 0.672185, 0.282038, 0.684560

PART 7
OFFSET 8.277572, -2.664780, -4.644484
SCALE 1.000000, 1.000000, 1.000000
X 0.999931, -0.000418, 0.011719
Y 0.000437, 0.999999, -0.001584
Z -0.011719, 0.001589, 0.999930

PART 8
OFFSET 10.527864, 0.000000, -8.129457
SCALE 1.000000, 1.000000, 1.000000
X 1.000000, 0.000000, 0.000000
Y 0.000000, 1.000000, 0.000000
Z 0.000000, 0.000000, 1.000000

PART 9
OFFSET 1.549788, -0.005428, 4.132285
SCALE 1.000000, 1.000000, 1.000000
X 0.999997, 0.000571, -0.002258
Y -0.000568, 0.999999, 0.001527
Z 0.002259, -0.001525, 0.999996

PART 10
OFFSET -4.634944, -0.000546, -1.366525
SCALE 1.000000, 1.000000, 1.000000
X 0.999997, 0.000571, -0.002258
Y -0.000568, 0.999999, 0.001527
Z 0.002259, -0.001525, 0.999996

PART 11
OFFSET 6.998858, 3.875313, -12.354505
SCALE 1.000000, 1.000000, 1.000000
X 0.736627, -0.448913, 0.505825
Y -0.576336, -0.025342, 0.816820
Z -0.353862, -0.893216, -0.277392

PART 12
OFFSET -4.371413, -11.328197, -11.051216
SCALE 1.000000, 1.000000, 1.000000
X -0.763179, -0.592663, -0.257504
Y 0.631161, -0.598251, -0.493692
Z 0.138541, -0.539302, 0.830638

PART 13
OFFSET 8.277572, -2.664780, -4.644484
SCALE 1.000000, 1.000000, 1.000000
X 0.999931, -0.000418, 0.011719
Y 0.000437, 0.999999, -0.001584
Z -0.011719, 0.001589, 0.999930

PART 14
OFFSET 15.375191, 1.037802, -7.495047
SCALE 1.000000, 1.000000, 1.000000
X 0.741026, -0.446360, 0.501640
Y 0.360043, 0.894724, 0.264268
Z -0.566788, -0.015218, 0.823723

PART 15
OFFSET 14.477365, -1.019139, -8.768130
SCALE 1.000000, 1.000000, 1.000000
X 0.741026, -0.446360, 0.501640
Y 0.360043, 0.894724, 0.264268
Z -0.566788, -0.015218, 0.823723

PART 16
OFFSET 14.339727, 0.407248, -5.511554
SCALE 1.000000, 1.000000, 1.000000
X 0.741026, -0.446360, 0.501640
Y 0.360043, 0.894724, 0.264268
Z -0.566788, -0.015218, 0.823723

PART 17
OFFSET 13.728608, -0.946704, -6.021132
SCALE 1.000000, 1.000000, 1.000000
X 0.741026, -0.446360, 0.501640
Y 0.360043, 0.894724, 0.264268
Z -0.566788, -0.015218, 0.823723

PART 18
OFFSET 13.350416, -1.787656, -6.970925
SCALE 1.000000, 1.000000, 1.000000
X 0.741026, -0.446360, 0.501640
Y 0.360043, 0.894724, 0.264268
Z -0.566788, -0.015218, 0.823723

PART 19
OFFSET 15.522490, -1.319131, -6.501522
SCALE 1.000000, 1.000000, 1.000000
X 0.965217, -0.229888, 0.124530
Y 0.072274, 0.692353, 0.717930
Z -0.251262, -0.683958, 0.684885

PART 20
OFFSET 13.264214, 0.057100, -8.052228
SCALE 1.000000, 1.000000, 1.000000
X 0.736639, -0.448922, 0.505798
Y -0.185172, 0.585438, 0.789287
Z -0.650442, -0.675079, 0.348129

PART 21
OFFSET 2.861626, -4.865236, -6.879339
SCALE 1.000000, 1.000000, 1.000000
X -0.767257, -0.587660, -0.256851
Y -0.145424, 0.549474, -0.822758
Z 0.624634, -0.593915, -0.507048

PART 22
OFFSET 2.486974, -4.018773, -8.099332
SCALE 1.000000, 1.000000, 1.000000
X -0.767257, -0.587660, -0.256851
Y -0.145424, 0.549474, -0.822758
Z 0.624634, -0.593915, -0.507048

PART 23
OFFSET 2.645894, -4.365713, -9.260125
SCALE 1.000000, 1.000000, 1.000000
X -0.767257, -0.587660, -0.256851
Y -0.145424, 0.549474, -0.822758
Z 0.624634, -0.593915, -0.507048

PART 24
OFFSET 4.459384, -4.470460, -8.071620
SCALE 1.000000, 1.000000, 1.000000
X -0.951504, -0.141736, -0.273042
Y 0.295927, -0.179147, -0.938261
Z 0.084071, -0.973559, 0.212403

PART 25
OFFSET 2.119734, -6.287364, -8.861041
SCALE 1.000000, 1.000000, 1.000000
X -0.763179, -0.592663, -0.257504
Y 0.489357, -0.269837, -0.829287
Z 0.422003, -0.758906, 0.495958

PART 26
OFFSET 13.150179, -2.667744, -5.415445
SCALE 1.000000, 1.000000, 1.000000
X 0.999931, -0.000418, 0.011719
Y 0.000437, 0.999999, -0.001584
Z -0.011719, 0.001589, 0.999930

PART 27
OFFSET -34.525887, -9.871618, -35.942255
SCALE 1.000000, 1.000000, 1.000000
X 0.348137, -0.861672, -0.369219
Y 0.385460, 0.490599, -0.781494
Z 0.854530, 0.129748, 0.502935

PART 28
OFFSET 8.555879, -1.818303, -4.708691
SCALE 1.000000, 1.000000, 1.000000
X 0.999931, -0.000418, 0.011719
Y 0.000437, 0.999999, -0.001584
Z -0.011719, 0.001589, 0.999930

PART 29
OFFSET 13.150179, -2.667744, -5.415445
SCALE 1.000000, 1.000000, 1.000000
X 0.999931, -0.000418, 0.011719
Y 0.000437, 0.999999, -0.001584
Z -0.011719, 0.001589, 0.999930

PART 30
OFFSET -34.525887, -9.871618, -35.942255
SCALE 1.000000, 1.000000, 1.000000
X 0.348137, -0.861672, -0.369219
Y 0.385460, 0.490599, -0.781494
Z 0.854530, 0.129748, 0.502935

PART 31
OFFSET 11.225014, -2.669070, -6.540061
SCALE 1.000000, 1.000000, 1.000000
X 0.999931, -0.000418, 0.011719
Y 0.000437, 0.999999, -0.001584
Z -0.011719, 0.001589, 0.999930

PART 32
OFFSET 18.251629, -2.345026, -3.060599
SCALE 1.000000, 1.000000, 1.000000
X 0.999931, -0.000418, 0.011719
Y 0.000437, 0.999999, -0.001584
Z -0.011719, 0.001589, 0.999930

PART 33
OFFSET 8.261595, -2.661610, -2.648483
SCALE 1.000000, 1.000000, 1.000000
X 0.999931, -0.000418, 0.011719
Y 0.000437, 0.999999, -0.001584
Z -0.011719, 0.001589, 0.999930

PART 34
OFFSET 17.183478, -2.666239, -3.111490
SCALE 1.000000, 1.000000, 1.000000
X -0.006810, -0.834914, 0.550338
Y 0.999931, -0.000429, 0.011723
Z -0.009551, 0.550380, 0.834860

PART 35
OFFSET 13.756358, -2.653269, -5.344613
SCALE 1.000000, 1.000000, 1.000000
X 0.999931, -0.000418, 0.011719
Y 0.000437, 0.999999, -0.001584
Z -0.011719, 0.001589, 0.999930

PART 36
OFFSET 10.320511, -2.662413, -2.587590
SCALE 1.000000, 1.000000, 1.000000
X 0.999931, -0.000418, 0.011719
Y 0.000437, 0.999999, -0.001584
Z -0.011719, 0.001589, 0.999930

PART 37
OFFSET 9.863854, -2.661855, -2.361353
SCALE 1.000000, 1.000000, 1.000000
X 0.999931, -0.000418, 0.011719
Y 0.000437, 0.999999, -0.001584
Z -0.011719, 0.001589, 0.999930

PART 38
OFFSET 35.078870, -2.675226, -3.853291
SCALE 1.000000, 1.000000, 1.000000
X 0.999931, -0.000418, 0.011719
Y 0.000437, 0.999999, -0.001584
Z -0.011719, 0.001589, 0.999930

PART 39
OFFSET 21.274819, -2.671103, -5.054205
SCALE 1.000000, 1.000000, 1.000000
X 0.999931, -0.000418, 0.011719
Y 0.000437, 0.999999, -0.001584
Z -0.011719, 0.001589, 0.999930

PART 40
OFFSET 16.048945, -2.673453, -7.977424
SCALE 1.000000, 1.000000, 1.000000
X 0.999931, -0.000418, 0.011719
Y 0.000437, 0.999999, -0.001584
Z -0.011719, 0.001589, 0.999930

PART 41
OFFSET 23.621097, -2.673709, -6.052457
SCALE 1.000000, 1.000000, 1.000000
X 0.999931, -0.000418, 0.011719
Y 0.000437, 0.999999, -0.001584
Z -0.011719, 0.001589, 0.999930

PART 42
OFFSET 9.292968, -2.662134, -2.694670
SCALE 1.000000, 1.000000, 1.000000
X 0.999931, -0.000418, 0.011719
Y 0.000437, 0.999999, -0.001584
Z -0.011719, 0.001589, 0.999930

PART 43
OFFSET 16.631863, -2.664684, -2.282031
SCALE 1.000000, 1.000000, 1.000000
X 0.999931, -0.000418, 0.011719
Y 0.000437, 0.999999, -0.001584
Z -0.011719, 0.001589, 0.999930

PART 44
OFFSET 35.078870, -2.675226, -3.853291
SCALE 1.000000, 1.000000, 1.000000
X 0.999931, -0.000418, 0.011719
Y 0.000437, 0.999999, -0.001584
Z -0.011719, 0.001589, 0.999930

PART 45
OFFSET 9.046389, -2.662168, -2.784396
SCALE 1.000000, 1.000000, 1.000000
X 0.999931, -0.000418, 0.011719
Y 0.000437, 0.999999, -0.001584
Z -0.011719, 0.001589, 0.999930

PART 46
OFFSET 10.295214, -2.662748, -2.806318
SCALE 1.000000, 1.000000, 1.000000
X 0.999931, -0.000418, 0.011719
Y 0.000437, 0.999999, -0.001584
Z -0.011719, 0.001589, 0.999930

PART 47
OFFSET 9.397629, -2.662214, -2.716435
SCALE 1.000000, 1.000000, 1.000000
X 0.999931, -0.000418, 0.011719
Y 0.000437, 0.999999, -0.001584
Z -0.011719, 0.001589, 0.999930

PART 48
OFFSET 19.431371, -1.438523, -5.729330
SCALE 1.000000, 1.000000, 1.000000
X 0.494033, -0.861417, 0.117866
Y -0.606591, -0.244374, 0.756524
Z -0.622879, -0.445245, -0.643257

PART 49
OFFSET 19.204981, -2.287768, -6.398573
SCALE 1.000000, 1.000000, 1.000000
X 0.165207, -0.802582, 0.573209
Y -0.746495, 0.278075, 0.604499
Z -0.644556, -0.527765, -0.553184

PART 50
OFFSET 16.211073, -2.393247, -7.026467
SCALE 1.000000, 1.000000, 1.000000
X 0.515704, -0.812760, 0.271053
Y -0.594390, -0.111548, 0.796403
Z -0.617050, -0.571820, -0.540622

PART 51
OFFSET 16.506519, -1.888183, -6.617585
SCALE 1.000000, 1.000000, 1.000000
X 0.799057, -0.595070, 0.086016
Y -0.496214, -0.571890, 0.653234
Z -0.339528, -0.564653, -0.752255

PART 52
OFFSET 15.923252, -1.035237, -5.471450
SCALE 1.000000, 1.000000, 1.000000
X 0.928234, 0.052487, 0.368276
Y -0.101913, 0.988000, 0.116060
Z -0.357765, -0.145263, 0.922444

PART 53
OFFSET 18.478050, -1.295099, -4.610611
SCALE 1.000000, 1.000000, 1.000000
X 0.824337, -0.540370, 0.168725
Y 0.523473, 0.614156, -0.590583
Z 0.215510, 0.575162, 0.789141

PART 54
OFFSET 17.717517, -3.357813, -5.507092
SCALE 1.000000, 1.000000, 1.000000
X -0.410334, -0.565557, -0.715382
Y 0.251298, 0.683967, -0.684863
Z 0.876627, -0.460797, -0.138532

PART 55
OFFSET 7.974985, -4.144902, -6.221132
SCALE 1.000000, 1.000000, 1.000000
X -0.984379, -0.014981, -0.175424
Y -0.003655, -0.994420, 0.105434
Z -0.176025, 0.104428, 0.978831

PART 56
OFFSET 8.179481, -4.179723, -7.306261
SCALE 1.000000, 1.000000, 1.000000
X -0.265669, -0.940150, 0.213397
Y 0.957571, -0.282982, -0.054588
Z 0.111708, 0.189840, 0.975439

PART 57
OFFSET 5.564413, -4.345608, -8.888215
SCALE 1.000000, 1.000000, 1.000000
X -0.945503, -0.055812, 0.320796
Y 0.142548, -0.956725, 0.253689
Z 0.292754, 0.285592, 0.912542

PART 58
OFFSET 5.588762, -4.331332, -8.174887
SCALE 1.000000, 1.000000, 1.000000
X -0.995882, -0.085728, 0.029497
Y 0.090449, -0.961683, 0.258813
Z 0.006179, 0.260415, 0.965477

PART 59
OFFSET 4.567314, -3.834110, -7.130582
SCALE 1.000000, 1.000000, 1.000000
X -0.492599, -0.678909, -0.544452
Y 0.587665, 0.201934, -0.783500
Z 0.641869, -0.705907, 0.299499

PART 60
OFFSET 6.875292, -3.195844, -5.860968
SCALE 1.000000, 1.000000, 1.000000
X -0.929108, -0.369446, -0.016344
Y -0.345323, 0.882559, -0.319126
Z 0.132324, -0.290859, -0.947571

PART 61
OFFSET 20.301196, -2.955186, -5.521808
SCALE 1.000000, 1.000000, 1.000000
X -0.329005, -0.646191, 0.688617
Y -0.736205, 0.632199, 0.241507
Z -0.591403, -0.427506, -0.683726

PART 62
OFFSET 19.527726, -3.855677, -5.278763
SCALE 1.000000, 1.000000, 1.000000
X -0.591573, -0.118179, 0.797543
Y 0.784064, -0.314793, 0.534929
Z 0.187844, 0.941774, 0.278883

PART 63
OFFSET 17.386776, -4.149776, -6.241051
SCALE 1.000000, 1.000000, 1.000000
X -0.278053, 0.028219, 0.960151
Y -0.451040, 0.878686, -0.156442
Z -0.848086, -0.476566, -0.231593

PART 64
OFFSET 18.540882, -3.503861, -6.520486
SCALE 1.000000, 1.000000, 1.000000
X -0.175958, -0.623541, 0.761732
Y -0.568854, 0.695932, 0.438274
Z -0.803395, -0.356196, -0.477159

PART 65
OFFSET 17.896287, -0.831448, -4.613822
SCALE 1.000000, 1.000000, 1.000000
X 0.971002, -0.182139, 0.154855
Y 0.106815, 0.910016, 0.400576
Z -0.213881, -0.372420, 0.903083

PART 66
OFFSET 9.708147, -4.118525, -5.912269
SCALE 1.000000, 1.000000, 1.000000
X -0.396650, -0.914577, 0.078849
Y 0.901870, -0.372237, 0.219248
Z -0.171169, 0.158076, 0.972478

PART 67
OFFSET 8.698485, -2.343070, -7.723147
SCALE 1.000000, 1.000000, 1.000000
X 0.828421, -0.560021, 0.009753
Y 0.542702, 0.798252, -0.261280
Z 0.138537, 0.221743, 0.965214

PART 68
OFFSET 7.713973, -4.061278, -9.507157
SCALE 1.000000, 1.000000, 1.000000
X -0.301022, -0.942116, 0.147657
Y 0.872033, -0.334613, -0.357201
Z 0.385933, 0.021237, 0.922282

PART 69
OFFSET 8.174524, -4.168722, -8.389160
SCALE 1.000000, 1.000000, 1.000000
X -0.288428, -0.938363, 0.190486
Y 0.902288, -0.332942, -0.273909
Z 0.320447, 0.092871, 0.942703

PART 70
OFFSET 5.535956, -2.349935, -5.894139
SCALE 1.000000, 1.000000, 1.000000
X -0.905946, -0.347449, 0.241950
Y -0.050857, -0.478018, -0.876876
Z 0.420327, -0.806708, 0.415389

PART 71
OFFSET 19.937146, -3.714792, -4.643134
SCALE 1.000000, 1.000000, 1.000000
X -0.703476, -0.011753, 0.710622
Y -0.333330, 0.888532, -0.315282
Z -0.627705, -0.458665, -0.628978

PART 72
OFFSET 18.663656, -4.028292, -4.113846
SCALE 1.000000, 1.000000, 1.000000
X -0.739391, 0.463616, 0.488222
Y 0.060699, 0.768093, -0.637455
Z -0.670534, -0.441694, -0.596062

PART 73
OFFSET 16.993108, -4.109824, -4.881668
SCALE 1.000000, 1.000000, 1.000000
X -0.416194, 0.422482, 0.805166
Y -0.323579, 0.758718, -0.565370
Z -0.849752, -0.495839, -0.179067

PART 74
OFFSET 18.241313, -4.565441, -5.223635
SCALE 1.000000, 1.000000, 1.000000
X -0.578594, 0.309715, 0.754524
Y -0.142973, 0.872259, -0.467679
Z -0.802987, -0.378472, -0.460402

PART 75
OFFSET 19.433504, -1.221448, -4.286611
SCALE 1.000000, 1.000000, 1.000000
X 0.928607, 0.071037, 0.364202
Y -0.168718, 0.955010, 0.243906
Z -0.330490, -0.287940, 0.898814

PART 76
OFFSET 10.179954, -2.997073, -5.949045
SCALE 1.000000, 1.000000, 1.000000
X 0.004823, -0.996047, 0.088695
Y 0.983641, 0.020697, 0.178945
Z -0.180074, 0.086381, 0.979853

PART 77
OFFSET 7.488488, -1.525100, -7.737393
SCALE 1.000000, 1.000000, 1.000000
X 0.888322, 0.386190, -0.248478
Y -0.435818, 0.879509, -0.191120
Z 0.144730, 0.278067, 0.949596

PART 78
OFFSET 8.140147, -2.727469, -9.716204
SCALE 1.000000, 1.000000, 1.000000
X 0.608937, -0.755644, -0.241242
Y 0.712399, 0.654734, -0.252608
Z 0.348831, -0.018039, 0.937012

PART 79
OFFSET 8.665567, -2.571175, -8.713460
SCALE 1.000000, 1.000000, 1.000000
X 0.806658, -0.549242, -0.218257
Y 0.506173, 0.832666, -0.224626
Z 0.305109, 0.070720, 0.949688

PART 80
OFFSET 6.948361, -1.727196, -6.383551
SCALE 1.000000, 1.000000, 1.000000
X -0.543535, -0.019780, 0.839154
Y -0.650997, -0.621162, -0.436304
Z 0.529880, -0.783432, 0.324747

PART 81
OFFSET 19.142554, -3.728067, -3.840470
SCALE 1.000000, 1.000000, 1.000000
X 0.353636, -0.927206, -0.123415
Y 0.649056, 0.338248, -0.681406
Z 0.673549, 0.160866, 0.721425

PART 82
OFFSET 17.821444, -3.506869, -3.564673
SCALE 1.000000, 1.000000, 1.000000
X 0.571138, -0.817771, 0.071074
Y 0.471113, 0.255656, -0.844211
Z 0.672201, 0.515645, 0.531277

PART 83
OFFSET 16.624099, -3.735239, -4.167785
SCALE 1.000000, 1.000000, 1.000000
X -0.459689, 0.534475, 0.709240
Y -0.198188, 0.716742, -0.668583
Z -0.865683, -0.447903, -0.223552

PART 84
OFFSET 17.439414, -4.136193, -4.177906
SCALE 1.000000, 1.000000, 1.000000
X -0.594896, 0.610794, 0.522522
Y 0.084983, 0.694213, -0.714735
Z -0.799298, -0.380787, -0.464892

PART 85
OFFSET 20.419718, -1.141561, -3.847451
SCALE 1.000000, 1.000000, 1.000000
X 0.862995, 0.434211, -0.258266
Y -0.234714, -0.108098, -0.966035
Z -0.447381, 0.894302, 0.008628

PART 86
OFFSET 10.174507, -1.872054, -6.049225
SCALE 1.000000, 1.000000, 1.000000
X -0.940163, 0.329907, 0.085178
Y 0.313729, 0.935710, -0.161311
Z -0.132919, -0.124936, -0.983221

PART 87
OFFSET 6.481065, -1.963883, -7.462801
SCALE 1.000000, 1.000000, 1.000000
X -0.412179, -0.875895, 0.250830
Y -0.892120, 0.443900, 0.084109
Z -0.185014, -0.189103, -0.964370

PART 88
OFFSET 7.600243, -2.057490, -9.502311
SCALE 1.000000, 1.000000, 1.000000
X 0.916209, 0.085621, -0.391447
Y -0.091489, 0.995799, 0.003674
Z 0.390117, 0.032447, 0.920193

PART 89
OFFSET 7.547627, -1.809986, -8.410980
SCALE 1.000000, 1.000000, 1.000000
X 0.896452, 0.319196, -0.307388
Y -0.326286, 0.944810, 0.029538
Z 0.299852, 0.073817, 0.951126

PART 90
OFFSET 7.522932, -1.659389, -7.298451
SCALE 1.000000, 1.000000, 1.000000
X -0.875699, 0.360774, 0.320925
Y 0.106304, 0.792378, -0.600697
Z -0.471010, -0.491914, -0.732237

PART 91
OFFSET 16.187384, -3.227476, -3.493991
SCALE 1.000000, 1.000000, 1.000000
X 0.601490, -0.793747, -0.090417
Y 0.036919, 0.140677, -0.989367
Z 0.798027, 0.591756, 0.113920

PART 92
OFFSET 16.794234, -3.473771, -3.611218
SCALE 1.000000, 1.000000, 1.000000
X 0.401001, -0.915121, -0.041859
Y 0.445268, 0.234640, -0.864107
Z 0.800584, 0.327869, 0.501565

PART 93
OFFSET 6.729798, -2.138835, -9.130416
SCALE 1.000000, 1.000000, 1.000000
X -0.699772, -0.695366, 0.163660
Y -0.609555, 0.700685, 0.370788
Z -0.372508, 0.159708, -0.914183

PART 94
OFFSET 6.575378, -2.156171, -8.077602
SCALE 1.000000, 1.000000, 1.000000
X -0.533343, -0.797482, 0.282077
Y -0.793588, 0.587168, 0.159537
Z -0.292854, -0.138765, -0.946034

FRAME 2
PART 0
OFFSET 0.000000, 0.000000, 0.000000
SCALE 1.000000, 1.000000, 1.000000
X 1.000000, 0.000000, 0.000000
Y 0.000000, 1.000000, 0.000000
Z 0.000000, 0.000000, 1.000000

PART 1
OFFSET 0.000000, 0.000000, 0.000000
SCALE 1.000000, 1.000000, 1.000000
X 1.000000, 0.000000, 0.000000
Y 0.000000, 1.000000, 0.000000
Z 0.000000, 0.000000, 1.000000

PART 2
OFFSET 0.000000, 0.000000, 0.000000
SCALE 1.000000, 1.000000, 1.000000
X 1.000000, 0.000000, 0.000000
Y 0.000000, 1.000000, 0.000000
Z 0.000000, 0.000000, 1.000000

PART 3
OFFSET -4.631938, 0.000000, -1.376737
SCALE 1.000000, 1.000000, 1.000000
X 1.000000, 0.000000, 0.000000
Y 0.000000, 1.000000, 0.000000
Z 0.000000, 0.000000, 1.000000

PART 4
OFFSET 0.000000, 0.000000, 0.000000
SCALE 1.000000, 1.000000, 1.000000
X 0.999989, 0.001146, -0.004515
Y -0.001132, 0.999995, 0.003054
Z 0.004518, -0.003049, 0.999985

PART 5
OFFSET -3.506498, 6.340839, -7.323764
SCALE 1.000000, 1.000000, 1.000000
X 0.878136, -0.207063, -0.431280
Y -0.132525, -0.971489, 0.196586
Z -0.459690, -0.115474, -0.880540

PART 6
OFFSET -12.853742, -4.812700, -5.406603
SCALE 1.000000, 1.000000, 1.000000
X -0.690504, 0.489464, 0.532569
Y -0.243062, -0.850473, 0.466494
Z 0.681268, 0.192669, 0.706224

PART 7
OFFSET 8.344017, -2.664780, -4.826843
SCALE 1.000000, 1.000000, 1.000000
X 0.999798, -0.001502, 0.020021
Y 0.001550, 0.999996, -0.002365
Z -0.020018, 0.002396, 0.999797

PART 8
OFFSET 10.527864, 0.000000, -8.129457
SCALE 1.000000, 1.000000, 1.000000
X 1.000000, 0.000000, 0.000000
Y 0.000000, 1.000000, 0.000000
Z 0.000000, 0.000000, 1.000000

PART 9
OFFSET 1.559121, -0.010845, 4.128762
SCALE 1.000000, 1.000000, 1.000000
X 0.999989, 0.001146, -0.004515
Y -0.001132, 0.999995, 0.003054
Z 0.004518, -0.003049, 0.999985

PART 10
OFFSET -4.638018, -0.001110, -1.356056
SCALE 1.000000, 1.000000, 1.000000
X 0.999989, 0.001146, -0.004515
Y -0.001132, 0.999995, 0.003054
Z 0.004518, -0.003049, 0.999985

PART 11
OFFSET 7.113603, 3.836639, -12.539629
SCALE 1.000000, 1.000000, 1.000000
X 0.734044, -0.445905, 0.512199
Y -0.582964, -0.026884, 0.812053
Z -0.348329, -0.894676, -0.279681

PART 12
OFFSET -4.502797, -10.732108, -11.847535
SCALE 1.000000, 1.000000, 1.000000
X -0.782211, -0.541259, -0.308521
Y 0.607506, -0.552848, -0.570347
Z 0.138140, -0.633560, 0.761262

PART 13
OFFSET 8.344017, -2.664780, -4.826843
SCALE 1.000000, 1.000000, 1.000000
X 0.999798, -0.001502, 0.020021
Y 0.001550, 0.999996, -0.002365
Z -0.020018, 0.002396, 0.999797

PART 14
OFFSET 15.460747, 1.029408, -7.613860
SCALE 1.000000, 1.000000, 1.000000
X 0.738469, -0.443340, 0.508049
Y 0.354613, 0.896198, 0.266607
Z -0.573510, -0.016720, 0.819028

PART 15
OFFSET 14.579840, -1.028303, -8.888204
SCALE 1.000000, 1.000000, 1.000000
X 0.738469, -0.443340, 0.508049
Y 0.354613, 0.896198, 0.266607
Z -0.573510, -0.016720, 0.819028

PART 16
OFFSET 14.407124, 0.395317, -5.633327
SCALE 1.000000, 1.000000, 1.000000
X 0.738469, -0.443340, 0.508049
Y 0.354613, 0.896198, 0.266607
Z -0.573510, -0.016720, 0.819028

PART 17
OFFSET 13.808218, -0.956749, -6.147583
SCALE 1.000000, 1.000000, 1.000000
X 0.738469, -0.443340, 0.508049
Y 0.354613, 0.896198, 0.266607
Z -0.573510, -0.016720, 0.819028

PART 18
OFFSET 13.440898, -1.798782, -7.099864
SCALE 1.000000, 1.000000, 1.000000
X 0.738469, -0.443340, 0.508049
Y 0.354613, 0.896198, 0.266607
Z -0.573510, -0.016720, 0.819028

PART 19
OFFSET 15.607349, -1.323005, -6.612885
SCALE 1.000000, 1.000000, 1.000000
