// Export filename: 'K:\Juegos\Steam\steamapps\common\Call of Duty Black Ops\xanim_export\ricos\guns\ak12\ak12_sprint_out.xanim_export'
// Source filename: 'K:\01 Ricko0z\Working Gun\AK12\01 Escenas\ak12_handed.mb'
// Export time: Thu Jun 02 2016, 18:39:35

ANIMATION
VERSION 3

NUMPARTS 95
PART 0 "tag_view"
PART 1 "tag_ads"
PART 2 "tag_cambone"
PART 3 "tag_torso"
PART 4 "tag_camera"
PART 5 "j_shoulder_le"
PART 6 "j_shoulder_ri"
PART 7 "tag_weapon"
PART 8 "tag_weapon1"
PART 9 "tag_gasmask"
PART 10 "tag_gasmask2"
PART 11 "j_elbow_le"
PART 12 "j_elbow_ri"
PART 13 "j_gun"
PART 14 "j_sleave_reshape_bottom_le_1"
PART 15 "j_sleave_reshape_bottom_le_2"
PART 16 "j_sleave_reshape_top_le_1"
PART 17 "j_sleave_reshape_top_le_2"
PART 18 "j_sleave_reshape_top_le_3"
PART 19 "j_wrist_le"
PART 20 "j_wristtwist_le"
PART 21 "j_sleave_reshape_top_ri_1"
PART 22 "j_sleave_reshape_top_ri_2"
PART 23 "j_sleave_reshape_top_ri_3"
PART 24 "j_wrist_ri"
PART 25 "j_wristtwist_ri"
PART 26 "j_bullet"
PART 27 "j_bullet1"
PART 28 "j_clip"
PART 29 "j_mag"
PART 30 "j_mag1"
PART 31 "j_magrelease"
PART 32 "j_reload"
PART 33 "tag_acog_2"
PART 34 "tag_brass"
PART 35 "tag_clip"
PART 36 "tag_eclan"
PART 37 "tag_eotech"
PART 38 "tag_flash"
PART 39 "tag_folding_grip"
PART 40 "tag_grenade_launcher"
PART 41 "tag_maul"
PART 42 "tag_red_dot"
PART 43 "tag_sight_on"
PART 44 "tag_silencer"
PART 45 "tag_target_finder"
PART 46 "tag_thermal_scope"
PART 47 "tag_variable_zoom_reflex"
PART 48 "j_index_le_0"
PART 49 "j_mid_le_0"
PART 50 "j_pinkypalm_le"
PART 51 "j_ringpalm_le"
PART 52 "j_thumb_le_0"
PART 53 "j_webbing_le"
PART 54 "tag_knife_attach"
PART 55 "j_index_ri_0"
PART 56 "j_mid_ri_0"
PART 57 "j_pinkypalm_ri"
PART 58 "j_ringpalm_ri"
PART 59 "j_thumb_ri_0"
PART 60 "j_webbing_ri"
PART 61 "j_index_le_1"
PART 62 "j_mid_le_1"
PART 63 "j_pinky_le_0"
PART 64 "j_ring_le_0"
PART 65 "j_thumb_le_1"
PART 66 "j_index_ri_1"
PART 67 "j_mid_ri_1"
PART 68 "j_pinky_ri_0"
PART 69 "j_ring_ri_0"
PART 70 "j_thumb_ri_1"
PART 71 "j_index_le_2"
PART 72 "j_mid_le_2"
PART 73 "j_pinky_le_1"
PART 74 "j_ring_le_1"
PART 75 "j_thumb_le_2"
PART 76 "j_index_ri_2"
PART 77 "j_mid_ri_2"
PART 78 "j_pinky_ri_1"
PART 79 "j_ring_ri_1"
PART 80 "j_thumb_ri_2"
PART 81 "j_index_le_3"
PART 82 "j_mid_le_3"
PART 83 "j_pinky_le_2"
PART 84 "j_ring_le_2"
PART 85 "j_thumb_le_3"
PART 86 "j_index_ri_3"
PART 87 "j_mid_ri_3"
PART 88 "j_pinky_ri_2"
PART 89 "j_ring_ri_2"
PART 90 "j_thumb_ri_3"
PART 91 "j_pinky_le_3"
PART 92 "j_ring_le_3"
PART 93 "j_pinky_ri_3"
PART 94 "j_ring_ri_3"

FRAMERATE 30
NUMFRAMES 10

FRAME 0
PART 0
OFFSET 0.000000, 0.000000, 0.000000
SCALE 1.000000, 1.000000, 1.000000
X 1.000000, 0.000000, 0.000000
Y 0.000000, 1.000000, 0.000000
Z 0.000000, 0.000000, 1.000000

PART 1
OFFSET 0.000000, 0.000000, 0.000000
SCALE 1.000000, 1.000000, 1.000000
X 1.000000, 0.000000, 0.000000
Y 0.000000, 1.000000, 0.000000
Z 0.000000, 0.000000, 1.000000

PART 2
OFFSET 0.000000, 0.000000, 0.000000
SCALE 1.000000, 1.000000, 1.000000
X 1.000000, 0.000000, 0.000000
Y 0.000000, 1.000000, 0.000000
Z 0.000000, 0.000000, 1.000000

PART 3
OFFSET -4.631938, 0.000000, -1.376787
SCALE 1.000000, 1.000000, 1.000000
X 1.000000, 0.000000, 0.000000
Y 0.000000, 1.000000, 0.000000
Z 0.000000, 0.000000, 1.000000

PART 4
OFFSET 0.000000, 0.000000, 0.000000
SCALE 1.000000, 1.000000, 1.000000
X 1.000000, 0.000000, -0.000000
Y -0.000000, 1.000000, -0.000305
Z 0.000000, 0.000305, 1.000000

PART 5
OFFSET -3.506371, 6.340800, -6.712349
SCALE 1.000000, 1.000000, 1.000000
X 0.615806, 0.000550, -0.787897
Y 0.146715, -0.982589, 0.113985
Z -0.774117, -0.185789, -0.605165

PART 6
OFFSET -12.853742, -4.812700, -5.406615
SCALE 1.000000, 1.000000, 1.000000
X -0.674197, 0.579048, 0.458433
Y -0.234472, -0.756423, 0.610612
Z 0.700344, 0.304183, 0.645749

PART 7
OFFSET 6.976014, -0.568900, -5.865548
SCALE 1.000000, 1.000000, 1.000000
X 0.918843, 0.286023, -0.271878
Y -0.324695, 0.939524, -0.108938
Z 0.224278, 0.188374, 0.956146

PART 8
OFFSET 10.527864, 0.000000, -8.129507
SCALE 1.000000, 1.000000, 1.000000
X 1.000000, 0.000000, 0.000000
Y 0.000000, 1.000000, 0.000000
Z 0.000000, 0.000000, 1.000000

PART 9
OFFSET 1.540400, 0.001262, 4.135700
SCALE 1.000000, 1.000000, 1.000000
X 1.000000, 0.000000, -0.000000
Y -0.000000, 1.000000, -0.000305
Z 0.000000, 0.000305, 1.000000

PART 10
OFFSET -4.631800, -0.000420, -1.377000
SCALE 1.000000, 1.000000, 1.000000
X 1.000000, 0.000000, -0.000000
Y -0.000000, 1.000000, -0.000305
Z 0.000000, 0.000305, 1.000000

PART 11
OFFSET 3.941213, 6.347275, -16.240836
SCALE 1.000000, 1.000000, 1.000000
X 0.759816, -0.340838, 0.553633
Y -0.592154, -0.011268, 0.805746
Z -0.268390, -0.940055, -0.210391

PART 12
OFFSET -4.700139, -11.815701, -10.950764
SCALE 1.000000, 1.000000, 1.000000
X -0.687169, -0.675577, -0.267197
Y 0.709727, -0.545686, -0.445549
Z 0.155197, -0.495805, 0.854454

PART 13
OFFSET 6.976014, -0.568900, -5.865548
SCALE 1.000000, 1.000000, 1.000000
X 0.918843, 0.286023, -0.271878
Y -0.324695, 0.939524, -0.108938
Z 0.224278, 0.188374, 0.956146

PART 14
OFFSET 12.402959, 4.656508, -11.009951
SCALE 1.000000, 1.000000, 1.000000
X 0.764081, -0.338247, 0.549335
Y 0.274743, 0.941057, 0.197301
Z -0.583692, 0.000172, 0.811975

PART 15
OFFSET 11.721888, 2.430223, -12.135823
SCALE 1.000000, 1.000000, 1.000000
X 0.764081, -0.338247, 0.549335
Y 0.274743, 0.941057, 0.197301
Z -0.583692, 0.000172, 0.811975

PART 16
OFFSET 11.385532, 4.098337, -9.011255
SCALE 1.000000, 1.000000, 1.000000
X 0.764081, -0.338247, 0.549335
Y 0.274743, 0.941057, 0.197301
Z -0.583692, 0.000172, 0.811975

PART 17
OFFSET 10.901324, 2.652735, -9.417980
SCALE 1.000000, 1.000000, 1.000000
X 0.764081, -0.338247, 0.549335
Y 0.274743, 0.941057, 0.197301
Z -0.583692, 0.000172, 0.811975

PART 18
OFFSET 10.584814, 1.665436, -10.280835
SCALE 1.000000, 1.000000, 1.000000
X 0.764081, -0.338247, 0.549335
Y 0.274743, 0.941057, 0.197301
Z -0.583692, 0.000172, 0.811975

PART 19
OFFSET 12.733111, 2.403408, -9.834697
SCALE 1.000000, 1.000000, 1.000000
X 0.988122, 0.081843, -0.130061
Y 0.010723, 0.807583, 0.589656
Z 0.153295, -0.584047, 0.797113

PART 20
OFFSET 10.403786, 3.448296, -11.531939
SCALE 1.000000, 1.000000, 1.000000
X 0.759816, -0.340838, 0.553633
Y -0.245821, 0.637730, 0.729981
Z -0.601874, -0.690745, 0.400773

PART 21
OFFSET 1.704243, -4.586813, -6.686103
SCALE 1.000000, 1.000000, 1.000000
X -0.691794, -0.670955, -0.266908
Y -0.163448, 0.505537, -0.847182
Z 0.703353, -0.542450, -0.459393

PART 22
OFFSET 1.267899, -3.762810, -8.012961
SCALE 1.000000, 1.000000, 1.000000
X -0.691794, -0.670955, -0.266908
Y -0.163448, 0.505537, -0.847182
Z 0.703353, -0.542450, -0.459393

PART 23
OFFSET 1.504127, -4.109451, -9.177606
SCALE 1.000000, 1.000000, 1.000000
X -0.691794, -0.670955, -0.266908
Y -0.163448, 0.505537, -0.847182
Z 0.703353, -0.542450, -0.459393

PART 24
OFFSET 3.251312, -3.998464, -7.859273
SCALE 1.000000, 1.000000, 1.000000
X -0.889870, -0.455563, 0.024375
Y 0.108235, -0.262720, -0.958782
Z 0.443189, -0.850553, 0.283094

PART 25
OFFSET 1.144628, -6.069613, -8.678376
SCALE 1.000000, 1.000000, 1.000000
X -0.687148, -0.675615, -0.267155
Y 0.511849, -0.189230, -0.837975
Z 0.515595, -0.712556, 0.475842

PART 26
OFFSET 11.259065, 0.666172, -7.979639
SCALE 1.000000, 1.000000, 1.000000
X 0.918843, 0.286023, -0.271878
Y -0.324695, 0.939524, -0.108938
Z 0.224278, 0.188374, 0.956146

PART 27
OFFSET 5.121060, -1.200480, -5.784302
SCALE 1.000000, 1.000000, 1.000000
X 0.918843, 0.286023, -0.271878
Y -0.324695, 0.939524, -0.108938
Z 0.224278, 0.188374, 0.956146

PART 28
OFFSET 6.940952, 0.293420, -6.096364
SCALE 1.000000, 1.000000, 1.000000
X 0.918843, 0.286023, -0.271878
Y -0.324695, 0.939524, -0.108938
Z 0.224278, 0.188374, 0.956146

PART 29
OFFSET 11.259065, 0.666172, -7.979639
SCALE 1.000000, 1.000000, 1.000000
X 0.918843, 0.286023, -0.271878
Y -0.324695, 0.939524, -0.108938
Z 0.224278, 0.188374, 0.956146

PART 30
OFFSET 5.121060, -1.200480, -5.784302
SCALE 1.000000, 1.000000, 1.000000
X 0.918843, 0.286023, -0.271878
Y -0.324695, 0.939524, -0.108938
Z 0.224278, 0.188374, 0.956146

PART 31
OFFSET 9.230800, -0.095835, -8.506153
SCALE 1.000000, 1.000000, 1.000000
X 0.918843, 0.286023, -0.271878
Y -0.324695, 0.939524, -0.108938
Z 0.224278, 0.188374, 0.956146

PART 32
OFFSET 16.381098, 2.867459, -7.213530
SCALE 1.000000, 1.000000, 1.000000
X 0.918843, 0.286023, -0.271878
Y -0.324695, 0.939524, -0.108938
Z 0.224278, 0.188374, 0.956146

PART 33
OFFSET 7.430497, -0.190774, -3.959046
SCALE 1.000000, 1.000000, 1.000000
X 0.918843, 0.286023, -0.271878
Y -0.324695, 0.939524, -0.108938
Z 0.224278, 0.188374, 0.956146

PART 34
OFFSET 15.495475, 2.252455, -6.925718
SCALE 1.000000, 1.000000, 1.000000
X 0.394506, -0.681819, 0.616026
Y 0.918847, 0.286014, -0.271874
Z 0.009177, 0.673290, 0.739322

PART 35
OFFSET 11.825987, 0.865840, -8.085162
SCALE 1.000000, 1.000000, 1.000000
X 0.918843, 0.286023, -0.271878
Y -0.324695, 0.939524, -0.108938
Z 0.224278, 0.188374, 0.956146

PART 36
OFFSET 9.331089, 0.405212, -4.483829
SCALE 1.000000, 1.000000, 1.000000
X 0.918843, 0.286023, -0.271878
Y -0.324695, 0.939524, -0.108938
Z 0.224278, 0.188374, 0.956146

PART 37
OFFSET 8.965893, 0.318987, -4.138985
SCALE 1.000000, 1.000000, 1.000000
X 0.918843, 0.286023, -0.271878
Y -0.324695, 0.939524, -0.108938
Z 0.224278, 0.188374, 0.956146

PART 38
OFFSET 31.716025, 7.188881, -12.698141
SCALE 1.000000, 1.000000, 1.000000
X 0.918843, 0.286023, -0.271878
Y -0.324695, 0.939524, -0.108938
Z 0.224278, 0.188374, 0.956146

PART 39
OFFSET 18.787168, 3.041117, -9.935038
SCALE 1.000000, 1.000000, 1.000000
X 0.918843, 0.286023, -0.271878
Y -0.324695, 0.939524, -0.108938
Z 0.224278, 0.188374, 0.956146

PART 40
OFFSET 13.312430, 0.997615, -11.241297
SCALE 1.000000, 1.000000, 1.000000
X 0.918843, 0.286023, -0.271878
Y -0.324695, 0.939524, -0.108938
Z 0.224278, 0.188374, 0.956146

PART 41
OFFSET 20.702096, 3.515602, -11.550417
SCALE 1.000000, 1.000000, 1.000000
X 0.918843, 0.286023, -0.271878
Y -0.324695, 0.939524, -0.108938
Z 0.224278, 0.188374, 0.956146

PART 42
OFFSET 8.364536, 0.093071, -4.295003
SCALE 1.000000, 1.000000, 1.000000
X 0.918843, 0.286023, -0.271878
Y -0.324695, 0.939524, -0.108938
Z 0.224278, 0.188374, 0.956146

PART 43
OFFSET 15.185060, 2.254928, -5.979187
SCALE 1.000000, 1.000000, 1.000000
X 0.918843, 0.286023, -0.271878
Y -0.324695, 0.939524, -0.108938
Z 0.224278, 0.188374, 0.956146

PART 44
OFFSET 31.716025, 7.188881, -12.698141
SCALE 1.000000, 1.000000, 1.000000
X 0.918843, 0.286023, -0.271878
Y -0.324695, 0.939524, -0.108938
Z 0.224278, 0.188374, 0.956146

PART 45
OFFSET 8.117544, 0.005891, -4.310705
SCALE 1.000000, 1.000000, 1.000000
X 0.918843, 0.286023, -0.271878
Y -0.324695, 0.939524, -0.108938
Z 0.224278, 0.188374, 0.956146

PART 46
OFFSET 9.256505, 0.356100, -4.685092
SCALE 1.000000, 1.000000, 1.000000
X 0.918843, 0.286023, -0.271878
Y -0.324695, 0.939524, -0.108938
Z 0.224278, 0.188374, 0.956146

PART 47
OFFSET 8.455306, 0.118601, -4.345369
SCALE 1.000000, 1.000000, 1.000000
X 0.918843, 0.286023, -0.271878
Y -0.324695, 0.939524, -0.108938
Z 0.224278, 0.188374, 0.956146

PART 48
OFFSET 16.534436, 3.548482, -10.192996
SCALE 1.000000, 1.000000, 1.000000
X 0.761573, -0.644300, 0.069884
Y -0.300831, -0.255941, 0.918692
Z -0.574027, -0.720674, -0.388743

PART 49
OFFSET 16.444973, 2.558910, -10.675794
SCALE 1.000000, 1.000000, 1.000000
X 0.546919, -0.593576, 0.590379
Y -0.634037, 0.166827, 0.755094
Z -0.546696, -0.787297, -0.285108

PART 50
OFFSET 13.588792, 1.489925, -10.414985
SCALE 1.000000, 1.000000, 1.000000
X 0.800061, -0.565843, 0.199312
Y -0.320554, -0.122385, 0.939291
Z -0.507098, -0.815380, -0.279299

PART 51
OFFSET 13.791842, 2.126179, -10.163014
SCALE 1.000000, 1.000000, 1.000000
X 0.945515, -0.315480, -0.080455
Y -0.114865, -0.554458, 0.824246
Z -0.304642, -0.770096, -0.560486

PART 52
OFFSET 13.250923, 2.979772, -8.996853
SCALE 1.000000, 1.000000, 1.000000
X 0.920055, 0.382994, 0.082546
Y -0.386667, 0.921601, 0.033768
Z -0.063141, -0.062986, 0.996015

PART 53
OFFSET 15.878391, 3.624914, -8.872112
SCALE 1.000000, 1.000000, 1.000000
X 0.970285, -0.241509, -0.014826
Y 0.140895, 0.613748, -0.776828
Z 0.196710, 0.751656, 0.629538

PART 54
OFFSET 15.639923, 1.300107, -9.290331
SCALE 1.000000, 1.000000, 1.000000
X -0.360941, -0.783999, -0.505042
Y -0.153378, 0.584078, -0.797075
Z 0.919889, -0.210235, -0.331066

PART 55
OFFSET 6.801783, -2.341353, -7.125904
SCALE 1.000000, 1.000000, 1.000000
X -0.937907, -0.326671, 0.116693
Y 0.344711, -0.915332, 0.208187
Z 0.038804, 0.235486, 0.971103

PART 56
OFFSET 6.744829, -2.522343, -8.214226
SCALE 1.000000, 1.000000, 1.000000
X 0.112101, -0.918354, 0.379552
Y 0.956174, -0.004282, -0.292767
Z 0.270489, 0.395738, 0.877626

PART 57
OFFSET 4.030655, -3.722406, -8.963773
SCALE 1.000000, 1.000000, 1.000000
X -0.772398, -0.260096, 0.579440
Y 0.500976, -0.810278, 0.304092
Z 0.390415, 0.525166, 0.756160

PART 58
OFFSET 4.216359, -3.566381, -8.292394
SCALE 1.000000, 1.000000, 1.000000
X -0.877426, -0.357992, 0.319320
Y 0.456149, -0.828686, 0.324358
Z 0.148498, 0.430258, 0.890408

PART 59
OFFSET 3.365158, -3.190818, -7.061241
SCALE 1.000000, 1.000000, 1.000000
X -0.358957, -0.881570, -0.306568
Y 0.288157, 0.207739, -0.934778
Z 0.887759, -0.423885, 0.179461

PART 60
OFFSET 5.571108, -1.693562, -6.573139
SCALE 1.000000, 1.000000, 1.000000
X -0.734941, -0.614390, 0.287030
Y -0.678089, 0.670514, -0.301009
Z -0.007520, -0.415856, -0.909399

PART 61
OFFSET 17.875324, 2.414075, -10.069953
SCALE 1.000000, 1.000000, 1.000000
X 0.068062, -0.566219, 0.821440
Y -0.825370, 0.430582, 0.365189
Z -0.560474, -0.702848, -0.438034

PART 62
OFFSET 17.513402, 1.399335, -9.522465
SCALE 1.000000, 1.000000, 1.000000
X -0.319357, -0.121561, 0.939805
Y 0.945012, 0.032878, 0.325379
Z -0.070452, 0.992039, 0.104376

PART 63
OFFSET 15.420898, 0.322351, -9.811301
SCALE 1.000000, 1.000000, 1.000000
X -0.040018, 0.100272, 0.994155
Y -0.740456, 0.665084, -0.096888
Z -0.670912, -0.740005, 0.047632

PART 64
OFFSET 16.203054, 1.205220, -10.473250
SCALE 1.000000, 1.000000, 1.000000
X 0.220821, -0.491177, 0.842605
Y -0.643961, 0.575419, 0.504190
Z -0.732497, -0.653941, -0.189234

PART 65
OFFSET 15.194216, 3.894712, -8.759941
SCALE 1.000000, 1.000000, 1.000000
X 0.985405, 0.130948, -0.108766
Y -0.099834, 0.962087, 0.253814
Z 0.137879, -0.239251, 0.961118

PART 66
OFFSET 8.453108, -1.766200, -7.331360
SCALE 1.000000, 1.000000, 1.000000
X -0.015792, -0.957953, 0.286489
Y 0.999577, -0.022121, -0.018869
Z 0.024413, 0.286070, 0.957898

PART 67
OFFSET 6.525835, -0.728301, -8.955697
SCALE 1.000000, 1.000000, 1.000000
X 0.942987, -0.288977, -0.165129
Y 0.176366, 0.854607, -0.488408
Z 0.282259, 0.431439, 0.856849

PART 68
OFFSET 5.761545, -2.962174, -10.192843
SCALE 1.000000, 1.000000, 1.000000
X 0.064960, -0.942758, 0.327089
Y 0.823317, -0.134577, -0.551397
Z 0.563852, 0.305117, 0.767446

PART 69
OFFSET 6.481574, -2.719460, -9.246253
SCALE 1.000000, 1.000000, 1.000000
X 0.085433, -0.927465, 0.364020
Y 0.870100, -0.108549, -0.480773
Z 0.485414, 0.357808, 0.797713

PART 70
OFFSET 4.061599, -1.285594, -6.316369
SCALE 1.000000, 1.000000, 1.000000
X -0.660037, -0.537953, 0.524365
Y -0.097899, -0.630458, -0.770025
Z 0.744827, -0.559580, 0.363460

PART 71
OFFSET 17.992107, 1.768425, -9.044745
SCALE 1.000000, 1.000000, 1.000000
X -0.533557, -0.013831, 0.845651
Y -0.623943, 0.681445, -0.382527
Z -0.570974, -0.731738, -0.372220

PART 72
OFFSET 17.046938, 1.221780, -8.149756
SCALE 1.000000, 1.000000, 1.000000
X -0.716846, 0.322787, 0.618013
Y -0.340371, 0.611576, -0.714229
Z -0.608506, -0.722346, -0.328538

PART 73
OFFSET 15.364239, 0.464319, -8.403753
SCALE 1.000000, 1.000000, 1.000000
X -0.313487, 0.388736, 0.866378
Y -0.688685, 0.535087, -0.489280
Z -0.653788, -0.750045, 0.099974

PART 74
OFFSET 16.578994, 0.369008, -9.038744
SCALE 1.000000, 1.000000, 1.000000
X -0.452972, 0.269896, 0.849690
Y -0.524481, 0.690026, -0.498783
Z -0.720927, -0.671580, -0.171007

PART 75
OFFSET 16.806450, 4.021944, -8.843072
SCALE 1.000000, 1.000000, 1.000000
X 0.916309, 0.393419, 0.074824
Y -0.400461, 0.898798, 0.178309
Z 0.002898, -0.193350, 0.981126

PART 76
OFFSET 8.473790, -0.584241, -7.621436
SCALE 1.000000, 1.000000, 1.000000
X 0.388710, -0.902706, 0.184464
Y 0.920334, 0.370970, -0.123961
Z 0.043469, 0.217953, 0.974991

PART 77
OFFSET 5.148444, -0.306202, -8.714498
SCALE 1.000000, 1.000000, 1.000000
X 0.629761, 0.568023, -0.529860
Y -0.729819, 0.666260, -0.153174
Z 0.266018, 0.483164, 0.834138

PART 78
OFFSET 5.669576, -1.627449, -10.655925
SCALE 1.000000, 1.000000, 1.000000
X 0.746348, -0.582894, -0.321247
Y 0.380399, 0.769662, -0.512755
Z 0.546133, 0.260491, 0.796167

PART 79
OFFSET 6.336121, -1.140425, -9.866006
SCALE 1.000000, 1.000000, 1.000000
X 0.865881, -0.328505, -0.377272
Y 0.140458, 0.883481, -0.446914
Z 0.480126, 0.333984, 0.811131

PART 80
OFFSET 5.037877, -0.392051, -7.249564
SCALE 1.000000, 1.000000, 1.000000
X -0.293786, -0.013448, 0.955777
Y -0.497420, -0.851697, -0.164880
Z 0.816250, -0.523862, 0.243527

PART 81
OFFSET 17.389428, 1.752802, -8.089540
SCALE 1.000000, 1.000000, 1.000000
X 0.576236, -0.816547, -0.034689
Y 0.393892, 0.314658, -0.863620
Z 0.716101, 0.483986, 0.502948

PART 82
OFFSET 16.231003, 1.581789, -7.451597
SCALE 1.000000, 1.000000, 1.000000
X 0.806582, -0.591111, 0.003661
Y 0.155291, 0.205914, -0.966170
Z 0.570360, 0.779863, 0.257881

PART 83
OFFSET 15.086287, 0.808990, -7.635584
SCALE 1.000000, 1.000000, 1.000000
X -0.397265, 0.451842, 0.798761
Y -0.598811, 0.531935, -0.598724
Z -0.695418, -0.716159, 0.059249

PART 84
OFFSET 15.951212, 0.743062, -7.861143
SCALE 1.000000, 1.000000, 1.000000
X -0.620360, 0.504036, 0.600917
Y -0.316011, 0.540596, -0.779675
Z -0.717838, -0.673575, -0.176084

PART 85
OFFSET 17.790646, 4.453843, -8.714175
SCALE 1.000000, 1.000000, 1.000000
X 0.592063, 0.599804, -0.538235
Y -0.411456, -0.349285, -0.841846
Z -0.692939, 0.719886, 0.039995

PART 86
OFFSET 8.034733, 0.435388, -7.829793
SCALE 1.000000, 1.000000, 1.000000
X -0.945100, 0.020280, 0.326151
Y -0.097903, 0.934654, -0.341815
Z -0.311770, -0.354981, -0.881356

PART 87
OFFSET 4.432851, -0.952479, -8.120373
SCALE 1.000000, 1.000000, 1.000000
X -0.033707, -0.892044, 0.450690
Y -0.941401, 0.179762, 0.285394
Z -0.335601, -0.414660, -0.845830

PART 88
OFFSET 5.007841, -1.110637, -10.371098
SCALE 1.000000, 1.000000, 1.000000
X 0.719202, 0.266476, -0.641669
Y -0.406413, 0.910402, -0.077443
Z 0.563540, 0.316480, 0.763062

PART 89
OFFSET 5.136089, -0.685147, -9.343142
SCALE 1.000000, 1.000000, 1.000000
X 0.645224, 0.496115, -0.580996
Y -0.598640, 0.800793, 0.018982
Z 0.474675, 0.335560, 0.813685

PART 90
OFFSET 5.326667, -0.339107, -8.291474
SCALE 1.000000, 1.000000, 1.000000
X -0.843636, 0.150968, 0.515255
Y -0.301659, 0.660602, -0.687464
Z -0.444163, -0.735401, -0.511767

PART 91
OFFSET 14.708871, 1.238255, -6.876733
SCALE 1.000000, 1.000000, 1.000000
X 0.779970, -0.576473, -0.243570
Y -0.284488, 0.020056, -0.958470
Z 0.557417, 0.816870, -0.148357

PART 92
OFFSET 15.278429, 1.289691, -7.209445
SCALE 1.000000, 1.000000, 1.000000
X 0.653102, -0.755222, -0.055654
Y 0.127729, 0.182301, -0.974911
Z 0.746420, 0.629607, 0.215525

PART 93
OFFSET 4.324562, -1.363803, -9.761478
SCALE 1.000000, 1.000000, 1.000000
X -0.376432, -0.821086, 0.429088
Y -0.698425, 0.555811, 0.450862
Z -0.608688, -0.129967, -0.782692

PART 94
OFFSET 4.436302, -1.223215, -8.713014
SCALE 1.000000, 1.000000, 1.000000
X -0.163439, -0.847629, 0.504791
Y -0.880140, 0.356433, 0.313543
Z -0.445692, -0.393041, -0.804287

FRAME 1
PART 0
OFFSET 0.000000, 0.000000, 0.000000
SCALE 1.000000, 1.000000, 1.000000
X 1.000000, 0.000000, 0.000000
Y 0.000000, 1.000000, 0.000000
Z 0.000000, 0.000000, 1.000000

PART 1
OFFSET 0.000000, 0.000000, 0.000000
SCALE 1.000000, 1.000000, 1.000000
X 1.000000, 0.000000, 0.000000
Y 0.000000, 1.000000, 0.000000
Z 0.000000, 0.000000, 1.000000

PART 2
OFFSET 0.000000, 0.000000, 0.000000
SCALE 1.000000, 1.000000, 1.000000
X 1.000000, 0.000000, 0.000000
Y 0.000000, 1.000000, 0.000000
Z 0.000000, 0.000000, 1.000000

PART 3
OFFSET -4.631938, 0.000000, -1.376787
SCALE 1.000000, 1.000000, 1.000000
X 1.000000, 0.000000, 0.000000
Y 0.000000, 1.000000, 0.000000
Z 0.000000, 0.000000, 1.000000

PART 4
OFFSET 0.000000, 0.000000, 0.000000
SCALE 1.000000, 1.000000, 1.000000
X 1.000000, 0.000000, -0.000000
Y -0.000000, 1.000000, -0.000285
Z 0.000000, 0.000285, 1.000000

PART 5
OFFSET -3.506371, 6.340800, -6.712349
SCALE 1.000000, 1.000000, 1.000000
X 0.676404, -0.031894, -0.735840
Y 0.092476, -0.987478, 0.127808
Z -0.730702, -0.154497, -0.664985

PART 6
OFFSET -12.853742, -4.812700, -5.406615
SCALE 1.000000, 1.000000, 1.000000
X -0.669998, 0.578061, 0.465778
Y -0.216749, -0.752412, 0.622010
Z 0.710016, 0.315789, 0.629408

PART 7
OFFSET 7.076417, -0.931408, -5.782594
SCALE 1.000000, 1.000000, 1.000000
X 0.956962, 0.208173, -0.202207
Y -0.227777, 0.970518, -0.078821
Z 0.179837, 0.121487, 0.976166

PART 8
OFFSET 10.527864, 0.000000, -8.129507
SCALE 1.000000, 1.000000, 1.000000
X 1.000000, 0.000000, 0.000000
Y 0.000000, 1.000000, 0.000000
Z 0.000000, 0.000000, 1.000000

PART 9
OFFSET 1.540400, 0.001178, 4.135700
SCALE 1.000000, 1.000000, 1.000000
X 1.000000, 0.000000, -0.000000
Y -0.000000, 1.000000, -0.000285
Z 0.000000, 0.000285, 1.000000

PART 10
OFFSET -4.631800, -0.000392, -1.377000
SCALE 1.000000, 1.000000, 1.000000
X 1.000000, 0.000000, -0.000000
Y -0.000000, 1.000000, -0.000285
Z 0.000000, 0.000285, 1.000000

PART 11
OFFSET 4.674051, 5.954898, -15.611247
SCALE 1.000000, 1.000000, 1.000000
X 0.747201, -0.371669, 0.550957
Y -0.596568, -0.009716, 0.802504
Z -0.292913, -0.928314, -0.228986

PART 12
OFFSET -4.750923, -11.803756, -11.039583
SCALE 1.000000, 1.000000, 1.000000
X -0.685457, -0.684441, -0.248373
Y 0.706667, -0.543185, -0.453400
Z 0.175413, -0.486303, 0.856002

PART 13
OFFSET 7.076417, -0.931408, -5.782594
SCALE 1.000000, 1.000000, 1.000000
X 0.956962, 0.208173, -0.202207
Y -0.227777, 0.970518, -0.078821
Z 0.179837, 0.121487, 0.976166

PART 14
OFFSET 13.058019, 3.936723, -10.371204
SCALE 1.000000, 1.000000, 1.000000
X 0.751559, -0.369118, 0.546728
Y 0.299361, 0.929381, 0.215948
Z -0.587829, 0.001372, 0.808984

PART 15
OFFSET 12.322268, 1.750969, -11.541221
SCALE 1.000000, 1.000000, 1.000000
X 0.751559, -0.369118, 0.546728
Y 0.299361, 0.929381, 0.215948
Z -0.587829, 0.001372, 0.808984

PART 16
OFFSET 12.014939, 3.370279, -8.388119
SCALE 1.000000, 1.000000, 1.000000
X 0.751559, -0.369118, 0.546728
Y 0.299361, 0.929381, 0.215948
Z -0.587829, 0.001372, 0.808984

PART 17
OFFSET 11.493495, 1.946217, -8.823773
SCALE 1.000000, 1.000000, 1.000000
X 0.751559, -0.369118, 0.546728
Y 0.299361, 0.929381, 0.215948
Z -0.587829, 0.001372, 0.808984

PART 18
OFFSET 11.160790, 0.991267, -9.709488
SCALE 1.000000, 1.000000, 1.000000
X 0.751559, -0.369118, 0.546728
Y 0.299361, 0.929381, 0.215948
Z -0.587829, 0.001372, 0.808984

PART 19
OFFSET 13.319979, 1.654280, -9.236075
SCALE 1.000000, 1.000000, 1.000000
X 0.997754, -0.008273, -0.066472
Y 0.048417, 0.774828, 0.630315
Z 0.046289, -0.632118, 0.773489

PART 20
OFFSET 11.029327, 2.793686, -10.925113
SCALE 1.000000, 1.000000, 1.000000
X 0.747171, -0.371722, 0.550962
Y -0.240062, 0.622070, 0.745251
Z -0.619763, -0.689095, 0.375556

PART 21
OFFSET 1.657308, -4.471221, -6.961420
SCALE 1.000000, 1.000000, 1.000000
X -0.690115, -0.679865, -0.248041
Y -0.183619, 0.496017, -0.848676
Z 0.700018, -0.540140, -0.467145

PART 22
OFFSET 1.192680, -3.668288, -8.285502
SCALE 1.000000, 1.000000, 1.000000
X -0.690115, -0.679865, -0.248041
Y -0.183619, 0.496017, -0.848676
Z 0.700018, -0.540140, -0.467145

PART 23
OFFSET 1.410982, -4.023607, -9.451029
SCALE 1.000000, 1.000000, 1.000000
X -0.690115, -0.679865, -0.248041
Y -0.183619, 0.496017, -0.848676
Z 0.700018, -0.540140, -0.467145

PART 24
OFFSET 3.180710, -3.883953, -8.165908
SCALE 1.000000, 1.000000, 1.000000
X -0.928243, -0.368367, -0.051679
Y 0.143855, -0.227380, -0.963122
Z 0.343031, -0.901446, 0.264055

PART 25
OFFSET 1.079276, -5.982276, -8.927302
SCALE 1.000000, 1.000000, 1.000000
X -0.685457, -0.684441, -0.248373
Y 0.509537, -0.207241, -0.835119
Z 0.520116, -0.698993, 0.490803

PART 26
OFFSET 11.581661, -0.019569, -7.574417
SCALE 1.000000, 1.000000, 1.000000
X 0.956962, 0.208173, -0.202207
Y -0.227777, 0.970518, -0.078821
Z 0.179837, 0.121487, 0.976166

PART 27
OFFSET 5.113193, -1.396144, -5.832282
SCALE 1.000000, 1.000000, 1.000000
X 0.956962, 0.208173, -0.202207
Y -0.227777, 0.970518, -0.078821
Z 0.179837, 0.121487, 0.976166

PART 28
OFFSET 7.136920, -0.060003, -5.969923
SCALE 1.000000, 1.000000, 1.000000
X 0.956962, 0.208173, -0.202207
Y -0.227777, 0.970518, -0.078821
Z 0.179837, 0.121487, 0.976166

PART 29
OFFSET 11.581661, -0.019569, -7.574417
SCALE 1.000000, 1.000000, 1.000000
X 0.956962, 0.208173, -0.202207
Y -0.227777, 0.970518, -0.078821
Z 0.179837, 0.121487, 0.976166

PART 30
OFFSET 5.113193, -1.396144, -5.832282
SCALE 1.000000, 1.000000, 1.000000
X 0.956962, 0.208173, -0.202207
Y -0.227777, 0.970518, -0.078821
Z 0.179837, 0.121487, 0.976166

PART 31
OFFSET 9.528472, -0.556965, -8.258046
SCALE 1.000000, 1.000000, 1.000000
X 0.956962, 0.208173, -0.202207
Y -0.227777, 0.970518, -0.078821
Z 0.179837, 0.121487, 0.976166

PART 32
OFFSET 16.828292, 1.638924, -6.395404
SCALE 1.000000, 1.000000, 1.000000
X 0.956962, 0.208173, -0.202207
Y -0.227777, 0.970518, -0.078821
Z 0.179837, 0.121487, 0.976166

PART 33
OFFSET 7.442476, -0.687371, -3.835614
SCALE 1.000000, 1.000000, 1.000000
X 0.956962, 0.208173, -0.202207
Y -0.227777, 0.970518, -0.078821
Z 0.179837, 0.121487, 0.976166

PART 34
OFFSET 15.872538, 1.099718, -6.192466
SCALE 1.000000, 1.000000, 1.000000
X 0.289102, -0.744447, 0.601846
Y 0.956965, 0.208163, -0.202203
Z 0.025247, 0.634403, 0.772590

PART 35
OFFSET 12.170327, 0.129060, -7.635939
SCALE 1.000000, 1.000000, 1.000000
X 0.956962, 0.208173, -0.202207
Y -0.227777, 0.970518, -0.078821
Z 0.179837, 0.121487, 0.976166

PART 36
OFFSET 9.419939, -0.254175, -4.216173
SCALE 1.000000, 1.000000, 1.000000
X 0.956962, 0.208173, -0.202207
Y -0.227777, 0.970518, -0.078821
Z 0.179837, 0.121487, 0.976166

PART 37
OFFSET 9.027148, -0.320548, -3.898323
SCALE 1.000000, 1.000000, 1.000000
X 0.956962, 0.208173, -0.202207
Y -0.227777, 0.970518, -0.078821
Z 0.179837, 0.121487, 0.976166

PART 38
OFFSET 32.817148, 4.707395, -10.737825
SCALE 1.000000, 1.000000, 1.000000
X 0.956962, 0.208173, -0.202207
Y -0.227777, 0.970518, -0.078821
Z 0.179837, 0.121487, 0.976166

PART 39
OFFSET 19.407771, 1.704803, -8.958192
SCALE 1.000000, 1.000000, 1.000000
X 0.956962, 0.208173, -0.202207
Y -0.227777, 0.970518, -0.078821
Z 0.179837, 0.121487, 0.976166

PART 40
OFFSET 13.859716, 0.262194, -10.688201
SCALE 1.000000, 1.000000, 1.000000
X 0.956962, 0.208173, -0.202207
Y -0.227777, 0.970518, -0.078821
Z 0.179837, 0.121487, 0.976166

PART 41
OFFSET 21.457266, 2.066159, -10.431462
SCALE 1.000000, 1.000000, 1.000000
X 0.956962, 0.208173, -0.202207
Y -0.227777, 0.970518, -0.078821
Z 0.179837, 0.121487, 0.976166

PART 42
OFFSET 8.418396, -0.479873, -4.100923
SCALE 1.000000, 1.000000, 1.000000
X 0.956962, 0.208173, -0.202207
Y -0.227777, 0.970518, -0.078821
Z 0.179837, 0.121487, 0.976166

PART 43
OFFSET 15.504322, 1.088465, -5.266954
SCALE 1.000000, 1.000000, 1.000000
X 0.956962, 0.208173, -0.202207
Y -0.227777, 0.970518, -0.078821
Z 0.179837, 0.121487, 0.976166

PART 44
OFFSET 32.817148, 4.707395, -10.737825
SCALE 1.000000, 1.000000, 1.000000
X 0.956962, 0.208173, -0.202207
Y -0.227777, 0.970518, -0.078821
Z 0.179837, 0.121487, 0.976166

PART 45
OFFSET 8.165824, -0.541968, -4.135615
SCALE 1.000000, 1.000000, 1.000000
X 0.956962, 0.208173, -0.202207
Y -0.227777, 0.970518, -0.078821
Z 0.179837, 0.121487, 0.976166

PART 46
OFFSET 9.354000, -0.286510, -4.423751
SCALE 1.000000, 1.000000, 1.000000
X 0.956962, 0.208173, -0.202207
Y -0.227777, 0.970518, -0.078821
Z 0.179837, 0.121487, 0.976166

PART 47
OFFSET 8.514167, -0.460933, -4.144476
SCALE 1.000000, 1.000000, 1.000000
X 0.956962, 0.208173, -0.202207
Y -0.227777, 0.970518, -0.078821
Z 0.179837, 0.121487, 0.976166

PART 48
OFFSET 17.227033, 2.441377, -9.307152
SCALE 1.000000, 1.000000, 1.000000
X 0.691750, -0.717501, 0.081695
Y -0.381964, -0.267534, 0.884607
Z -0.612850, -0.643131, -0.459126

PART 49
OFFSET 17.076456, 1.488320, -9.845073
SCALE 1.000000, 1.000000, 1.000000
X 0.449754, -0.670198, 0.590386
Y -0.662863, 0.192558, 0.723556
Z -0.598610, -0.716768, -0.357646

PART 50
OFFSET 14.121822, 0.689892, -9.810861
SCALE 1.000000, 1.000000, 1.000000
X 0.729025, -0.649153, 0.217078
Y -0.390361, -0.133789, 0.910889
Z -0.562264, -0.748800, -0.350940

PART 51
OFFSET 14.366982, 1.291270, -9.514584
SCALE 1.000000, 1.000000, 1.000000
X 0.914988, -0.401479, -0.040153
Y -0.219110, -0.577981, 0.786084
Z -0.338804, -0.710459, -0.616814

PART 52
OFFSET 13.834563, 2.138756, -8.340087
SCALE 1.000000, 1.000000, 1.000000
X 0.944679, 0.287973, 0.157014
Y -0.299957, 0.952166, 0.058366
Z -0.132695, -0.102234, 0.985870

PART 53
OFFSET 16.497442, 2.520209, -8.025569
SCALE 1.000000, 1.000000, 1.000000
X 0.942312, -0.333337, 0.030579
Y 0.247477, 0.632243, -0.734182
Z 0.225397, 0.699396, 0.678263

PART 54
OFFSET 16.069527, 0.251052, -8.577216
SCALE 1.000000, 1.000000, 1.000000
X -0.399597, -0.721374, -0.565634
Y -0.046358, 0.632152, -0.773456
Z 0.915518, -0.282849, -0.286048

PART 55
OFFSET 6.816610, -2.612170, -7.139998
SCALE 1.000000, 1.000000, 1.000000
X -0.969804, -0.239846, 0.044216
Y 0.243885, -0.952909, 0.180233
Z -0.001095, 0.185574, 0.982630

PART 56
OFFSET 6.812175, -2.736396, -8.237720
SCALE 1.000000, 1.000000, 1.000000
X 0.001624, -0.941422, 0.337226
Y 0.968243, -0.082828, -0.235892
Z 0.250006, 0.326900, 0.911391

PART 57
OFFSET 4.050906, -3.633554, -9.206850
SCALE 1.000000, 1.000000, 1.000000
X -0.828496, -0.210964, 0.518737
Y 0.402880, -0.867935, 0.290477
Z 0.388950, 0.449648, 0.804074

PART 58
OFFSET 4.207390, -3.527303, -8.518517
SCALE 1.000000, 1.000000, 1.000000
X -0.925487, -0.286169, 0.248154
Y 0.355327, -0.882863, 0.307078
Z 0.131209, 0.372372, 0.918762

PART 59
OFFSET 3.318564, -3.128735, -7.321663
SCALE 1.000000, 1.000000, 1.000000
X -0.419482, -0.827795, -0.372546
Y 0.365006, 0.221948, -0.904162
Z 0.831147, -0.515262, 0.209047

PART 60
OFFSET 5.619174, -1.875061, -6.627592
SCALE 1.000000, 1.000000, 1.000000
X -0.805788, -0.553330, 0.211025
Y -0.592094, 0.745887, -0.305087
Z 0.011413, -0.370782, -0.928650

PART 61
OFFSET 18.444985, 1.178086, -9.163314
SCALE 1.000000, 1.000000, 1.000000
X -0.038289, -0.607261, 0.793579
Y -0.803151, 0.491212, 0.337133
Z -0.594544, -0.624456, -0.506530

PART 62
OFFSET 17.955069, 0.179060, -8.691730
SCALE 1.000000, 1.000000, 1.000000
X -0.389150, -0.133119, 0.911505
Y 0.921031, -0.073721, 0.382450
Z 0.016286, 0.988355, 0.151295

PART 63
OFFSET 15.793801, -0.675957, -9.160309
SCALE 1.000000, 1.000000, 1.000000
X -0.094303, 0.057909, 0.993858
Y -0.667105, 0.737346, -0.106262
Z -0.738971, -0.673028, -0.030903

PART 64
OFFSET 16.696187, 0.156493, -9.727751
SCALE 1.000000, 1.000000, 1.000000
X 0.119150, -0.548407, 0.827679
Y -0.618281, 0.611279, 0.494030
Z -0.776873, -0.570602, -0.266236

PART 65
OFFSET 15.835774, 2.849518, -7.940589
SCALE 1.000000, 1.000000, 1.000000
X 0.998286, 0.039836, -0.042865
Y -0.025341, 0.954563, 0.296931
Z 0.052746, -0.295336, 0.953936

PART 66
OFFSET 8.524094, -2.189885, -7.217847
SCALE 1.000000, 1.000000, 1.000000
X -0.123261, -0.964177, 0.234881
Y 0.992326, -0.117408, 0.038797
Z -0.009831, 0.237860, 0.971250

PART 67
OFFSET 6.809002, -0.897289, -8.896505
SCALE 1.000000, 1.000000, 1.000000
X 0.920477, -0.370528, -0.124224
Y 0.285969, 0.855282, -0.432104
Z 0.266353, 0.362218, 0.893227

PART 68
OFFSET 5.919654, -2.987643, -10.290883
SCALE 1.000000, 1.000000, 1.000000
X -0.044174, -0.958723, 0.280888
Y 0.840482, -0.187651, -0.508308
Z 0.540036, 0.213627, 0.814079

PART 69
OFFSET 6.597686, -2.859383, -9.292270
SCALE 1.000000, 1.000000, 1.000000
X -0.024755, -0.947198, 0.319693
Y 0.884915, -0.169541, -0.433799
Z 0.465094, 0.272163, 0.842386

PART 70
OFFSET 4.141094, -1.335887, -6.439118
SCALE 1.000000, 1.000000, 1.000000
X -0.739285, -0.495507, 0.455995
Y -0.107253, -0.581873, -0.806177
Z 0.664797, -0.644901, 0.377025

PART 71
OFFSET 18.434548, 0.477781, -8.167815
SCALE 1.000000, 1.000000, 1.000000
X -0.585781, -0.000945, 0.810469
Y -0.531428, 0.755466, -0.383218
Z -0.611919, -0.655188, -0.443040

PART 72
OFFSET 17.386665, -0.015377, -7.360356
SCALE 1.000000, 1.000000, 1.000000
X -0.721710, 0.361916, 0.590044
Y -0.234902, 0.673783, -0.700598
Z -0.651119, -0.644231, -0.401261

PART 73
OFFSET 15.660284, -0.593968, -7.753183
SCALE 1.000000, 1.000000, 1.000000
X -0.330742, 0.377039, 0.865130
Y -0.602617, 0.621110, -0.501074
Z -0.726266, -0.687069, 0.021783

PART 74
OFFSET 16.899035, -0.777152, -8.318656
SCALE 1.000000, 1.000000, 1.000000
X -0.479389, 0.273162, 0.834008
Y -0.424322, 0.759716, -0.492730
Z -0.768204, -0.590097, -0.248291

PART 75
OFFSET 17.454830, 2.823827, -7.920706
SCALE 1.000000, 1.000000, 1.000000
X 0.942430, 0.299053, 0.149645
Y -0.325094, 0.924195, 0.200442
Z -0.078359, -0.237552, 0.968209

PART 76
OFFSET 8.673344, -1.003289, -7.444372
SCALE 1.000000, 1.000000, 1.000000
X 0.290299, -0.943495, 0.159826
Y 0.956935, 0.285930, -0.050199
Z 0.001663, 0.167516, 0.985868

PART 77
OFFSET 5.464491, -0.356071, -8.715054
SCALE 1.000000, 1.000000, 1.000000
X 0.712359, 0.528583, -0.461677
Y -0.653272, 0.739817, -0.160956
Z 0.256478, 0.416259, 0.872323

PART 78
OFFSET 5.982195, -1.630314, -10.688555
SCALE 1.000000, 1.000000, 1.000000
X 0.707570, -0.636619, -0.306692
Y 0.482323, 0.752290, -0.448804
Z 0.516439, 0.169635, 0.839354

PART 79
OFFSET 6.639832, -1.246752, -9.836557
SCALE 1.000000, 1.000000, 1.000000
X 0.853631, -0.392597, -0.342317
Y 0.250342, 0.885541, -0.391338
Z 0.456774, 0.248362, 0.854209

PART 80
OFFSET 5.253718, -0.498412, -7.265613
SCALE 1.000000, 1.000000, 1.000000
X -0.353800, -0.029195, 0.934865
Y -0.563253, -0.791304, -0.237875
Z 0.746707, -0.610726, 0.263519

PART 81
OFFSET 17.772879, 0.476714, -7.252350
SCALE 1.000000, 1.000000, 1.000000
X 0.498244, -0.865994, -0.042520
Y 0.476388, 0.314402, -0.821100
Z 0.724436, 0.388852, 0.569198

PART 82
OFFSET 16.564840, 0.389455, -6.694400
SCALE 1.000000, 1.000000, 1.000000
X 0.745660, -0.665993, 0.021098
Y 0.235728, 0.234047, -0.943215
Z 0.623237, 0.708291, 0.331512

PART 83
OFFSET 15.367033, -0.259668, -6.986119
SCALE 1.000000, 1.000000, 1.000000
X -0.403711, 0.450998, 0.796001
Y -0.506582, 0.614308, -0.604980
Z -0.761834, -0.647477, -0.019535

PART 84
OFFSET 16.234641, -0.398572, -7.162789
SCALE 1.000000, 1.000000, 1.000000
X -0.607744, 0.533576, 0.588169
Y -0.213143, 0.603870, -0.768057
Z -0.764995, -0.592146, -0.253270

PART 85
OFFSET 18.464835, 3.152087, -7.711112
SCALE 1.000000, 1.000000, 1.000000
X 0.679061, 0.563770, -0.470148
Y -0.387375, -0.268820, -0.881860
Z -0.623551, 0.780960, 0.035846

PART 86
OFFSET 8.345445, 0.062411, -7.624900
SCALE 1.000000, 1.000000, 1.000000
X -0.957869, 0.096140, 0.270636
Y 0.011627, 0.954517, -0.297929
Z -0.286969, -0.282230, -0.915420

PART 87
OFFSET 4.655470, -0.957160, -8.198424
SCALE 1.000000, 1.000000, 1.000000
X -0.145358, -0.904543, 0.400840
Y -0.936734, 0.256219, 0.238498
Z -0.318435, -0.340813, -0.884560

PART 88
OFFSET 5.354841, -1.065868, -10.416632
SCALE 1.000000, 1.000000, 1.000000
X 0.780186, 0.225289, -0.583571
Y -0.313940, 0.947919, -0.053765
Z 0.541065, 0.225153, 0.810280

PART 89
OFFSET 5.456777, -0.702648, -9.362137
SCALE 1.000000, 1.000000, 1.000000
X 0.724243, 0.457966, -0.515499
Y -0.521309, 0.852990, 0.025385
Z 0.451341, 0.250349, 0.856514

PART 90
OFFSET 5.611705, -0.425490, -8.284587
SCALE 1.000000, 1.000000, 1.000000
X -0.856853, 0.207604, 0.471914
Y -0.194451, 0.717607, -0.668751
Z -0.477485, -0.664786, -0.574516

PART 91
OFFSET 14.983493, 0.168796, -6.229890
SCALE 1.000000, 1.000000, 1.000000
X 0.736626, -0.637352, -0.226197
Y -0.219099, 0.091525, -0.971400
Z 0.639826, 0.765118, -0.072223

PART 92
OFFSET 15.575540, 0.180094, -6.524916
SCALE 1.000000, 1.000000, 1.000000
X 0.581860, -0.811384, -0.055623
Y 0.206747, 0.213715, -0.954768
Z 0.786571, 0.544042, 0.292103

PART 93
OFFSET 4.613624, -1.279904, -9.862210
SCALE 1.000000, 1.000000, 1.000000
X -0.477888, -0.799946, 0.362918
Y -0.670718, 0.599083, 0.437306
Z -0.567239, -0.034432, -0.822833

PART 94
OFFSET 4.671288, -1.199342, -8.803045
SCALE 1.000000, 1.000000, 1.000000
X -0.273481, -0.850312, 0.449641
Y -0.861138, 0.424708, 0.279400
Z -0.428544, -0.310792, -0.848386

FRAME 2
PART 0
OFFSET 0.000000, 0.000000, 0.000000
SCALE 1.000000, 1.000000, 1.000000
X 1.000000, 0.000000, 0.000000
Y 0.000000, 1.000000, 0.000000
Z 0.000000, 0.000000, 1.000000

PART 1
OFFSET 0.000000, 0.000000, 0.000000
SCALE 1.000000, 1.000000, 1.000000
X 1.000000, 0.000000, 0.000000
Y 0.000000, 1.000000, 0.000000
Z 0.000000, 0.000000, 1.000000

PART 2
OFFSET 0.000000, 0.000000, 0.000000
SCALE 1.000000, 1.000000, 1.000000
X 1.000000, 0.000000, 0.000000
Y 0.000000, 1.000000, 0.000000
Z 0.000000, 0.000000, 1.000000

PART 3
OFFSET -4.631938, 0.000000, -1.376787
SCALE 1.000000, 1.000000, 1.000000
X 1.000000, 0.000000, 0.000000
Y 0.000000, 1.000000, 0.000000
Z 0.000000, 0.000000, 1.000000

PART 4
OFFSET 0.000000, 0.000000, 0.000000
SCALE 1.000000, 1.000000, 1.000000
X 1.000000, 0.000000, -0.000000
Y -0.000000, 1.000000, -0.000264
Z 0.000000, 0.000264, 1.000000

PART 5
OFFSET -3.506371, 6.340800, -6.712349
SCALE 1.000000, 1.000000, 1.000000
X 0.726972, -0.065718, -0.683515
Y 0.042876, -0.989123, 0.140704
Z -0.685328, -0.131594, -0.716247

PART 6
OFFSET -12.853742, -4.812700, -5.406615
SCALE 1.000000, 1.000000, 1.000000
X -0.672796, 0.573360, 0.467552
Y -0.206726, -0.752495, 0.625312
Z 0.710359, 0.324052, 0.624804

PART 7
OFFSET 7.242081, -1.269200, -5.637425
SCALE 1.000000, 1.000000, 1.000000
X 0.979013, 0.143496, -0.144717
Y -0.152642, 0.986797, -0.054152
Z 0.135036, 0.075105, 0.987990

PART 8
OFFSET 10.527864, 0.000000, -8.129507
SCALE 1.000000, 1.000000, 1.000000
X 1.000000, 0.000000, 0.000000
Y 0.000000, 1.000000, 0.000000
Z 0.000000, 0.000000, 1.000000

PART 9
OFFSET 1.540400, 0.001094, 4.135700
SCALE 1.000000, 1.000000, 1.000000
X 1.000000, 0.000000, -0.000000
Y -0.000000, 1.000000, -0.000264
Z 0.000000, 0.000264, 1.000000

PART 10
OFFSET -4.631800, -0.000364, -1.377000
SCALE 1.000000, 1.000000, 1.000000
X 1.000000, 0.000000, -0.000000
Y -0.000000, 1.000000, -0.000264
Z 0.000000, 0.000264, 1.000000

PART 11
OFFSET 5.285580, 5.545834, -14.978438
SCALE 1.000000, 1.000000, 1.000000
X 0.739348, -0.396307, 0.544340
Y -0.596442, -0.010336, 0.802590
Z -0.312446, -0.918060, -0.244016

PART 12
OFFSET -4.717081, -11.746899, -11.061038
SCALE 1.000000, 1.000000, 1.000000
X -0.691080, -0.683209, -0.235867
Y 0.698879, -0.548423, -0.459130
Z 0.184327, -0.482138, 0.856485

PART 13
OFFSET 7.242081, -1.269200, -5.637425
SCALE 1.000000, 1.000000, 1.000000
X 0.979013, 0.143496, -0.144717
Y -0.152642, 0.986797, -0.054152
Z 0.135036, 0.075105, 0.987990

PART 14
OFFSET 13.626504, 3.265914, -9.777193
SCALE 1.000000, 1.000000, 1.000000
X 0.743757, -0.393779, 0.540151
Y 0.318912, 0.919205, 0.230993
Z -0.587469, 0.000458, 0.809246

PART 15
OFFSET 12.844616, 1.115633, -10.982487
SCALE 1.000000, 1.000000, 1.000000
X 0.743757, -0.393779, 0.540151
Y 0.318912, 0.919205, 0.230993
Z -0.587469, 0.000458, 0.809246

PART 16
OFFSET 12.572222, 2.689060, -7.803054
SCALE 1.000000, 1.000000, 1.000000
X 0.743757, -0.393779, 0.540151
Y 0.318912, 0.919205, 0.230993
Z -0.587469, 0.000458, 0.809246

PART 17
OFFSET 12.020810, 1.283632, -8.261710
SCALE 1.000000, 1.000000, 1.000000
X 0.743757, -0.393779, 0.540151
Y 0.318912, 0.919205, 0.230993
Z -0.587469, 0.000458, 0.809246

PART 18
OFFSET 11.681603, 0.366511, -9.169728
SCALE 1.000000, 1.000000, 1.000000
X 0.743757, -0.393779, 0.540151
Y 0.318912, 0.919205, 0.230993
Z -0.587469, 0.000458, 0.809246

PART 19
OFFSET 13.840641, 0.960134, -8.679830
SCALE 1.000000, 1.000000, 1.000000
