// Export filename: 'K:\Juegos\Steam\steamapps\common\Call of Duty Black Ops\xanim_export\ricos\guns\ak12\ak12_fire.xanim_export'
// Source filename: 'K:\01 Ricko0z\Working Gun\AK12\01 Escenas\ak12_handed.mb'
// Export time: Thu Jun 02 2016, 18:48:13

ANIMATION
VERSION 3

NUMPARTS 95
PART 0 "tag_view"
PART 1 "tag_ads"
PART 2 "tag_cambone"
PART 3 "tag_torso"
PART 4 "tag_camera"
PART 5 "j_shoulder_le"
PART 6 "j_shoulder_ri"
PART 7 "tag_weapon"
PART 8 "tag_weapon1"
PART 9 "tag_gasmask"
PART 10 "tag_gasmask2"
PART 11 "j_elbow_le"
PART 12 "j_elbow_ri"
PART 13 "j_gun"
PART 14 "j_sleave_reshape_bottom_le_1"
PART 15 "j_sleave_reshape_bottom_le_2"
PART 16 "j_sleave_reshape_top_le_1"
PART 17 "j_sleave_reshape_top_le_2"
PART 18 "j_sleave_reshape_top_le_3"
PART 19 "j_wrist_le"
PART 20 "j_wristtwist_le"
PART 21 "j_sleave_reshape_top_ri_1"
PART 22 "j_sleave_reshape_top_ri_2"
PART 23 "j_sleave_reshape_top_ri_3"
PART 24 "j_wrist_ri"
PART 25 "j_wristtwist_ri"
PART 26 "j_bullet"
PART 27 "j_bullet1"
PART 28 "j_clip"
PART 29 "j_mag"
PART 30 "j_mag1"
PART 31 "j_magrelease"
PART 32 "j_reload"
PART 33 "tag_acog_2"
PART 34 "tag_brass"
PART 35 "tag_clip"
PART 36 "tag_eclan"
PART 37 "tag_eotech"
PART 38 "tag_flash"
PART 39 "tag_folding_grip"
PART 40 "tag_grenade_launcher"
PART 41 "tag_maul"
PART 42 "tag_red_dot"
PART 43 "tag_sight_on"
PART 44 "tag_silencer"
PART 45 "tag_target_finder"
PART 46 "tag_thermal_scope"
PART 47 "tag_variable_zoom_reflex"
PART 48 "j_index_le_0"
PART 49 "j_mid_le_0"
PART 50 "j_pinkypalm_le"
PART 51 "j_ringpalm_le"
PART 52 "j_thumb_le_0"
PART 53 "j_webbing_le"
PART 54 "tag_knife_attach"
PART 55 "j_index_ri_0"
PART 56 "j_mid_ri_0"
PART 57 "j_pinkypalm_ri"
PART 58 "j_ringpalm_ri"
PART 59 "j_thumb_ri_0"
PART 60 "j_webbing_ri"
PART 61 "j_index_le_1"
PART 62 "j_mid_le_1"
PART 63 "j_pinky_le_0"
PART 64 "j_ring_le_0"
PART 65 "j_thumb_le_1"
PART 66 "j_index_ri_1"
PART 67 "j_mid_ri_1"
PART 68 "j_pinky_ri_0"
PART 69 "j_ring_ri_0"
PART 70 "j_thumb_ri_1"
PART 71 "j_index_le_2"
PART 72 "j_mid_le_2"
PART 73 "j_pinky_le_1"
PART 74 "j_ring_le_1"
PART 75 "j_thumb_le_2"
PART 76 "j_index_ri_2"
PART 77 "j_mid_ri_2"
PART 78 "j_pinky_ri_1"
PART 79 "j_ring_ri_1"
PART 80 "j_thumb_ri_2"
PART 81 "j_index_le_3"
PART 82 "j_mid_le_3"
PART 83 "j_pinky_le_2"
PART 84 "j_ring_le_2"
PART 85 "j_thumb_le_3"
PART 86 "j_index_ri_3"
PART 87 "j_mid_ri_3"
PART 88 "j_pinky_ri_2"
PART 89 "j_ring_ri_2"
PART 90 "j_thumb_ri_3"
PART 91 "j_pinky_le_3"
PART 92 "j_ring_le_3"
PART 93 "j_pinky_ri_3"
PART 94 "j_ring_ri_3"

FRAMERATE 40
NUMFRAMES 9

FRAME 0
PART 0
OFFSET 0.000000, 0.000000, 0.000000
SCALE 1.000000, 1.000000, 1.000000
X 1.000000, 0.000000, 0.000000
Y 0.000000, 1.000000, 0.000000
Z 0.000000, 0.000000, 1.000000

PART 1
OFFSET 0.000000, 0.000000, 0.000000
SCALE 1.000000, 1.000000, 1.000000
X 1.000000, 0.000000, 0.000000
Y 0.000000, 1.000000, 0.000000
Z 0.000000, 0.000000, 1.000000

PART 2
OFFSET 0.000000, 0.000000, 0.000000
SCALE 1.000000, 1.000000, 1.000000
X 1.000000, 0.000000, 0.000000
Y 0.000000, 1.000000, 0.000000
Z 0.000000, 0.000000, 1.000000

PART 3
OFFSET -4.631876, 0.000000, -1.376955
SCALE 1.000000, 1.000000, 1.000000
X 1.000000, 0.000000, 0.000000
Y 0.000000, 1.000000, 0.000000
Z 0.000000, 0.000000, 1.000000

PART 4
OFFSET 0.000000, 0.000000, 0.000000
SCALE 1.000000, 1.000000, 1.000000
X 1.000000, 0.000000, 0.000000
Y 0.000000, 1.000000, 0.000000
Z 0.000000, 0.000000, 1.000000

PART 5
OFFSET -3.506126, 6.340800, -6.712462
SCALE 1.000000, 1.000000, 1.000000
X 0.863690, -0.201459, -0.462011
Y -0.125085, -0.973643, 0.190718
Z -0.488256, -0.106930, -0.866125

PART 6
OFFSET -12.853580, -4.812700, -5.406972
SCALE 1.000000, 1.000000, 1.000000
X -0.705009, 0.555620, 0.440736
Y -0.238748, -0.771125, 0.590225
Z 0.667803, 0.310890, 0.676304

PART 7
OFFSET 8.256324, -2.669807, -4.543085
SCALE 1.000000, 1.000000, 1.000000
X 1.000000, 0.000000, 0.000000
Y 0.000000, 1.000000, 0.000000
Z 0.000000, 0.000000, 1.000000

PART 8
OFFSET 10.527927, 0.000000, -8.129675
SCALE 1.000000, 1.000000, 1.000000
X 1.000000, 0.000000, 0.000000
Y 0.000000, 1.000000, 0.000000
Z 0.000000, 0.000000, 1.000000

PART 9
OFFSET 1.540400, 0.000000, 4.135700
SCALE 1.000000, 1.000000, 1.000000
X 1.000000, 0.000000, 0.000000
Y 0.000000, 1.000000, 0.000000
Z 0.000000, 0.000000, 1.000000

PART 10
OFFSET -4.631800, 0.000000, -1.377000
SCALE 1.000000, 1.000000, 1.000000
X 1.000000, 0.000000, 0.000000
Y 0.000000, 1.000000, 0.000000
Z 0.000000, 0.000000, 1.000000

PART 11
OFFSET 6.939216, 3.904679, -12.300204
SCALE 1.000000, 1.000000, 1.000000
X 0.737689, -0.451002, 0.502407
Y -0.573349, -0.025557, 0.818912
Z -0.356491, -0.892157, -0.277435

PART 12
OFFSET -4.326977, -11.532071, -10.737044
SCALE 1.000000, 1.000000, 1.000000
X -0.753700, -0.610879, -0.242410
Y 0.643197, -0.609830, -0.463040
Z 0.135032, -0.504911, 0.852544

PART 13
OFFSET 8.256324, -2.669807, -4.543085
SCALE 1.000000, 1.000000, 1.000000
X 1.000000, 0.000000, 0.000000
Y 0.000000, 1.000000, 0.000000
Z 0.000000, 0.000000, 1.000000

PART 14
OFFSET 15.328565, 1.037529, -7.484198
SCALE 1.000000, 1.000000, 1.000000
X 0.742060, -0.448375, 0.498304
Y 0.362514, 0.893711, 0.264319
Z -0.563854, -0.015498, 0.825729

PART 15
OFFSET 14.421004, -1.008211, -8.748278
SCALE 1.000000, 1.000000, 1.000000
X 0.742060, -0.448375, 0.498304
Y 0.362514, 0.893711, 0.264319
Z -0.563854, -0.015498, 0.825729

PART 16
OFFSET 14.293430, 0.406039, -5.488566
SCALE 1.000000, 1.000000, 1.000000
X 0.742060, -0.448375, 0.498304
Y 0.362514, 0.893711, 0.264319
Z -0.563854, -0.015498, 0.825729

PART 17
OFFSET 13.682334, -0.939489, -5.998988
SCALE 1.000000, 1.000000, 1.000000
X 0.742060, -0.448375, 0.498304
Y 0.362514, 0.893711, 0.264319
Z -0.563854, -0.015498, 0.825729

PART 18
OFFSET 13.298880, -1.778224, -6.947471
SCALE 1.000000, 1.000000, 1.000000
X 0.742060, -0.448375, 0.498304
Y 0.362514, 0.893711, 0.264319
Z -0.563854, -0.015498, 0.825729

PART 19
OFFSET 15.474852, -1.313972, -6.486810
SCALE 1.000000, 1.000000, 1.000000
X 0.966686, -0.229795, 0.112753
Y 0.080429, 0.690878, 0.718483
Z -0.243002, -0.685479, 0.686344

PART 20
OFFSET 13.213376, 0.068683, -8.027026
SCALE 1.000000, 1.000000, 1.000000
X 0.737689, -0.451002, 0.502407
Y -0.181410, 0.584373, 0.790948
Z -0.650312, -0.674615, 0.349269

PART 21
OFFSET 2.804847, -4.856205, -6.729791
SCALE 1.000000, 1.000000, 1.000000
X -0.757895, -0.605849, -0.241956
Y -0.142170, 0.515355, -0.845102
Z 0.636697, -0.606099, -0.476719

PART 22
OFFSET 2.427193, -4.042812, -8.011571
SCALE 1.000000, 1.000000, 1.000000
X -0.757895, -0.605849, -0.241956
Y -0.142170, 0.515355, -0.845102
Z 0.636697, -0.606099, -0.476719

PART 23
OFFSET 2.600445, -4.422227, -9.174816
SCALE 1.000000, 1.000000, 1.000000
X -0.757895, -0.605849, -0.241956
Y -0.142170, 0.515355, -0.845102
Z 0.636697, -0.606099, -0.476719

PART 24
OFFSET 4.394101, -4.463583, -7.932115
SCALE 1.000000, 1.000000, 1.000000
X -0.954577, -0.141905, -0.262005
Y 0.284932, -0.177501, -0.941970
Z 0.087164, -0.973836, 0.209871

PART 25
OFFSET 2.083494, -6.336344, -8.675267
SCALE 1.000000, 1.000000, 1.000000
X -0.753700, -0.610879, -0.242410
Y 0.487917, -0.272983, -0.829106
Z 0.440310, -0.743174, 0.503806

PART 26
OFFSET 13.119811, -2.669807, -5.371216
SCALE 1.000000, 1.000000, 1.000000
X 1.000000, 0.000000, 0.000000
Y 0.000000, 1.000000, 0.000000
Z 0.000000, 0.000000, 1.000000

PART 27
OFFSET -23.935795, -2.669807, -5.371216
SCALE 1.000000, 1.000000, 1.000000
X 1.000000, 0.000000, 0.000000
Y 0.000000, 1.000000, 0.000000
Z 0.000000, 0.000000, 1.000000

PART 28
OFFSET 8.533505, -1.823109, -4.609204
SCALE 1.000000, 1.000000, 1.000000
X 1.000000, 0.000000, 0.000000
Y 0.000000, 1.000000, 0.000000
Z 0.000000, 0.000000, 1.000000

PART 29
OFFSET 13.119811, -2.669807, -5.371216
SCALE 1.000000, 1.000000, 1.000000
X 1.000000, 0.000000, 0.000000
Y 0.000000, 1.000000, 0.000000
Z 0.000000, 0.000000, 1.000000

PART 30
OFFSET -23.935795, -2.669807, -5.371216
SCALE 1.000000, 1.000000, 1.000000
X 1.000000, 0.000000, 0.000000
Y 0.000000, 1.000000, 0.000000
Z 0.000000, 0.000000, 1.000000

PART 31
OFFSET 11.181350, -2.669807, -6.473077
SCALE 1.000000, 1.000000, 1.000000
X 1.000000, 0.000000, 0.000000
Y 0.000000, 1.000000, 0.000000
Z 0.000000, 0.000000, 1.000000

PART 32
OFFSET 18.248045, -2.348207, -3.075185
SCALE 1.000000, 1.000000, 1.000000
X 1.000000, 0.000000, 0.000000
Y 0.000000, 1.000000, 0.000000
Z 0.000000, 0.000000, 1.000000

PART 33
OFFSET 8.263738, -2.669807, -2.547032
SCALE 1.000000, 1.000000, 1.000000
X 1.000000, 0.000000, 0.000000
Y 0.000000, 1.000000, 0.000000
Z 0.000000, 0.000000, 1.000000

PART 34
OFFSET 17.179584, -2.669807, -3.114567
SCALE 1.000000, 1.000000, 1.000000
X -0.000011, -0.835788, 0.549052
Y 1.000000, -0.000011, 0.000003
Z 0.000003, 0.549052, 0.835788

PART 35
OFFSET 13.726523, -2.654796, -5.307352
SCALE 1.000000, 1.000000, 1.000000
X 1.000000, 0.000000, 0.000000
Y 0.000000, 1.000000, 0.000000
Z 0.000000, 0.000000, 1.000000

PART 36
OFFSET 10.323227, -2.669807, -2.510272
SCALE 1.000000, 1.000000, 1.000000
X 1.000000, 0.000000, 0.000000
Y 0.000000, 1.000000, 0.000000
Z 0.000000, 0.000000, 1.000000

PART 37
OFFSET 9.869252, -2.669807, -2.278699
SCALE 1.000000, 1.000000, 1.000000
X 1.000000, 0.000000, 0.000000
Y 0.000000, 1.000000, 0.000000
Z 0.000000, 0.000000, 1.000000

PART 38
OFFSET 35.065055, -2.669807, -4.066041
SCALE 1.000000, 1.000000, 1.000000
X 1.000000, 0.000000, 0.000000
Y 0.000000, 1.000000, 0.000000
Z 0.000000, 0.000000, 1.000000

PART 39
OFFSET 21.247878, -2.669807, -5.105099
SCALE 1.000000, 1.000000, 1.000000
X 1.000000, 0.000000, 0.000000
Y 0.000000, 1.000000, 0.000000
Z 0.000000, 0.000000, 1.000000

PART 40
OFFSET 15.988107, -2.669807, -7.966877
SCALE 1.000000, 1.000000, 1.000000
X 1.000000, 0.000000, 0.000000
Y 0.000000, 1.000000, 0.000000
Z 0.000000, 0.000000, 1.000000

PART 41
OFFSET 23.582297, -2.669807, -6.130780
SCALE 1.000000, 1.000000, 1.000000
X 1.000000, 0.000000, 0.000000
Y 0.000000, 1.000000, 0.000000
Z 0.000000, 0.000000, 1.000000

PART 42
OFFSET 9.294499, -2.669807, -2.605303
SCALE 1.000000, 1.000000, 1.000000
X 1.000000, 0.000000, 0.000000
Y 0.000000, 1.000000, 0.000000
Z 0.000000, 0.000000, 1.000000

PART 43
OFFSET 16.637727, -2.669807, -2.278699
SCALE 1.000000, 1.000000, 1.000000
X 1.000000, 0.000000, 0.000000
Y 0.000000, 1.000000, 0.000000
Z 0.000000, 0.000000, 1.000000

PART 44
OFFSET 35.065055, -2.669807, -4.066041
SCALE 1.000000, 1.000000, 1.000000
X 1.000000, 0.000000, 0.000000
Y 0.000000, 1.000000, 0.000000
Z 0.000000, 0.000000, 1.000000

PART 45
OFFSET 9.046886, -2.669807, -2.692133
SCALE 1.000000, 1.000000, 1.000000
X 1.000000, 0.000000, 0.000000
Y 0.000000, 1.000000, 0.000000
Z 0.000000, 0.000000, 1.000000

PART 46
OFFSET 10.295368, -2.669807, -2.728689
SCALE 1.000000, 1.000000, 1.000000
X 1.000000, 0.000000, 0.000000
Y 0.000000, 1.000000, 0.000000
Z 0.000000, 0.000000, 1.000000

PART 47
OFFSET 9.398898, -2.669807, -2.628293
SCALE 1.000000, 1.000000, 1.000000
X 1.000000, 0.000000, 0.000000
Y 0.000000, 1.000000, 0.000000
Z 0.000000, 0.000000, 1.000000

PART 48
OFFSET 19.392620, -1.433601, -5.760645
SCALE 1.000000, 1.000000, 1.000000
X 0.546821, -0.835802, 0.049215
Y -0.553941, -0.317085, 0.769809
Z -0.627802, -0.448210, -0.636374

PART 49
OFFSET 19.158677, -2.281537, -6.428969
SCALE 1.000000, 1.000000, 1.000000
X 0.231870, -0.819869, 0.523499
Y -0.723725, 0.214191, 0.656006
Z -0.649968, -0.530978, -0.543695

PART 50
OFFSET 16.157636, -2.386769, -7.021988
SCALE 1.000000, 1.000000, 1.000000
X 0.519118, -0.813121, 0.263346
Y -0.584968, -0.113360, 0.803095
Z -0.623160, -0.570950, -0.534497

PART 51
OFFSET 16.457656, -1.882401, -6.615536
SCALE 1.000000, 1.000000, 1.000000
X 0.800410, -0.594654, 0.075703
Y -0.488290, -0.573505, 0.657773
Z -0.347731, -0.563453, -0.749403

PART 52
OFFSET 15.887524, -1.032053, -5.460897
SCALE 1.000000, 1.000000, 1.000000
X 0.932494, 0.052036, 0.357418
Y -0.100857, 0.987718, 0.119334
Z -0.346818, -0.147326, 0.926289

PART 53
OFFSET 18.452380, -1.292847, -4.630578
SCALE 1.000000, 1.000000, 1.000000
X 0.826437, -0.540418, 0.157957
Y 0.516308, 0.615526, -0.595444
Z 0.224562, 0.573651, 0.787716

PART 54
OFFSET 17.682120, -3.353958, -5.522372
SCALE 1.000000, 1.000000, 1.000000
X -0.418385, -0.564224, -0.711762
Y 0.243132, 0.685475, -0.686302
Z 0.875124, -0.460190, -0.149611

PART 55
OFFSET 7.931116, -4.138696, -6.122688
SCALE 1.000000, 1.000000, 1.000000
X -0.986954, -0.015229, -0.160283
Y -0.001549, -0.994572, 0.104040
Z -0.160998, 0.102931, 0.981573

PART 56
OFFSET 8.122781, -4.171747, -7.210194
SCALE 1.000000, 1.000000, 1.000000
X -0.262587, -0.940635, 0.215067
Y 0.957027, -0.282320, -0.066291
Z 0.123074, 0.188418, 0.974347

PART 57
OFFSET 5.489362, -4.336774, -8.761502
SCALE 1.000000, 1.000000, 1.000000
X -0.941578, -0.056815, 0.331967
Y 0.146075, -0.957025, 0.250529
Z 0.303467, 0.284385, 0.909414

PART 58
OFFSET 5.522124, -4.323624, -8.048506
SCALE 1.000000, 1.000000, 1.000000
X -0.995413, -0.086382, 0.041121
Y 0.094071, -0.962008, 0.256304
Z 0.017419, 0.258997, 0.965721

PART 59
OFFSET 4.512743, -3.828638, -6.991395
SCALE 1.000000, 1.000000, 1.000000
X -0.498588, -0.678416, -0.539594
Y 0.578194, 0.203502, -0.790113
Z 0.645834, -0.705931, 0.290792

PART 60
OFFSET 6.835191, -3.190896, -5.748093
SCALE 1.000000, 1.000000, 1.000000
X -0.929023, -0.369974, -0.005999
Y -0.349562, 0.882855, -0.313645
Z 0.121337, -0.289286, -0.949521

PART 61
OFFSET 20.355395, -2.905177, -5.673993
SCALE 1.000000, 1.000000, 1.000000
X -0.191925, -0.744805, 0.639086
Y -0.777038, 0.513094, 0.364618
Z -0.599480, -0.426615, -0.677217

PART 62
OFFSET 19.611649, -3.883199, -5.406283
SCALE 1.000000, 1.000000, 1.000000
X -0.523146, -0.211927, 0.825473
Y 0.839172, -0.297083, 0.455556
Z 0.148690, 0.931036, 0.333261

PART 63
OFFSET 17.343037, -4.144465, -6.253946
SCALE 1.000000, 1.000000, 1.000000
X -0.197702, 0.171642, 0.965118
Y -0.387994, 0.890445, -0.237841
Z -0.900208, -0.421481, -0.109447

PART 64
OFFSET 18.494106, -3.496813, -6.544892
SCALE 1.000000, 1.000000, 1.000000
X -0.166839, -0.625029, 0.762564
Y -0.564250, 0.694765, 0.446008
Z -0.808571, -0.355865, -0.468587

PART 65
OFFSET 17.870423, -0.829375, -4.626112
SCALE 1.000000, 1.000000, 1.000000
X 0.972449, -0.185119, 0.141685
Y 0.114429, 0.908580, 0.401732
Z -0.203101, -0.374451, 0.904730

PART 66
OFFSET 9.668750, -4.111883, -5.840493
SCALE 1.000000, 1.000000, 1.000000
X -0.366354, -0.926116, 0.089963
Y 0.917268, -0.343229, 0.202021
Z -0.156217, 0.156532, 0.975241

PART 67
OFFSET 8.635767, -2.334138, -7.630345
SCALE 1.000000, 1.000000, 1.000000
X 0.828806, -0.559535, -0.000860
Y 0.539121, 0.798978, -0.266426
Z 0.149762, 0.220352, 0.963855

PART 68
OFFSET 7.631228, -4.050340, -9.405642
SCALE 1.000000, 1.000000, 1.000000
X -0.298820, -0.942483, 0.149777
Y 0.867920, -0.333654, -0.367954
Z 0.396764, 0.020042, 0.917702

PART 69
OFFSET 8.105075, -4.159126, -8.293077
SCALE 1.000000, 1.000000, 1.000000
X -0.285647, -0.938800, 0.192509
Y 0.899146, -0.332044, -0.285103
Z 0.331576, 0.091655, 0.938966

PART 70
OFFSET 5.494983, -2.345641, -5.764286
SCALE 1.000000, 1.000000, 1.000000
X -0.902781, -0.348392, 0.252208
Y -0.060997, -0.476756, -0.876917
Z 0.425752, -0.807048, 0.409156

PART 71
OFFSET 20.158455, -3.784737, -4.855964
SCALE 1.000000, 1.000000, 1.000000
X -0.630915, -0.164921, 0.758121
Y -0.456880, 0.868728, -0.191238
Z -0.627062, -0.467025, -0.623443

PART 72
OFFSET 18.847518, -4.192749, -4.200559
SCALE 1.000000, 1.000000, 1.000000
X -0.727503, 0.350196, 0.590002
Y -0.059042, 0.824786, -0.562354
Z -0.683559, -0.443949, -0.579358

PART 73
OFFSET 17.063134, -3.901457, -4.887548
SCALE 1.000000, 1.000000, 1.000000
X -0.358246, 0.658834, 0.661512
Y -0.250864, 0.614555, -0.747924
Z -0.899293, -0.433890, -0.054884

PART 74
OFFSET 18.210055, -4.560954, -5.246593
SCALE 1.000000, 1.000000, 1.000000
X -0.570143, 0.307965, 0.761639
Y -0.148872, 0.873004, -0.464437
Z -0.807944, -0.378182, -0.451890

PART 75
OFFSET 19.410668, -1.224348, -4.320001
SCALE 1.000000, 1.000000, 1.000000
X 0.934076, 0.063835, 0.351323
Y -0.159339, 0.955014, 0.250118
Z -0.319552, -0.289608, 0.902227

PART 76
OFFSET 10.104630, -2.976519, -5.890628
SCALE 1.000000, 1.000000, 1.000000
X 0.048961, -0.994398, 0.093681
Y 0.985452, 0.063377, 0.157697
Z -0.162751, 0.084597, 0.983034

PART 77
OFFSET 7.425175, -1.516857, -7.629089
SCALE 1.000000, 1.000000, 1.000000
X 0.885076, 0.387140, -0.258385
Y -0.438597, 0.879523, -0.184584
Z 0.155796, 0.276697, 0.948244

PART 78
OFFSET 8.054283, -2.716017, -9.617689
SCALE 1.000000, 1.000000, 1.000000
X 0.606393, -0.754986, -0.249565
Y 0.709049, 0.655458, -0.260049
Z 0.359912, -0.019262, 0.932787

PART 79
OFFSET 8.591394, -2.560803, -8.620827
SCALE 1.000000, 1.000000, 1.000000
X 0.804268, -0.548546, -0.228583
Y 0.503111, 0.833230, -0.229364
Z 0.316278, 0.069467, 0.946120

PART 80
OFFSET 6.901062, -1.721249, -6.269581
SCALE 1.000000, 1.000000, 1.000000
X -0.533488, -0.021370, 0.845538
Y -0.655757, -0.620938, -0.429440
Z 0.534204, -0.783568, 0.317249

PART 81
OFFSET 19.445822, -3.971019, -3.999649
SCALE 1.000000, 1.000000, 1.000000
X 0.441736, -0.861807, -0.249314
Y 0.543470, 0.478158, -0.689931
Z 0.713799, 0.169272, 0.679586

PART 82
OFFSET 18.018760, -3.799884, -3.536044
SCALE 1.000000, 1.000000, 1.000000
X 0.638607, -0.767451, -0.056573
Y 0.370872, 0.371354, -0.851205
Z 0.674266, 0.522605, 0.521775

PART 83
OFFSET 16.745516, -3.317341, -4.301058
SCALE 1.000000, 1.000000, 1.000000
X -0.407081, 0.820009, 0.402332
Y -0.069375, 0.411450, -0.908788
Z -0.910754, -0.397862, -0.110606

PART 84
OFFSET 17.419863, -4.134129, -4.190997
SCALE 1.000000, 1.000000, 1.000000
X -0.589292, 0.609479, 0.530349
Y 0.076429, 0.695548, -0.714403
Z -0.804297, -0.380458, -0.456463

PART 85
OFFSET 20.403449, -1.152345, -3.894481
SCALE 1.000000, 1.000000, 1.000000
X 0.861938, 0.429966, -0.268685
Y -0.248987, -0.102673, -0.963049
Z -0.441665, 0.896988, 0.018559

PART 86
OFFSET 10.049326, -1.853302, -5.996445
SCALE 1.000000, 1.000000, 1.000000
X -0.951287, 0.290424, 0.103471
Y 0.270342, 0.947111, -0.172904
Z -0.148214, -0.136509, -0.979489

PART 87
OFFSET 6.421319, -1.956651, -7.343263
SCALE 1.000000, 1.000000, 1.000000
X -0.408453, -0.876174, 0.255901
Y -0.891199, 0.443405, 0.095690
Z -0.197309, -0.188974, -0.961955

PART 88
OFFSET 7.516636, -2.046622, -9.396417
SCALE 1.000000, 1.000000, 1.000000
X 0.911501, 0.086653, -0.402067
Y -0.091897, 0.995749, 0.006268
Z 0.400901, 0.031235, 0.915589

PART 89
OFFSET 7.476714, -1.800542, -8.304021
SCALE 1.000000, 1.000000, 1.000000
X 0.892649, 0.320015, -0.317439
Y -0.326295, 0.944629, 0.034741
Z 0.310980, 0.072567, 0.947642

PART 90
OFFSET 7.464656, -1.651761, -7.191189
SCALE 1.000000, 1.000000, 1.000000
X -0.872099, 0.359604, 0.331857
Y 0.098535, 0.793350, -0.600738
Z -0.479306, -0.491203, -0.727313

PART 91
OFFSET 16.358769, -2.538291, -3.918823
SCALE 1.000000, 1.000000, 1.000000
X 0.486611, -0.827948, 0.278770
Y 0.094584, -0.267293, -0.958962
Z 0.868484, 0.493008, -0.051757

PART 92
OFFSET 16.780749, -3.473121, -3.615809
SCALE 1.000000, 1.000000, 1.000000
X 0.398608, -0.915787, -0.049446
Y 0.434764, 0.236158, -0.869028
Z 0.807522, 0.324904, 0.492286

PART 93
OFFSET 6.650662, -2.128948, -9.014432
SCALE 1.000000, 1.000000, 1.000000
X -0.697255, -0.696040, 0.171360
Y -0.605336, 0.699778, 0.379314
Z -0.383931, 0.160748, -0.909262

PART 94
OFFSET 6.508614, -2.147606, -7.959750
SCALE 1.000000, 1.000000, 1.000000
X -0.529981, -0.798276, 0.286138
Y -0.792030, 0.586529, 0.169327
Z -0.302998, -0.136889, -0.943109

FRAME 1
PART 0
OFFSET 0.000000, 0.000000, 0.000000
SCALE 1.000000, 1.000000, 1.000000
X 1.000000, 0.000000, 0.000000
Y 0.000000, 1.000000, 0.000000
Z 0.000000, 0.000000, 1.000000

PART 1
OFFSET 0.000000, 0.000000, 0.000000
SCALE 1.000000, 1.000000, 1.000000
X 1.000000, 0.000000, 0.000000
Y 0.000000, 1.000000, 0.000000
Z 0.000000, 0.000000, 1.000000

PART 2
OFFSET 0.000000, 0.000000, 0.000000
SCALE 1.000000, 1.000000, 1.000000
X 1.000000, 0.000000, 0.000000
Y 0.000000, 1.000000, 0.000000
Z 0.000000, 0.000000, 1.000000

PART 3
OFFSET -4.631876, 0.000000, -1.376955
SCALE 1.000000, 1.000000, 1.000000
X 1.000000, 0.000000, 0.000000
Y 0.000000, 1.000000, 0.000000
Z 0.000000, 0.000000, 1.000000

PART 4
OFFSET 0.000000, 0.000000, 0.000000
SCALE 1.000000, 1.000000, 1.000000
X 1.000000, 0.000000, 0.000000
Y 0.000000, 1.000000, 0.000000
Z 0.000000, 0.000000, 1.000000

PART 5
OFFSET -3.506126, 6.340800, -6.712462
SCALE 1.000000, 1.000000, 1.000000
X 0.844778, -0.188883, -0.500672
Y -0.117306, -0.978242, 0.171122
Z -0.522101, -0.085829, -0.848554

PART 6
OFFSET -12.853580, -4.812700, -5.406972
SCALE 1.000000, 1.000000, 1.000000
X -0.668687, 0.584870, 0.459113
Y -0.241031, -0.754630, 0.610277
Z 0.703393, 0.297423, 0.645583

PART 7
OFFSET 7.407711, -2.671100, -4.625855
SCALE 1.000000, 1.000000, 1.000000
X 0.999469, -0.000013, 0.032589
Y 0.000109, 0.999996, -0.002928
Z -0.032589, 0.002930, 0.999465

PART 8
OFFSET 10.527927, 0.000000, -8.129675
SCALE 1.000000, 1.000000, 1.000000
X 1.000000, 0.000000, 0.000000
Y 0.000000, 1.000000, 0.000000
Z 0.000000, 0.000000, 1.000000

PART 9
OFFSET 1.540400, 0.000000, 4.135700
SCALE 1.000000, 1.000000, 1.000000
X 1.000000, 0.000000, 0.000000
Y 0.000000, 1.000000, 0.000000
Z 0.000000, 0.000000, 1.000000

PART 10
OFFSET -4.631800, 0.000000, -1.377000
SCALE 1.000000, 1.000000, 1.000000
X 1.000000, 0.000000, 0.000000
Y 0.000000, 1.000000, 0.000000
Z 0.000000, 0.000000, 1.000000

PART 11
OFFSET 6.710494, 4.056774, -12.767759
SCALE 1.000000, 1.000000, 1.000000
X 0.689287, -0.464857, 0.555690
Y -0.624640, 0.007251, 0.780879
Z -0.367027, -0.885356, -0.285370

PART 12
OFFSET -4.766242, -11.885821, -10.959314
SCALE 1.000000, 1.000000, 1.000000
X -0.728183, -0.640416, -0.244164
Y 0.668500, -0.585068, -0.459133
Z 0.151184, -0.497557, 0.854155

PART 13
OFFSET 7.407711, -2.671100, -4.625855
SCALE 1.000000, 1.000000, 1.000000
X 0.999469, -0.000013, 0.032589
Y 0.000109, 0.999996, -0.002928
Z -0.032589, 0.002930, 0.999465

PART 14
OFFSET 14.679898, 1.014389, -7.379984
SCALE 1.000000, 1.000000, 1.000000
X 0.693992, -0.462444, 0.551834
Y 0.373938, 0.886482, 0.272616
Z -0.615260, 0.017159, 0.788137

PART 15
OFFSET 13.788214, -1.024235, -8.666657
SCALE 1.000000, 1.000000, 1.000000
X 0.693992, -0.462444, 0.551834
Y 0.373938, 0.886482, 0.272616
Z -0.615260, 0.017159, 0.788137

PART 16
OFFSET 13.500329, 0.451836, -5.444788
SCALE 1.000000, 1.000000, 1.000000
X 0.693992, -0.462444, 0.551834
Y 0.373938, 0.886482, 0.272616
Z -0.615260, 0.017159, 0.788137

PART 17
OFFSET 12.879362, -0.882782, -5.971674
SCALE 1.000000, 1.000000, 1.000000
X 0.693992, -0.462444, 0.551834
Y 0.373938, 0.886482, 0.272616
Z -0.615260, 0.017159, 0.788137

PART 18
OFFSET 12.555296, -1.700345, -6.939526
SCALE 1.000000, 1.000000, 1.000000
X 0.693992, -0.462444, 0.551834
Y 0.373938, 0.886482, 0.272616
Z -0.615260, 0.017159, 0.788137

PART 19
OFFSET 14.686064, -1.322196, -6.337836
SCALE 1.000000, 1.000000, 1.000000
X 0.962461, -0.229550, 0.144830
Y 0.057148, 0.693026, 0.718644
Z -0.265335, -0.683390, 0.680129

PART 20
OFFSET 12.572974, 0.102936, -8.041398
SCALE 1.000000, 1.000000, 1.000000
X 0.689287, -0.464857, 0.555690
Y -0.223598, 0.593069, 0.773481
Z -0.689121, -0.657402, 0.304853

PART 21
OFFSET 2.081968, -4.927786, -6.937383
SCALE 1.000000, 1.000000, 1.000000
X -0.732581, -0.635544, -0.243741
Y -0.158738, 0.507724, -0.846770
Z 0.661912, -0.581636, -0.472834

PART 22
OFFSET 1.678040, -4.132334, -8.222408
SCALE 1.000000, 1.000000, 1.000000
X -0.732581, -0.635544, -0.243741
Y -0.158738, 0.507724, -0.846770
Z 0.661912, -0.581636, -0.472834

PART 23
OFFSET 1.870828, -4.506953, -9.384132
SCALE 1.000000, 1.000000, 1.000000
X -0.732581, -0.635544, -0.243741
Y -0.158738, 0.507724, -0.846770
Z 0.661912, -0.581636, -0.472834

PART 24
OFFSET 3.659576, -4.475557, -8.134089
SCALE 1.000000, 1.000000, 1.000000
X -0.945580, -0.142520, -0.292518
Y 0.315393, -0.180315, -0.931672
Z 0.080037, -0.973229, 0.215452

PART 25
OFFSET 1.427197, -6.438870, -8.882618
SCALE 1.000000, 1.000000, 1.000000
X -0.728183, -0.640416, -0.244164
Y 0.511338, -0.270412, -0.815727
Z 0.456380, -0.718849, 0.524378

PART 26
OFFSET 12.295602, -2.673591, -5.295046
SCALE 1.000000, 1.000000, 1.000000
X 0.999469, -0.000013, 0.032589
Y 0.000109, 0.999996, -0.002928
Z -0.032589, 0.002930, 0.999465

PART 27
OFFSET -24.740321, -2.673099, -6.502655
SCALE 1.000000, 1.000000, 1.000000
X 0.999469, -0.000013, 0.032589
Y 0.000109, 0.999996, -0.002928
Z -0.032589, 0.002930, 0.999465

PART 28
OFFSET 7.686992, -1.824602, -4.685385
SCALE 1.000000, 1.000000, 1.000000
X 0.999469, -0.000013, 0.032589
Y 0.000109, 0.999996, -0.002928
Z -0.032589, 0.002930, 0.999465

PART 29
OFFSET 12.295602, -2.673591, -5.295046
SCALE 1.000000, 1.000000, 1.000000
X 0.999469, -0.000013, 0.032589
Y 0.000109, 0.999996, -0.002928
Z -0.032589, 0.002930, 0.999465

PART 30
OFFSET -24.740321, -2.673099, -6.502655
SCALE 1.000000, 1.000000, 1.000000
X 0.999469, -0.000013, 0.032589
Y 0.000109, 0.999996, -0.002928
Z -0.032589, 0.002930, 0.999465

PART 31
OFFSET 10.394079, -2.676794, -6.459490
SCALE 1.000000, 1.000000, 1.000000
X 0.999469, -0.000013, 0.032589
Y 0.000109, 0.999996, -0.002928
Z -0.032589, 0.002930, 0.999465

PART 32
OFFSET 13.878536, -2.345408, -2.947268
SCALE 1.000000, 1.000000, 1.000000
X 0.999469, -0.000013, 0.032589
Y 0.000109, 0.999996, -0.002928
Z -0.032589, 0.002930, 0.999465

PART 33
OFFSET 7.350072, -2.665251, -2.630629
SCALE 1.000000, 1.000000, 1.000000
X 0.999469, -0.000013, 0.032589
Y 0.000109, 0.999996, -0.002928
Z -0.032589, 0.002930, 0.999465

PART 34
OFFSET 16.279677, -2.667032, -2.907301
SCALE 1.000000, 1.000000, 1.000000
X -0.017995, -0.834175, 0.551206
Y 0.999469, -0.000024, 0.032592
Z -0.027174, 0.551499, 0.833733

PART 35
OFFSET 12.899912, -2.658400, -5.211488
SCALE 1.000000, 1.000000, 1.000000
X 0.999469, -0.000013, 0.032589
Y 0.000109, 0.999996, -0.002928
Z -0.032589, 0.002930, 0.999465

PART 36
OFFSET 9.407269, -2.665171, -2.526772
SCALE 1.000000, 1.000000, 1.000000
X 0.999469, -0.000013, 0.032589
Y 0.000109, 0.999996, -0.002928
Z -0.032589, 0.002930, 0.999465

PART 37
OFFSET 8.945988, -2.664486, -2.310118
SCALE 1.000000, 1.000000, 1.000000
X 0.999469, -0.000013, 0.032589
Y 0.000109, 0.999996, -0.002928
Z -0.032589, 0.002930, 0.999465

PART 38
OFFSET 34.186656, -2.670058, -3.275394
SCALE 1.000000, 1.000000, 1.000000
X 0.999469, -0.000013, 0.032589
Y 0.000109, 0.999996, -0.002928
Z -0.032589, 0.002930, 0.999465

PART 39
OFFSET 20.410680, -2.672919, -4.764185
SCALE 1.000000, 1.000000, 1.000000
X 0.999469, -0.000013, 0.032589
Y 0.000109, 0.999996, -0.002928
Z -0.032589, 0.002930, 0.999465

PART 40
OFFSET 15.246964, -2.681235, -7.795842
SCALE 1.000000, 1.000000, 1.000000
X 0.999469, -0.000013, 0.032589
Y 0.000109, 0.999996, -0.002928
Z -0.032589, 0.002930, 0.999465

PART 41
OFFSET 22.777284, -2.675956, -5.713240
SCALE 1.000000, 1.000000, 1.000000
X 0.999469, -0.000013, 0.032589
Y 0.000109, 0.999996, -0.002928
Z -0.032589, 0.002930, 0.999465

PART 42
OFFSET 8.382184, -2.665435, -2.655277
SCALE 1.000000, 1.000000, 1.000000
X 0.999469, -0.000013, 0.032589
Y 0.000109, 0.999996, -0.002928
Z -0.032589, 0.002930, 0.999465

PART 43
OFFSET 15.710868, -2.664576, -2.089539
SCALE 1.000000, 1.000000, 1.000000
X 0.999469, -0.000013, 0.032589
Y 0.000109, 0.999996, -0.002928
Z -0.032589, 0.002930, 0.999465

PART 44
OFFSET 34.186656, -2.670058, -3.275394
SCALE 1.000000, 1.000000, 1.000000
X 0.999469, -0.000013, 0.032589
Y 0.000109, 0.999996, -0.002928
Z -0.032589, 0.002930, 0.999465

PART 45
OFFSET 8.137533, -2.665686, -2.750131
SCALE 1.000000, 1.000000, 1.000000
X 0.999469, -0.000013, 0.032589
Y 0.000109, 0.999996, -0.002928
Z -0.032589, 0.002930, 0.999465

PART 46
OFFSET 9.386543, -2.665810, -2.745980
SCALE 1.000000, 1.000000, 1.000000
X 0.999469, -0.000013, 0.032589
Y 0.000109, 0.999996, -0.002928
Z -0.032589, 0.002930, 0.999465

PART 47
OFFSET 8.487277, -2.665504, -2.674853
SCALE 1.000000, 1.000000, 1.000000
X 0.999469, -0.000013, 0.032589
Y 0.000109, 0.999996, -0.002928
Z -0.032589, 0.002930, 0.999465

PART 48
OFFSET 18.578111, -1.440026, -5.484247
SCALE 1.000000, 1.000000, 1.000000
X 0.544767, -0.835703, 0.069485
Y -0.578753, -0.314717, 0.752329
Z -0.606855, -0.450059, -0.655113

PART 49
OFFSET 18.365868, -2.289942, -6.157281
SCALE 1.000000, 1.000000, 1.000000
X 0.214535, -0.818312, 0.533236
Y -0.744656, 0.216244, 0.631448
Z -0.632030, -0.532545, -0.562969

PART 50
OFFSET 15.385687, -2.396662, -6.847297
SCALE 1.000000, 1.000000, 1.000000
X 0.510107, -0.812385, 0.282527
Y -0.610817, -0.110896, 0.783967
Z -0.605552, -0.572479, -0.552788

PART 51
OFFSET 15.672424, -1.891105, -6.432815
SCALE 1.000000, 1.000000, 1.000000
X 0.797407, -0.594502, 0.103485
Y -0.509542, -0.571479, 0.643257
Z -0.323278, -0.565668, -0.758625

PART 52
OFFSET 15.065198, -1.037236, -5.299891
SCALE 1.000000, 1.000000, 1.000000
X 0.920377, 0.053024, 0.387421
Y -0.104499, 0.988082, 0.113022
Z -0.376811, -0.144508, 0.914949

PART 53
OFFSET 17.601634, -1.295785, -4.385793
SCALE 1.000000, 1.000000, 1.000000
X 0.820747, -0.540033, 0.186384
Y 0.535544, 0.613697, -0.580145
Z 0.198914, 0.575969, 0.792902

PART 54
OFFSET 16.860391, -3.359491, -5.295987
SCALE 1.000000, 1.000000, 1.000000
X -0.395116, -0.566312, -0.723307
Y 0.265455, 0.683398, -0.680074
Z 0.879441, -0.460714, -0.119691

PART 55
OFFSET 7.135909, -4.145922, -6.211460
SCALE 1.000000, 1.000000, 1.000000
X -0.981218, -0.015542, -0.192276
Y -0.005190, -0.994261, 0.106851
Z -0.192833, 0.105842, 0.975506

PART 56
OFFSET 7.362860, -4.182200, -7.292049
SCALE 1.000000, 1.000000, 1.000000
X -0.269702, -0.939952, 0.209167
Y 0.958599, -0.282685, -0.034302
Z 0.091370, 0.191256, 0.977278

PART 57
OFFSET 4.781284, -4.351363, -8.927756
SCALE 1.000000, 1.000000, 1.000000
X -0.951899, -0.055703, 0.301306
Y 0.137607, -0.956311, 0.257940
Z 0.273774, 0.286995, 0.917977

PART 58
OFFSET 4.790826, -4.336122, -8.214113
SCALE 1.000000, 1.000000, 1.000000
X -0.996245, -0.086109, 0.008965
Y 0.085444, -0.961268, 0.262035
Z -0.013946, 0.261817, 0.965017

PART 59
OFFSET 3.747701, -3.837868, -7.191872
SCALE 1.000000, 1.000000, 1.000000
X -0.480942, -0.679908, -0.553552
Y 0.603653, 0.201094, -0.771469
Z 0.635844, -0.705185, 0.313714

PART 60
OFFSET 6.028617, -3.196848, -5.875514
SCALE 1.000000, 1.000000, 1.000000
X -0.928429, -0.369842, -0.035150
Y -0.338946, 0.881990, -0.327428
Z 0.152099, -0.292080, -0.944222

PART 61
OFFSET 19.537270, -2.911429, -5.361906
SCALE 1.000000, 1.000000, 1.000000
X -0.212747, -0.742871, 0.634729
Y -0.788391, 0.514252, 0.337616
Z -0.577216, -0.428588, -0.695078

PART 62
OFFSET 18.784975, -3.888563, -5.115574
SCALE 1.000000, 1.000000, 1.000000
X -0.549789, -0.209406, 0.808629
Y 0.823838, -0.295783, 0.483533
Z 0.137924, 0.932020, 0.335135

PART 63
OFFSET 16.545106, -4.152181, -6.035842
SCALE 1.000000, 1.000000, 1.000000
X -0.228958, 0.174560, 0.957657
Y -0.379880, 0.889763, -0.253007
Z -0.896253, -0.421723, -0.137407

PART 64
OFFSET 17.705182, -3.505497, -6.291117
SCALE 1.000000, 1.000000, 1.000000
X -0.191680, -0.622719, 0.758604
Y -0.578325, 0.696157, 0.425330
Z -0.792968, -0.357192, -0.493573

PART 65
OFFSET 17.019915, -0.832233, -4.401621
SCALE 1.000000, 1.000000, 1.000000
X 0.967285, -0.184795, 0.173814
Y 0.101481, 0.909775, 0.402506
Z -0.232513, -0.371699, 0.898764

PART 66
OFFSET 8.863445, -4.118559, -5.872938
SCALE 1.000000, 1.000000, 1.000000
X -0.369315, -0.925793, 0.080703
Y 0.910125, -0.342774, 0.232764
Z -0.187829, 0.159413, 0.969179

PART 67
OFFSET 7.889744, -2.345926, -7.700674
SCALE 1.000000, 1.000000, 1.000000
X 0.828251, -0.559670, 0.027733
Y 0.547707, 0.798105, -0.251090
Z 0.118394, 0.223155, 0.967566

PART 68
OFFSET 6.943052, -4.067136, -9.502666
SCALE 1.000000, 1.000000, 1.000000
X -0.303753, -0.941998, 0.142741
Y 0.879356, -0.334852, -0.338538
Z 0.366699, 0.022688, 0.930063

PART 69
OFFSET 7.380408, -4.172735, -8.374996
SCALE 1.000000, 1.000000, 1.000000
X -0.291990, -0.938187, 0.185869
Y 0.907863, -0.333017, -0.254724
Z 0.300876, 0.094367, 0.948983

PART 70
OFFSET 4.689876, -2.351453, -5.937780
SCALE 1.000000, 1.000000, 1.000000
X -0.910609, -0.347494, 0.223694
Y -0.032542, -0.479308, -0.877043
Z 0.411986, -0.805923, 0.425154

PART 71
OFFSET 19.313667, -3.788519, -4.548089
SCALE 1.000000, 1.000000, 1.000000
X -0.655291, -0.162578, 0.737673
Y -0.450244, 0.868193, -0.208617
Z -0.606526, -0.468838, -0.642119

PART 72
OFFSET 17.981928, -4.194431, -3.934453
SCALE 1.000000, 1.000000, 1.000000
X -0.746259, 0.352026, 0.564956
Y -0.040557, 0.823099, -0.566447
Z -0.664419, -0.445629, -0.599968

PART 73
OFFSET 16.220952, -3.905042, -4.680008
SCALE 1.000000, 1.000000, 1.000000
X -0.379453, 0.660860, 0.647517
Y -0.226289, 0.612313, -0.757539
Z -0.897111, -0.433977, -0.082799

PART 74
OFFSET 17.378838, -4.565705, -4.999560
SCALE 1.000000, 1.000000, 1.000000
X -0.594559, 0.310308, 0.741761
Y -0.133514, 0.871619, -0.471651
Z -0.792890, -0.379459, -0.476798

PART 75
OFFSET 18.549301, -1.226446, -4.044358
SCALE 1.000000, 1.000000, 1.000000
X 0.922162, 0.064781, 0.381340
Y -0.167191, 0.955779, 0.241938
Z -0.348803, -0.286863, 0.892214

PART 76
OFFSET 9.301004, -2.983413, -5.912183
SCALE 1.000000, 1.000000, 1.000000
X 0.045633, -0.994128, 0.098119
Y 0.979814, 0.063679, 0.189498
Z -0.194633, 0.087491, 0.976966

PART 77
OFFSET 6.679963, -1.528446, -7.741181
SCALE 1.000000, 1.000000, 1.000000
X 0.893111, 0.386236, -0.230597
Y -0.432135, 0.879049, -0.201324
Z 0.124947, 0.279453, 0.951995

PART 78
OFFSET 7.373091, -2.733500, -9.704752
SCALE 1.000000, 1.000000, 1.000000
X 0.614026, -0.755792, -0.227487
Y 0.717279, 0.654602, -0.238761
Z 0.329367, -0.016566, 0.944057

PART 79
OFFSET 7.877525, -2.575456, -8.691441
SCALE 1.000000, 1.000000, 1.000000
X 0.811144, -0.549337, -0.200685
Y 0.510511, 0.832476, -0.215319
Z 0.285348, 0.072203, 0.955700

PART 80
OFFSET 6.111832, -1.728788, -6.398842
SCALE 1.000000, 1.000000, 1.000000
X -0.560742, -0.018803, 0.827777
Y -0.641595, -0.622076, -0.448751
Z 0.523378, -0.782731, 0.336760

PART 81
OFFSET 18.573501, -3.972155, -3.714870
SCALE 1.000000, 1.000000, 1.000000
X 0.449400, -0.862609, -0.232261
Y 0.565700, 0.476018, -0.673343
Z 0.691392, 0.171210, 0.701900

PART 82
OFFSET 17.132050, -3.799504, -3.298447
SCALE 1.000000, 1.000000, 1.000000
X 0.640053, -0.767604, -0.033396
Y 0.398439, 0.368768, -0.839796
Z 0.656946, 0.524208, 0.541875

PART 83
OFFSET 15.884532, -3.319129, -4.105925
SCALE 1.000000, 1.000000, 1.000000
X -0.419802, 0.821256, 0.386400
Y -0.039700, 0.408708, -0.911801
Z -0.906747, -0.398116, -0.138973

PART 84
OFFSET 16.554808, -4.135633, -3.971514
SCALE 1.000000, 1.000000, 1.000000
X -0.606114, 0.611127, 0.509067
Y 0.099765, 0.693391, -0.713621
Z -0.789096, -0.381749, -0.481243

PART 85
OFFSET 19.527725, -1.153281, -3.586975
SCALE 1.000000, 1.000000, 1.000000
X 0.870313, 0.429061, -0.241791
Y -0.217540, -0.105553, -0.970327
Z -0.441851, 0.897087, 0.001474

PART 86
OFFSET 9.249460, -1.860500, -6.023013
SCALE 1.000000, 1.000000, 1.000000
X -0.954088, 0.290857, 0.071549
Y 0.276047, 0.946551, -0.166848
Z -0.116254, -0.139437, -0.983383

PART 87
OFFSET 5.667230, -1.967236, -7.486866
SCALE 1.000000, 1.000000, 1.000000
X -0.416858, -0.875431, 0.244642
Y -0.893747, 0.443805, 0.065222
Z -0.165671, -0.191459, -0.967417

PART 88
OFFSET 6.828676, -2.063391, -9.503055
SCALE 1.000000, 1.000000, 1.000000
X 0.924115, 0.085357, -0.372458
Y -0.091831, 0.995775, 0.000360
Z 0.370915, 0.033871, 0.928049

PART 89
OFFSET 6.753315, -1.814099, -8.413300
SCALE 1.000000, 1.000000, 1.000000
X 0.902579, 0.318956, -0.289168
Y -0.327030, 0.944773, 0.021338
Z 0.280004, 0.075308, 0.957040

PART 90
OFFSET 6.705153, -1.662094, -7.301809
SCALE 1.000000, 1.000000, 1.000000
X -0.882344, 0.360726, 0.302234
Y 0.118259, 0.791573, -0.599523
Z -0.455504, -0.493244, -0.741099

PART 91
OFFSET 15.485699, -2.538895, -3.738825
SCALE 1.000000, 1.000000, 1.000000
X 0.477072, -0.827189, 0.296917
Y 0.125629, -0.270187, -0.954576
Z 0.869839, 0.492704, -0.024980

PART 92
OFFSET 15.897449, -3.472837, -3.419407
SCALE 1.000000, 1.000000, 1.000000
X 0.399788, -0.915987, -0.033728
Y 0.462810, 0.233484, -0.855156
Z 0.791187, 0.326272, 0.517272

PART 93
OFFSET 5.950717, -2.144485, -9.149200
SCALE 1.000000, 1.000000, 1.000000
X -0.702626, -0.695429, 0.150646
Y -0.617193, 0.700988, 0.357335
Z -0.354103, 0.158095, -0.921747

PART 94
OFFSET 5.774446, -2.160015, -8.099690
SCALE 1.000000, 1.000000, 1.000000
X -0.539157, -0.797376, 0.271111
Y -0.797000, 0.587105, 0.141771
Z -0.272215, -0.139639, -0.952050

FRAME 2
PART 0
OFFSET 0.000000, 0.000000, 0.000000
SCALE 1.000000, 1.000000, 1.000000
X 1.000000, 0.000000, 0.000000
Y 0.000000, 1.000000, 0.000000
Z 0.000000, 0.000000, 1.000000

PART 1
OFFSET 0.000000, 0.000000, 0.000000
SCALE 1.000000, 1.000000, 1.000000
X 1.000000, 0.000000, 0.000000
Y 0.000000, 1.000000, 0.000000
Z 0.000000, 0.000000, 1.000000

PART 2
OFFSET 0.000000, 0.000000, 0.000000
SCALE 1.000000, 1.000000, 1.000000
X 1.000000, 0.000000, 0.000000
Y 0.000000, 1.000000, 0.000000
Z 0.000000, 0.000000, 1.000000

PART 3
OFFSET -4.631876, 0.000000, -1.376955
SCALE 1.000000, 1.000000, 1.000000
X 1.000000, 0.000000, 0.000000
Y 0.000000, 1.000000, 0.000000
Z 0.000000, 0.000000, 1.000000

PART 4
OFFSET 0.000000, 0.000000, 0.000000
SCALE 1.000000, 1.000000, 1.000000
X 1.000000, 0.000000, 0.000000
Y 0.000000, 1.000000, 0.000000
Z 0.000000, 0.000000, 1.000000

PART 5
OFFSET -3.506126, 6.340800, -6.712462
SCALE 1.000000, 1.000000, 1.000000
X 0.846013, -0.186577, -0.499450
Y -0.112164, -0.978089, 0.175386
Z -0.521230, -0.092358, -0.848404

PART 6
OFFSET -12.853580, -4.812700, -5.406972
SCALE 1.000000, 1.000000, 1.000000
X -0.674217, 0.579159, 0.458264
Y -0.234952, -0.756473, 0.610366
Z 0.700163, 0.303849, 0.646102

PART 7
OFFSET 7.397608, -2.650500, -4.539447
SCALE 1.000000, 1.000000, 1.000000
X 0.999580, -0.000009, 0.028995
Y -0.001108, 0.999258, 0.038496
Z -0.028974, -0.038512, 0.998838

PART 8
OFFSET 10.527927, 0.000000, -8.129675
SCALE 1.000000, 1.000000, 1.000000
X 1.000000, 0.000000, 0.000000
Y 0.000000, 1.000000, 0.000000
Z 0.000000, 0.000000, 1.000000

PART 9
OFFSET 1.540400, 0.000000, 4.135700
SCALE 1.000000, 1.000000, 1.000000
X 1.000000, 0.000000, 0.000000
Y 0.000000, 1.000000, 0.000000
Z 0.000000, 0.000000, 1.000000

PART 10
OFFSET -4.631800, 0.000000, -1.377000
SCALE 1.000000, 1.000000, 1.000000
X 1.000000, 0.000000, 0.000000
Y 0.000000, 1.000000, 0.000000
Z 0.000000, 0.000000, 1.000000

PART 11
OFFSET 6.725429, 4.084662, -12.752979
SCALE 1.000000, 1.000000, 1.000000
X 0.686435, -0.458629, 0.564329
Y -0.630567, 0.011136, 0.776055
Z -0.362206, -0.888558, -0.281552

PART 12
OFFSET -4.699362, -11.816750, -10.949046
SCALE 1.000000, 1.000000, 1.000000
X -0.720577, -0.648333, -0.245831
Y 0.675885, -0.577643, -0.457721
Z 0.154753, -0.495976, 0.854435

PART 13
OFFSET 7.397608, -2.650500, -4.539447
SCALE 1.000000, 1.000000, 1.000000
X 0.999580, -0.000009, 0.028995
Y -0.001108, 0.999258, 0.038496
Z -0.028974, -0.038512, 0.998838

PART 14
OFFSET 14.662766, 1.106536, -7.282597
SCALE 1.000000, 1.000000, 1.000000
X 0.691162, -0.456230, 0.560490
Y 0.369231, 0.889610, 0.268815
Z -0.621259, 0.021156, 0.783319

PART 15
OFFSET 13.786963, -0.944269, -8.560795
SCALE 1.000000, 1.000000, 1.000000
X 0.691162, -0.456230, 0.560490
Y 0.369231, 0.889610, 0.268815
Z -0.621259, 0.021156, 0.783319

PART 16
OFFSET 13.470231, 0.554748, -5.352255
SCALE 1.000000, 1.000000, 1.000000
X 0.691162, -0.456230, 0.560490
Y 0.369231, 0.889610, 0.268815
Z -0.621259, 0.021156, 0.783319

PART 17
OFFSET 12.857268, -0.785619, -5.873891
SCALE 1.000000, 1.000000, 1.000000
X 0.691162, -0.456230, 0.560490
Y 0.369231, 0.889610, 0.268815
Z -0.621259, 0.021156, 0.783319

PART 18
OFFSET 12.568535, -1.585637, -6.848409
SCALE 1.000000, 1.000000, 1.000000
X 0.691162, -0.456230, 0.560490
Y 0.369231, 0.889610, 0.268815
Z -0.621259, 0.021156, 0.783319

PART 19
OFFSET 14.668001, -1.222235, -6.223097
SCALE 1.000000, 1.000000, 1.000000
X 0.963273, -0.234090, 0.131554
