// Export filename: 'K:\Juegos\Steam\steamapps\common\Call of Duty Black Ops\xanim_export\ricos\guns\ak12\ak12_pullout.xanim_export'
// Source filename: 'K:\01 Ricko0z\Working Gun\AK12\01 Escenas\ak12_handed.mb'
// Export time: Thu Jun 02 2016, 18:47:07

ANIMATION
VERSION 3

NUMPARTS 95
PART 0 "tag_view"
PART 1 "tag_ads"
PART 2 "tag_cambone"
PART 3 "tag_torso"
PART 4 "tag_camera"
PART 5 "j_shoulder_le"
PART 6 "j_shoulder_ri"
PART 7 "tag_weapon"
PART 8 "tag_weapon1"
PART 9 "tag_gasmask"
PART 10 "tag_gasmask2"
PART 11 "j_elbow_le"
PART 12 "j_elbow_ri"
PART 13 "j_gun"
PART 14 "j_sleave_reshape_bottom_le_1"
PART 15 "j_sleave_reshape_bottom_le_2"
PART 16 "j_sleave_reshape_top_le_1"
PART 17 "j_sleave_reshape_top_le_2"
PART 18 "j_sleave_reshape_top_le_3"
PART 19 "j_wrist_le"
PART 20 "j_wristtwist_le"
PART 21 "j_sleave_reshape_top_ri_1"
PART 22 "j_sleave_reshape_top_ri_2"
PART 23 "j_sleave_reshape_top_ri_3"
PART 24 "j_wrist_ri"
PART 25 "j_wristtwist_ri"
PART 26 "j_bullet"
PART 27 "j_bullet1"
PART 28 "j_clip"
PART 29 "j_mag"
PART 30 "j_mag1"
PART 31 "j_magrelease"
PART 32 "j_reload"
PART 33 "tag_acog_2"
PART 34 "tag_brass"
PART 35 "tag_clip"
PART 36 "tag_eclan"
PART 37 "tag_eotech"
PART 38 "tag_flash"
PART 39 "tag_folding_grip"
PART 40 "tag_grenade_launcher"
PART 41 "tag_maul"
PART 42 "tag_red_dot"
PART 43 "tag_sight_on"
PART 44 "tag_silencer"
PART 45 "tag_target_finder"
PART 46 "tag_thermal_scope"
PART 47 "tag_variable_zoom_reflex"
PART 48 "j_index_le_0"
PART 49 "j_mid_le_0"
PART 50 "j_pinkypalm_le"
PART 51 "j_ringpalm_le"
PART 52 "j_thumb_le_0"
PART 53 "j_webbing_le"
PART 54 "tag_knife_attach"
PART 55 "j_index_ri_0"
PART 56 "j_mid_ri_0"
PART 57 "j_pinkypalm_ri"
PART 58 "j_ringpalm_ri"
PART 59 "j_thumb_ri_0"
PART 60 "j_webbing_ri"
PART 61 "j_index_le_1"
PART 62 "j_mid_le_1"
PART 63 "j_pinky_le_0"
PART 64 "j_ring_le_0"
PART 65 "j_thumb_le_1"
PART 66 "j_index_ri_1"
PART 67 "j_mid_ri_1"
PART 68 "j_pinky_ri_0"
PART 69 "j_ring_ri_0"
PART 70 "j_thumb_ri_1"
PART 71 "j_index_le_2"
PART 72 "j_mid_le_2"
PART 73 "j_pinky_le_1"
PART 74 "j_ring_le_1"
PART 75 "j_thumb_le_2"
PART 76 "j_index_ri_2"
PART 77 "j_mid_ri_2"
PART 78 "j_pinky_ri_1"
PART 79 "j_ring_ri_1"
PART 80 "j_thumb_ri_2"
PART 81 "j_index_le_3"
PART 82 "j_mid_le_3"
PART 83 "j_pinky_le_2"
PART 84 "j_ring_le_2"
PART 85 "j_thumb_le_3"
PART 86 "j_index_ri_3"
PART 87 "j_mid_ri_3"
PART 88 "j_pinky_ri_2"
PART 89 "j_ring_ri_2"
PART 90 "j_thumb_ri_3"
PART 91 "j_pinky_le_3"
PART 92 "j_ring_le_3"
PART 93 "j_pinky_ri_3"
PART 94 "j_ring_ri_3"

FRAMERATE 30
NUMFRAMES 31

FRAME 0
PART 0
OFFSET 0.000000, 0.000000, 0.000000
SCALE 1.000000, 1.000000, 1.000000
X 1.000000, 0.000000, 0.000000
Y 0.000000, 1.000000, 0.000000
Z 0.000000, 0.000000, 1.000000

PART 1
OFFSET 0.000000, 0.000000, 0.000000
SCALE 1.000000, 1.000000, 1.000000
X 1.000000, 0.000000, 0.000000
Y 0.000000, 1.000000, 0.000000
Z 0.000000, 0.000000, 1.000000

PART 2
OFFSET 0.000000, 0.000000, 0.000000
SCALE 1.000000, 1.000000, 1.000000
X 1.000000, 0.000000, 0.000000
Y 0.000000, 1.000000, 0.000000
Z 0.000000, 0.000000, 1.000000

PART 3
OFFSET -4.631900, 0.000000, -1.377000
SCALE 1.000000, 1.000000, 1.000000
X 1.000000, 0.000000, 0.000000
Y 0.000000, 1.000000, 0.000000
Z 0.000000, 0.000000, 1.000000

PART 4
OFFSET 0.000000, 0.000000, 0.000000
SCALE 1.000000, 1.000000, 1.000000
X 0.999985, -0.002984, 0.004521
Y 0.002997, 0.999991, -0.002923
Z -0.004512, 0.002937, 0.999986

PART 5
OFFSET -3.506100, 6.340800, -6.712500
SCALE 1.000000, 1.000000, 1.000000
X 0.205353, 0.009249, -0.978644
Y 0.398629, -0.914040, 0.075008
Z -0.893826, -0.405519, -0.191388

PART 6
OFFSET -12.853500, -4.812700, -5.407100
SCALE 1.000000, 1.000000, 1.000000
X -0.870543, 0.216664, 0.441827
Y 0.101126, -0.799924, 0.591520
Z 0.481589, 0.559624, 0.674458

PART 7
OFFSET 8.349164, 1.228800, -13.803800
SCALE 1.000000, 1.000000, 1.000000
X 0.437328, 0.678357, -0.590404
Y -0.897607, 0.288973, -0.332860
Z -0.055187, 0.675519, 0.735274

PART 8
OFFSET 10.527903, 0.000000, -8.129720
SCALE 1.000000, 1.000000, 1.000000
X 1.000000, 0.000000, 0.000000
Y 0.000000, 1.000000, 0.000000
Z 0.000000, 0.000000, 1.000000

PART 9
OFFSET 1.521740, 0.007548, 4.142662
SCALE 1.000000, 1.000000, 1.000000
X 0.999985, -0.002984, 0.004521
Y 0.002997, 0.999991, -0.002923
Z -0.004512, 0.002937, 0.999986

PART 10
OFFSET -4.625534, 0.009779, -1.397898
SCALE 1.000000, 1.000000, 1.000000
X 0.999985, -0.002984, 0.004521
Y 0.002997, 0.999991, -0.002923
Z -0.004512, 0.002937, 0.999986

PART 11
OFFSET -1.022446, 6.452700, -18.548224
SCALE 1.000000, 1.000000, 1.000000
X 0.986788, -0.107964, -0.120802
Y 0.116404, -0.046178, 0.992128
Z -0.112692, -0.993082, -0.033001

PART 12
OFFSET -2.325403, -7.432974, -10.750422
SCALE 1.000000, 1.000000, 1.000000
X -0.931759, -0.280275, 0.230807
Y 0.145973, -0.871230, -0.468668
Z 0.332441, -0.402994, 0.852689

PART 13
OFFSET 8.349164, 1.228800, -13.803800
SCALE 1.000000, 1.000000, 1.000000
X 0.437328, 0.678357, -0.590404
Y -0.897607, 0.288973, -0.332860
Z -0.055187, 0.675519, 0.735274

PART 14
OFFSET 8.881438, 7.259283, -20.337160
SCALE 1.000000, 1.000000, 1.000000
X 0.986388, -0.104944, -0.126595
Y 0.108193, 0.993947, 0.019048
Z 0.123830, -0.032485, 0.991772

PART 15
OFFSET 8.142842, 4.757603, -20.968111
SCALE 1.000000, 1.000000, 1.000000
X 0.986388, -0.104944, -0.126595
Y 0.108193, 0.993947, 0.019048
Z 0.123830, -0.032485, 0.991772

PART 16
OFFSET 9.593040, 6.755325, -18.399603
SCALE 1.000000, 1.000000, 1.000000
X 0.986388, -0.104944, -0.126595
Y 0.108193, 0.993947, 0.019048
Z 0.123830, -0.032485, 0.991772

PART 17
OFFSET 9.311900, 5.104122, -18.394689
SCALE 1.000000, 1.000000, 1.000000
X 0.986388, -0.104944, -0.126595
Y 0.108193, 0.993947, 0.019048
Z 0.123830, -0.032485, 0.991772

PART 18
OFFSET 8.737185, 3.575857, -18.570002
SCALE 1.000000, 1.000000, 1.000000
X 0.986388, -0.104944, -0.126595
Y 0.108193, 0.993947, 0.019048
Z 0.123830, -0.032485, 0.991772

PART 19
OFFSET 10.395714, 5.203451, -19.946201
SCALE 1.000000, 1.000000, 1.000000
X 0.622859, 0.665491, -0.411301
Y -0.624644, 0.739573, 0.250702
Z 0.471027, 0.100765, 0.876345

PART 20
OFFSET 7.370552, 5.534431, -19.575814
SCALE 1.000000, 1.000000, 1.000000
X 0.986798, -0.107927, -0.120755
Y 0.131870, 0.968288, 0.212200
Z 0.094023, -0.225322, 0.969737

PART 21
OFFSET 7.434748, -3.529399, -11.786095
SCALE 1.000000, 1.000000, 1.000000
X -0.933515, -0.273966, 0.231284
Y -0.331895, 0.416288, -0.846493
Z 0.135630, -0.866976, -0.479539

PART 22
OFFSET 6.877386, -2.857202, -12.788510
SCALE 1.000000, 1.000000, 1.000000
X -0.933515, -0.273966, 0.231284
Y -0.331895, 0.416288, -0.846493
Z 0.135630, -0.866976, -0.479539

PART 23
OFFSET 6.452367, -3.546327, -13.676960
SCALE 1.000000, 1.000000, 1.000000
X -0.933515, -0.273966, 0.231284
Y -0.331895, 0.416288, -0.846493
Z 0.135630, -0.866976, -0.479539

PART 24
OFFSET 8.455940, -4.189787, -13.421338
SCALE 1.000000, 1.000000, 1.000000
X -0.275308, -0.865728, 0.417996
Y 0.336039, -0.494031, -0.801879
Z 0.900712, -0.080301, 0.426930

PART 25
OFFSET 5.599508, -5.049054, -12.713682
SCALE 1.000000, 1.000000, 1.000000
X -0.931759, -0.280275, 0.230807
Y 0.133291, -0.855359, -0.500595
Z 0.337726, -0.435669, 0.834346

PART 26
OFFSET 10.521805, 3.968561, -17.284123
SCALE 1.000000, 1.000000, 1.000000
X 0.437444, 0.678239, -0.590453
Y -0.897557, 0.289098, -0.332887
Z -0.055079, 0.675585, 0.735222

PART 27
OFFSET -5.683651, -21.168358, 4.593638
SCALE 1.000000, 1.000000, 1.000000
X 0.437328, 0.678357, -0.590404
Y -0.897607, 0.288973, -0.332860
Z -0.055187, 0.675519, 0.735274

PART 28
OFFSET 7.714029, 1.616837, -14.297896
SCALE 1.000000, 1.000000, 1.000000
X 0.437328, 0.678357, -0.590404
Y -0.897607, 0.288973, -0.332860
Z -0.055187, 0.675519, 0.735274

PART 29
OFFSET 10.521805, 3.968561, -17.284123
SCALE 1.000000, 1.000000, 1.000000
X 0.437444, 0.678239, -0.590453
Y -0.897557, 0.289098, -0.332887
Z -0.055079, 0.675585, 0.735222

PART 30
OFFSET -5.683651, -21.168358, 4.593638
SCALE 1.000000, 1.000000, 1.000000
X 0.437328, 0.678357, -0.590404
Y -0.897607, 0.288973, -0.332860
Z -0.055187, 0.675519, 0.735274

PART 31
OFFSET 9.734870, 1.909264, -16.949818
SCALE 1.000000, 1.000000, 1.000000
X 0.437328, 0.678357, -0.590404
Y -0.897607, 0.288973, -0.332860
Z -0.055187, 0.675519, 0.735274

PART 32
OFFSET 12.348900, 9.090839, -18.730430
SCALE 1.000000, 1.000000, 1.000000
X 0.437328, 0.678357, -0.590404
Y -0.897607, 0.288973, -0.332860
Z -0.055187, 0.675519, 0.735274

PART 33
OFFSET 8.242251, 2.582202, -12.340531
SCALE 1.000000, 1.000000, 1.000000
X 0.437328, 0.678357, -0.590404
Y -0.897607, 0.288973, -0.332860
Z -0.055187, 0.675519, 0.735274

PART 34
OFFSET 12.172720, 8.246945, -18.021771
SCALE 1.000000, 1.000000, 1.000000
X 0.719904, 0.129368, 0.681911
Y 0.437338, 0.678356, -0.590398
Z -0.538956, 0.723255, 0.431774

PART 35
OFFSET 10.770138, 4.427607, -17.600367
SCALE 1.000000, 1.000000, 1.000000
X 0.437328, 0.678357, -0.590404
Y -0.897607, 0.288973, -0.332860
Z -0.055187, 0.675519, 0.735274

PART 36
OFFSET 9.140894, 4.004103, -13.529432
SCALE 1.000000, 1.000000, 1.000000
X 0.437328, 0.678357, -0.590404
Y -0.897607, 0.288973, -0.332860
Z -0.055187, 0.675519, 0.735274

PART 37
OFFSET 8.929579, 3.852578, -13.091134
SCALE 1.000000, 1.000000, 1.000000
X 0.437328, 0.678357, -0.590404
Y -0.897607, 0.288973, -0.332860
Z -0.055187, 0.675519, 0.735274

PART 38
OFFSET 20.047048, 19.736935, -29.281012
SCALE 1.000000, 1.000000, 1.000000
X 0.437328, 0.678357, -0.590404
Y -0.897607, 0.288973, -0.332860
Z -0.055187, 0.675519, 0.735274

PART 39
OFFSET 14.061751, 9.662057, -21.887293
SCALE 1.000000, 1.000000, 1.000000
X 0.437328, 0.678357, -0.590404
Y -0.897607, 0.288973, -0.332860
Z -0.055187, 0.675519, 0.735274

PART 40
OFFSET 11.919438, 4.160869, -20.886097
SCALE 1.000000, 1.000000, 1.000000
X 0.437328, 0.678357, -0.590404
Y -0.897607, 0.288973, -0.332860
Z -0.055187, 0.675519, 0.735274

PART 41
OFFSET 15.139262, 10.552758, -24.019699
SCALE 1.000000, 1.000000, 1.000000
X 0.437328, 0.678357, -0.590404
Y -0.897607, 0.288973, -0.332860
Z -0.055187, 0.675519, 0.735274

PART 42
OFFSET 8.696247, 3.242063, -12.991941
SCALE 1.000000, 1.000000, 1.000000
X 0.437328, 0.678357, -0.590404
Y -0.897607, 0.288973, -0.332860
Z -0.055187, 0.675519, 0.735274

PART 43
OFFSET 11.889622, 8.444018, -17.087265
SCALE 1.000000, 1.000000, 1.000000
X 0.437328, 0.678357, -0.590404
Y -0.897607, 0.288973, -0.332860
Z -0.055187, 0.675519, 0.735274

PART 44
OFFSET 20.047048, 19.736935, -29.281012
SCALE 1.000000, 1.000000, 1.000000
X 0.437328, 0.678357, -0.590404
Y -0.897607, 0.288973, -0.332860
Z -0.055187, 0.675519, 0.735274

PART 45
OFFSET 8.592751, 3.015437, -12.909594
SCALE 1.000000, 1.000000, 1.000000
X 0.437328, 0.678357, -0.590404
Y -0.897607, 0.288973, -0.332860
Z -0.055187, 0.675519, 0.735274

PART 46
OFFSET 9.140765, 3.837660, -13.673580
SCALE 1.000000, 1.000000, 1.000000
X 0.437328, 0.678357, -0.590404
Y -0.897607, 0.288973, -0.332860
Z -0.055187, 0.675519, 0.735274

PART 47
OFFSET 8.743173, 3.297352, -13.070483
SCALE 1.000000, 1.000000, 1.000000
X 0.437328, 0.678357, -0.590404
Y -0.897607, 0.288973, -0.332860
Z -0.055187, 0.675519, 0.735274

PART 48
OFFSET 12.176546, 8.316900, -21.685439
SCALE 1.000000, 1.000000, 1.000000
X 0.986524, 0.163462, -0.007092
Y -0.001443, 0.052035, 0.998644
Z 0.163610, -0.985176, 0.051570

PART 49
OFFSET 12.872260, 7.461659, -21.756351
SCALE 1.000000, 1.000000, 1.000000
X 0.807633, 0.272994, 0.522688
Y -0.546685, 0.014351, 0.837216
Z 0.221053, -0.961909, 0.160832

PART 50
OFFSET 11.686827, 4.995073, -20.385558
SCALE 1.000000, 1.000000, 1.000000
X 0.909492, 0.273012, -0.313510
Y 0.322613, 0.012118, 0.946453
Z 0.262192, -0.961934, -0.077056

PART 51
OFFSET 11.342910, 5.618847, -20.431781
SCALE 1.000000, 1.000000, 1.000000
X 0.819646, 0.447701, -0.357412
Y 0.395382, 0.009377, 0.918469
Z 0.414551, -0.894134, -0.169328

PART 52
OFFSET 10.266505, 6.257890, -19.529449
SCALE 1.000000, 1.000000, 1.000000
X 0.332262, 0.890788, -0.309998
Y -0.940490, 0.288066, -0.180269
Z -0.071281, 0.351446, 0.933491

PART 53
OFFSET 11.576434, 8.483227, -20.346321
SCALE 1.000000, 1.000000, 1.000000
X 0.837824, 0.511120, -0.191850
Y -0.293810, 0.125956, -0.947529
Z -0.460137, 0.850230, 0.255701

PART 54
OFFSET 13.138789, 6.762711, -19.860911
SCALE 1.000000, 1.000000, 1.000000
X 0.362736, -0.927701, -0.088281
Y -0.470945, -0.100743, -0.876391
Z 0.804135, 0.359474, -0.473439

PART 55
OFFSET 9.609999, -0.473654, -14.286604
SCALE 1.000000, 1.000000, 1.000000
X -0.408887, -0.782411, 0.469728
Y 0.886381, -0.218034, 0.408400
Z -0.217120, 0.583347, 0.782665

PART 56
OFFSET 9.783617, -1.087570, -15.188518
SCALE 1.000000, 1.000000, 1.000000
X 0.717742, -0.304589, 0.626156
Y 0.675432, 0.523102, -0.519766
Z -0.169228, 0.795984, 0.581181

PART 57
OFFSET 8.866717, -3.969976, -14.719954
SCALE 1.000000, 1.000000, 1.000000
X -0.177193, -0.554843, 0.812867
Y 0.957343, 0.094378, 0.273106
Z -0.228248, 0.826585, 0.514452

PART 58
OFFSET 8.829721, -3.462444, -14.219315
SCALE 1.000000, 1.000000, 1.000000
X -0.206703, -0.701805, 0.681722
Y 0.935245, 0.062935, 0.348362
Z -0.287387, 0.709584, 0.643350

PART 59
OFFSET 7.885685, -3.290616, -13.010844
SCALE 1.000000, 1.000000, 1.000000
X 0.421016, -0.898658, 0.123122
Y 0.113691, -0.082385, -0.990094
Z 0.899900, 0.430844, 0.067484

PART 60
OFFSET 8.259455, -0.690723, -13.679567
SCALE 1.000000, 1.000000, 1.000000
X -0.073521, -0.741280, 0.667157
Y -0.927982, -0.194188, -0.318026
Z 0.365300, -0.642492, -0.673618

PART 61
OFFSET 13.913446, 8.604696, -21.697926
SCALE 1.000000, 1.000000, 1.000000
X 0.554413, 0.087179, 0.827663
Y -0.816927, -0.132903, 0.561220
Z 0.158925, -0.987288, -0.002464

PART 62
OFFSET 14.449994, 7.994959, -20.735264
SCALE 1.000000, 1.000000, 1.000000
X -0.081197, 0.141909, 0.986544
Y 0.609815, 0.790000, -0.063447
Z -0.788373, 0.596458, -0.150684

PART 63
OFFSET 13.731671, 5.750064, -20.962676
SCALE 1.000000, 1.000000, 1.000000
X 0.161705, 0.487793, 0.857852
Y -0.955860, -0.138678, 0.259035
Z 0.245321, -0.861874, 0.443837

PART 64
OFFSET 13.523038, 6.647798, -21.404821
SCALE 1.000000, 1.000000, 1.000000
X 0.575773, 0.306263, 0.758082
Y -0.812057, 0.106335, 0.573809
Z 0.095126, -0.945989, 0.309928

PART 65
OFFSET 10.885648, 8.228449, -20.164441
SCALE 1.000000, 1.000000, 1.000000
X 0.569227, 0.710523, -0.413688
Y -0.798376, 0.597878, -0.071675
Z 0.196408, 0.371078, 0.907593

PART 66
OFFSET 10.329910, 0.903908, -15.113637
SCALE 1.000000, 1.000000, 1.000000
X 0.666319, -0.455205, 0.590599
Y 0.697837, 0.659774, -0.278785
Z -0.262758, 0.597902, 0.757279

PART 67
OFFSET 8.381488, -0.492546, -16.411731
SCALE 1.000000, 1.000000, 1.000000
X 0.864584, 0.400263, -0.303782
Y -0.466934, 0.416604, -0.780009
Z -0.185652, 0.816230, 0.547085

PART 68
OFFSET 9.114155, -2.614510, -16.504922
SCALE 1.000000, 1.000000, 1.000000
X 0.840266, -0.312697, 0.442914
Y 0.539833, 0.406704, -0.737002
Z 0.050324, 0.858377, 0.510544

PART 69
OFFSET 9.429513, -1.745056, -16.076498
SCALE 1.000000, 1.000000, 1.000000
X 0.806368, -0.247881, 0.536960
Y 0.590350, 0.391819, -0.705666
Z -0.035470, 0.886021, 0.462287

PART 70
OFFSET 6.915695, -1.367116, -13.181492
SCALE 1.000000, 1.000000, 1.000000
X -0.095754, -0.542999, 0.834256
Y 0.449842, -0.771247, -0.450355
Z 0.887960, 0.332160, 0.318114

PART 71
OFFSET 14.577778, 8.770642, -20.691608
SCALE 1.000000, 1.000000, 1.000000
X -0.181385, 0.033316, 0.982848
Y -0.966678, -0.189629, -0.171973
Z 0.180647, -0.981290, 0.066602

PART 72
OFFSET 14.331394, 8.202239, -19.294265
SCALE 1.000000, 1.000000, 1.000000
X -0.662997, 0.007495, 0.748584
Y -0.737228, -0.180332, -0.651134
Z 0.130113, -0.983577, 0.125085

PART 73
OFFSET 13.960615, 6.440690, -19.748116
SCALE 1.000000, 1.000000, 1.000000
X -0.410533, 0.349300, 0.842290
Y -0.868940, -0.429879, -0.245250
Z 0.276417, -0.832583, 0.480000

PART 74
OFFSET 14.503280, 7.169204, -20.114203
SCALE 1.000000, 1.000000, 1.000000
X -0.426867, 0.247950, 0.869658
Y -0.896677, -0.240776, -0.371481
Z 0.117284, -0.938375, 0.325111

PART 75
OFFSET 11.874190, 9.381369, -20.726372
SCALE 1.000000, 1.000000, 1.000000
X 0.306000, 0.896936, -0.319169
Y -0.949408, 0.312369, -0.032407
Z 0.070632, 0.312938, 0.947143

PART 76
OFFSET 9.503928, 1.493596, -15.785626
SCALE 1.000000, 1.000000, 1.000000
X 0.908891, -0.190722, 0.370866
Y 0.365168, 0.793481, -0.486868
Z -0.201419, 0.577939, 0.790833

PART 77
OFFSET 7.118662, -1.077177, -15.968023
SCALE 1.000000, 1.000000, 1.000000
X 0.053521, 0.537962, -0.841269
Y -0.971051, -0.168371, -0.169444
Z -0.232799, 0.825983, 0.513377

PART 78
OFFSET 7.924491, -2.171788, -17.132007
SCALE 1.000000, 1.000000, 1.000000
X 0.883724, 0.196590, -0.424716
Y -0.461223, 0.519796, -0.719086
Z 0.079400, 0.831363, 0.550029

PART 79
OFFSET 8.056660, -1.323036, -16.990680
SCALE 1.000000, 1.000000, 1.000000
X 0.767376, 0.321983, -0.554492
Y -0.640916, 0.359546, -0.678198
Z -0.019003, 0.875816, 0.482271

PART 80
OFFSET 6.997692, -0.573710, -14.590766
SCALE 1.000000, 1.000000, 1.000000
X -0.260764, 0.202788, 0.943864
Y 0.294566, -0.914353, 0.277829
Z 0.919366, 0.350478, 0.178695

PART 81
OFFSET 14.372898, 8.808274, -19.581454
SCALE 1.000000, 1.000000, 1.000000
X 0.982536, -0.115460, -0.145919
Y -0.141798, 0.043176, -0.988954
Z 0.120485, 0.992373, 0.026050

PART 82
OFFSET 13.581915, 8.203880, -18.445095
SCALE 1.000000, 1.000000, 1.000000
X 0.970751, 0.173234, -0.166227
Y -0.127325, -0.215515, -0.968164
Z -0.203544, 0.961011, -0.187155

PART 83
OFFSET 13.596640, 6.750376, -19.001350
SCALE 1.000000, 1.000000, 1.000000
X -0.659385, 0.211212, 0.721527
Y -0.718407, -0.459891, -0.521911
Z 0.221590, -0.862490, 0.454982

PART 84
OFFSET 13.911663, 7.512852, -18.908898
SCALE 1.000000, 1.000000, 1.000000
X -0.730173, 0.134491, 0.669896
Y -0.672594, -0.314060, -0.670062
Z 0.120270, -0.939829, 0.319776

PART 85
OFFSET 12.192183, 10.370960, -21.028719
SCALE 1.000000, 1.000000, 1.000000
X -0.015211, 0.525390, -0.850726
Y 0.053588, -0.849173, -0.525389
Z -0.998447, -0.053580, -0.015238

PART 86
OFFSET 8.477324, 1.709020, -16.204525
SCALE 1.000000, 1.000000, 1.000000
X -0.682147, -0.491562, 0.541333
Y -0.722654, 0.340258, -0.601661
Z 0.111561, -0.801618, -0.587336

PART 87
OFFSET 7.059054, -1.692386, -15.018948
SCALE 1.000000, 1.000000, 1.000000
X 0.593833, -0.356924, 0.721088
Y -0.792904, -0.411789, 0.449148
Z 0.136624, -0.838472, -0.527540

PART 88
OFFSET 7.140947, -2.346092, -16.755438
SCALE 1.000000, 1.000000, 1.000000
X 0.142866, 0.494880, -0.857137
Y -0.988913, 0.106813, -0.103161
Z 0.040501, 0.862372, 0.504653

PART 89
OFFSET 6.993153, -1.769272, -16.222208
SCALE 1.000000, 1.000000, 1.000000
X -0.033582, 0.485174, -0.873772
Y -0.999159, -0.036892, 0.017916
Z -0.023543, 0.873639, 0.486005

PART 90
OFFSET 7.232613, -0.793493, -15.624343
SCALE 1.000000, 1.000000, 1.000000
X -0.722395, -0.263847, 0.639164
Y -0.635871, -0.109706, -0.763959
Z 0.271688, -0.958306, -0.088521

PART 91
OFFSET 12.970222, 6.951028, -18.315897
SCALE 1.000000, 1.000000, 1.000000
X 0.923249, 0.251787, -0.290196
Y -0.090230, -0.592102, -0.800796
Z -0.373456, 0.765519, -0.523939

PART 92
OFFSET 13.119765, 7.658712, -18.182373
SCALE 1.000000, 1.000000, 1.000000
X 0.988278, 0.023575, -0.150832
Y -0.137375, -0.293622, -0.945999
Z -0.066590, 0.955631, -0.286942

PART 93
OFFSET 7.005221, -2.816237, -15.941142
SCALE 1.000000, 1.000000, 1.000000
X 0.505467, -0.570830, 0.647037
Y -0.833464, -0.128989, 0.537308
Z -0.223251, -0.810873, -0.540966

PART 94
OFFSET 7.029574, -2.295458, -15.274575
SCALE 1.000000, 1.000000, 1.000000
X 0.597162, -0.331967, 0.730203
Y -0.797282, -0.345497, 0.494948
Z 0.087977, -0.877741, -0.470989

FRAME 1
PART 0
OFFSET 0.000000, 0.000000, 0.000000
SCALE 1.000000, 1.000000, 1.000000
X 1.000000, 0.000000, 0.000000
Y 0.000000, 1.000000, 0.000000
Z 0.000000, 0.000000, 1.000000

PART 1
OFFSET 0.000000, 0.000000, 0.000000
SCALE 1.000000, 1.000000, 1.000000
X 1.000000, 0.000000, 0.000000
Y 0.000000, 1.000000, 0.000000
Z 0.000000, 0.000000, 1.000000

PART 2
OFFSET 0.000000, 0.000000, 0.000000
SCALE 1.000000, 1.000000, 1.000000
X 1.000000, 0.000000, 0.000000
Y 0.000000, 1.000000, 0.000000
Z 0.000000, 0.000000, 1.000000

PART 3
OFFSET -4.631900, 0.000000, -1.377000
SCALE 1.000000, 1.000000, 1.000000
X 1.000000, 0.000000, 0.000000
Y 0.000000, 1.000000, 0.000000
Z 0.000000, 0.000000, 1.000000

PART 4
OFFSET 0.000000, 0.000000, 0.000000
SCALE 1.000000, 1.000000, 1.000000
X 0.999966, -0.004610, 0.006908
Y 0.004641, 0.999979, -0.004487
Z -0.006887, 0.004519, 0.999966

PART 5
OFFSET -3.506100, 6.340800, -6.712500
SCALE 1.000000, 1.000000, 1.000000
X 0.213833, 0.016253, -0.976735
Y 0.358775, -0.931292, 0.063049
Z -0.908601, -0.363910, -0.204972

PART 6
OFFSET -12.853500, -4.812700, -5.407100
SCALE 1.000000, 1.000000, 1.000000
X -0.851821, 0.296160, 0.432076
Y 0.021142, -0.804727, 0.593268
Z 0.523406, 0.514494, 0.679222

PART 7
OFFSET 8.369515, 0.977133, -12.968388
SCALE 1.000000, 1.000000, 1.000000
X 0.459405, 0.654401, -0.600589
Y -0.888197, 0.332958, -0.316614
Z -0.007222, 0.678895, 0.734200

PART 8
OFFSET 10.527903, 0.000000, -8.129720
SCALE 1.000000, 1.000000, 1.000000
X 1.000000, 0.000000, 0.000000
Y 0.000000, 1.000000, 0.000000
Z 0.000000, 0.000000, 1.000000

PART 9
OFFSET 1.511889, 0.011589, 4.146258
SCALE 1.000000, 1.000000, 1.000000
X 0.999966, -0.004610, 0.006908
Y 0.004641, 0.999979, -0.004487
Z -0.006887, 0.004519, 0.999966

PART 10
OFFSET -4.622172, 0.015129, -1.408925
SCALE 1.000000, 1.000000, 1.000000
X 0.999966, -0.004610, 0.006908
Y 0.004641, 0.999979, -0.004487
Z -0.006887, 0.004519, 0.999966

PART 11
OFFSET -0.919893, 6.537402, -18.525133
SCALE 1.000000, 1.000000, 1.000000
X 0.987774, -0.153181, -0.028940
Y 0.020850, -0.054160, 0.998315
Z -0.154490, -0.986713, -0.050304

PART 12
OFFSET -2.551824, -8.394368, -10.632505
SCALE 1.000000, 1.000000, 1.000000
X -0.931436, -0.335232, 0.141585
Y 0.226261, -0.838222, -0.496176
Z 0.285013, -0.430121, 0.856600

PART 13
OFFSET 8.369515, 0.977133, -12.968388
SCALE 1.000000, 1.000000, 1.000000
X 0.459405, 0.654401, -0.600589
Y -0.888197, 0.332958, -0.316614
Z -0.007222, 0.678895, 0.734200

PART 14
OFFSET 9.134460, 6.889668, -19.376376
SCALE 1.000000, 1.000000, 1.000000
X 0.988056, -0.150130, -0.034723
Y 0.151360, 0.987823, 0.036005
Z 0.028895, -0.040830, 0.998748

PART 15
OFFSET 8.344242, 4.426538, -20.090938
SCALE 1.000000, 1.000000, 1.000000
X 0.988056, -0.150130, -0.034723
Y 0.151360, 0.987823, 0.036005
Z 0.028895, -0.040830, 0.998748

PART 16
OFFSET 9.637841, 6.348166, -17.384470
SCALE 1.000000, 1.000000, 1.000000
X 0.988056, -0.150130, -0.034723
Y 0.151360, 0.987823, 0.036005
Z 0.028895, -0.040830, 0.998748

PART 17
OFFSET 9.282095, 4.711733, -17.417295
SCALE 1.000000, 1.000000, 1.000000
X 0.988056, -0.150130, -0.034723
Y 0.151360, 0.987823, 0.036005
Z 0.028895, -0.040830, 0.998748

PART 18
OFFSET 8.656932, 3.212161, -17.656139
SCALE 1.000000, 1.000000, 1.000000
X 0.988056, -0.150130, -0.034723
Y 0.151360, 0.987823, 0.036005
Z 0.028895, -0.040830, 0.998748

PART 19
OFFSET 10.509696, 4.764950, -18.860164
SCALE 1.000000, 1.000000, 1.000000
X 0.647382, 0.632687, -0.424976
Y -0.582041, 0.770382, 0.260268
Z 0.492062, 0.078861, 0.866981

PART 20
OFFSET 7.481506, 5.234549, -18.771398
SCALE 1.000000, 1.000000, 1.000000
X 0.987774, -0.153181, -0.028940
Y 0.155731, 0.961213, 0.227633
Z -0.007052, -0.229357, 0.973317

PART 21
OFFSET 7.056455, -4.005415, -10.675710
SCALE 1.000000, 1.000000, 1.000000
X -0.933543, -0.329046, 0.142218
Y -0.285630, 0.443091, -0.849756
Z 0.216594, -0.833906, -0.507630

PART 22
OFFSET 6.547829, -3.325946, -11.711138
SCALE 1.000000, 1.000000, 1.000000
X -0.933543, -0.329046, 0.142218
Y -0.285630, 0.443091, -0.849756
Z 0.216594, -0.833906, -0.507630

PART 23
OFFSET 6.216183, -3.960260, -12.682264
SCALE 1.000000, 1.000000, 1.000000
X -0.933543, -0.329046, 0.142218
Y -0.285630, 0.443091, -0.849756
Z 0.216594, -0.833906, -0.507630

PART 24
OFFSET 8.225800, -4.515259, -12.271032
SCALE 1.000000, 1.000000, 1.000000
X -0.310683, -0.849859, 0.425694
Y 0.295369, -0.512005, -0.806603
Z 0.903456, -0.124861, 0.410093

PART 25
OFFSET 5.370353, -5.543009, -11.836899
SCALE 1.000000, 1.000000, 1.000000
X -0.931436, -0.335232, 0.141585
Y 0.184619, -0.770594, -0.610001
Z 0.313596, -0.542038, 0.779649

PART 26
OFFSET 10.609807, 3.597588, -16.497356
SCALE 1.000000, 1.000000, 1.000000
X 0.459514, 0.654277, -0.600640
Y -0.888142, 0.333080, -0.316641
Z -0.007110, 0.678954, 0.734146

PART 27
OFFSET -6.413730, -20.651626, 5.757817
SCALE 1.000000, 1.000000, 1.000000
X 0.459405, 0.654401, -0.600589
Y -0.888197, 0.332958, -0.316614
Z -0.007222, 0.678895, 0.734200

PART 28
OFFSET 7.745296, 1.395547, -13.451481
SCALE 1.000000, 1.000000, 1.000000
X 0.459405, 0.654401, -0.600589
Y -0.888197, 0.332958, -0.316614
Z -0.007222, 0.678895, 0.734200

PART 29
OFFSET 10.609807, 3.597588, -16.497356
SCALE 1.000000, 1.000000, 1.000000
X 0.459514, 0.654277, -0.600640
Y -0.888142, 0.333080, -0.316641
Z -0.007110, 0.678954, 0.734146

PART 30
OFFSET -6.413730, -20.651626, 5.757817
SCALE 1.000000, 1.000000, 1.000000
X 0.459405, 0.654401, -0.600589
Y -0.888197, 0.332958, -0.316614
Z -0.007222, 0.678895, 0.734200

PART 31
OFFSET 9.727226, 1.581009, -16.142124
SCALE 1.000000, 1.000000, 1.000000
X 0.459405, 0.654401, -0.600589
Y -0.888197, 0.332958, -0.316614
Z -0.007222, 0.678895, 0.734200

PART 32
OFFSET 12.663257, 8.618924, -17.993131
SCALE 1.000000, 1.000000, 1.000000
X 0.459405, 0.654401, -0.600589
Y -0.888197, 0.332958, -0.316614
Z -0.007222, 0.678895, 0.734200

PART 33
OFFSET 8.358506, 2.337096, -11.507340
SCALE 1.000000, 1.000000, 1.000000
X 0.459405, 0.654401, -0.600589
Y -0.888197, 0.332958, -0.316614
Z -0.007222, 0.678895, 0.734200

PART 34
OFFSET 12.458590, 7.786334, -17.278778
SCALE 1.000000, 1.000000, 1.000000
X 0.738375, 0.094460, 0.667743
Y 0.459415, 0.654399, -0.600583
Z -0.493702, 0.750226, 0.439795

PART 35
OFFSET 10.874739, 4.042976, -16.819604
SCALE 1.000000, 1.000000, 1.000000
X 0.459405, 0.654401, -0.600589
Y -0.888197, 0.332958, -0.316614
Z -0.007222, 0.678895, 0.734200

PART 36
OFFSET 9.304381, 3.709783, -12.717256
SCALE 1.000000, 1.000000, 1.000000
X 0.459405, 0.654401, -0.600589
Y -0.888197, 0.332958, -0.316614
Z -0.007222, 0.678895, 0.734200

PART 37
OFFSET 9.094150, 3.569915, -12.274583
SCALE 1.000000, 1.000000, 1.000000
X 0.459405, 0.654401, -0.600589
Y -0.888197, 0.332958, -0.316614
Z -0.007222, 0.678895, 0.734200

PART 38
OFFSET 20.682140, 18.844648, -28.719160
SCALE 1.000000, 1.000000, 1.000000
X 0.459405, 0.654401, -0.600589
Y -0.888197, 0.332958, -0.316614
Z -0.007222, 0.678895, 0.734200

PART 39
OFFSET 14.341961, 9.097266, -21.183597
SCALE 1.000000, 1.000000, 1.000000
X 0.459405, 0.654401, -0.600589
Y -0.888197, 0.332958, -0.316614
Z -0.007222, 0.678895, 0.734200

PART 40
OFFSET 11.946262, 3.712420, -20.125754
SCALE 1.000000, 1.000000, 1.000000
X 0.459405, 0.654401, -0.600589
Y -0.888197, 0.332958, -0.316614
Z -0.007222, 0.678895, 0.734200

PART 41
OFFSET 15.421813, 9.928581, -23.338677
SCALE 1.000000, 1.000000, 1.000000
X 0.459405, 0.654401, -0.600589
Y -0.888197, 0.332958, -0.316614
Z -0.007222, 0.678895, 0.734200

PART 42
OFFSET 8.832464, 2.972067, -12.169185
SCALE 1.000000, 1.000000, 1.000000
X 0.459405, 0.654401, -0.600589
Y -0.888197, 0.332958, -0.316614
Z -0.007222, 0.678895, 0.734200

PART 43
OFFSET 12.203622, 7.999210, -16.339651
SCALE 1.000000, 1.000000, 1.000000
X 0.459405, 0.654401, -0.600589
Y -0.888197, 0.332958, -0.316614
Z -0.007222, 0.678895, 0.734200

PART 44
OFFSET 20.682140, 18.844648, -28.719160
SCALE 1.000000, 1.000000, 1.000000
X 0.459405, 0.654401, -0.600589
Y -0.888197, 0.332958, -0.316614
Z -0.007222, 0.678895, 0.734200

PART 45
OFFSET 8.719336, 2.751080, -12.084223
SCALE 1.000000, 1.000000, 1.000000
X 0.459405, 0.654401, -0.600589
Y -0.888197, 0.332958, -0.316614
Z -0.007222, 0.678895, 0.734200

PART 46
OFFSET 9.293160, 3.543270, -12.860886
SCALE 1.000000, 1.000000, 1.000000
X 0.459405, 0.654401, -0.600589
Y -0.888197, 0.332958, -0.316614
Z -0.007222, 0.678895, 0.734200

PART 47
OFFSET 8.880591, 3.024778, -12.248765
SCALE 1.000000, 1.000000, 1.000000
X 0.459405, 0.654401, -0.600589
Y -0.888197, 0.332958, -0.316614
Z -0.007222, 0.678895, 0.734200

PART 48
OFFSET 12.410394, 7.781952, -20.641995
SCALE 1.000000, 1.000000, 1.000000
X 0.993234, 0.112676, -0.028129
Y 0.022016, 0.055132, 0.998236
Z 0.114028, -0.992101, 0.052278

PART 49
OFFSET 13.061047, 6.892857, -20.723505
SCALE 1.000000, 1.000000, 1.000000
X 0.831186, 0.234882, 0.503944
Y -0.526803, 0.042872, 0.848906
Z 0.177788, -0.971078, 0.159371

PART 50
OFFSET 11.780195, 4.491397, -19.323229
SCALE 1.000000, 1.000000, 1.000000
X 0.915864, 0.226564, -0.331453
Y 0.340764, -0.002114, 0.940146
Z 0.212302, -0.973994, -0.079141

PART 51
OFFSET 11.467045, 5.131489, -19.364795
SCALE 1.000000, 1.000000, 1.000000
X 0.834039, 0.405439, -0.374163
Y 0.412756, -0.008548, 0.910802
Z 0.366076, -0.914082, -0.174477

PART 52
OFFSET 10.441267, 5.825369, -18.444178
SCALE 1.000000, 1.000000, 1.000000
X 0.367602, 0.873718, -0.318567
Y -0.929261, 0.331596, -0.162843
Z -0.036643, 0.355893, 0.933808

PART 53
OFFSET 11.844929, 7.980780, -19.292271
SCALE 1.000000, 1.000000, 1.000000
X 0.858505, 0.468207, -0.209170
Y -0.305127, 0.138567, -0.942177
Z -0.412150, 0.872686, 0.261823

PART 54
OFFSET 13.328353, 6.185292, -18.831375
SCALE 1.000000, 1.000000, 1.000000
X 0.314203, -0.944851, -0.092372
Y -0.491981, -0.078841, -0.867029
Z 0.811931, 0.317868, -0.489621

PART 55
OFFSET 9.549394, -0.863965, -13.168992
SCALE 1.000000, 1.000000, 1.000000
X -0.438874, -0.759793, 0.479692
Y 0.881840, -0.261729, 0.392246
Z -0.172477, 0.595158, 0.784881

PART 56
OFFSET 9.674624, -1.487694, -14.072188
SCALE 1.000000, 1.000000, 1.000000
X 0.713212, -0.339210, 0.613404
Y 0.690988, 0.487244, -0.533975
Z -0.117748, 0.804692, 0.581899

PART 57
OFFSET 8.622408, -4.319119, -13.577818
SCALE 1.000000, 1.000000, 1.000000
X -0.189509, -0.543531, 0.817717
Y 0.965903, 0.046421, 0.254708
Z -0.176401, 0.838104, 0.516201

PART 58
OFFSET 8.620605, -3.809354, -13.078084
SCALE 1.000000, 1.000000, 1.000000
X -0.228888, -0.689081, 0.687589
Y 0.943679, 0.016289, 0.330461
Z -0.238914, 0.724502, 0.646543

PART 59
OFFSET 7.709580, -3.587586, -11.852530
SCALE 1.000000, 1.000000, 1.000000
X 0.377362, -0.918539, 0.117835
Y 0.090558, -0.090031, -0.991813
Z 0.921628, 0.384943, 0.049207

PART 60
OFFSET 8.201389, -1.011265, -12.535932
SCALE 1.000000, 1.000000, 1.000000
X -0.098174, -0.735266, 0.670631
Y -0.942478, -0.147675, -0.299878
Z 0.319526, -0.661496, -0.678474

PART 61
OFFSET 14.159107, 7.980332, -20.691519
SCALE 1.000000, 1.000000, 1.000000
X 0.563957, 0.060029, 0.823619
Y -0.818693, -0.089958, 0.567141
Z 0.108136, -0.994135, -0.001587

PART 62
OFFSET 14.684793, 7.351706, -19.739036
SCALE 1.000000, 1.000000, 1.000000
X -0.061131, 0.146910, 0.987259
Y 0.645383, 0.760345, -0.073182
Z -0.761409, 0.632686, -0.141294

PART 63
OFFSET 13.848847, 5.142039, -19.941133
SCALE 1.000000, 1.000000, 1.000000
X 0.204957, 0.477063, 0.854636
Y -0.956894, -0.085916, 0.277439
Z 0.205783, -0.874659, 0.438890

PART 64
OFFSET 13.676944, 6.048188, -20.381907
SCALE 1.000000, 1.000000, 1.000000
X 0.612208, 0.276518, 0.740769
Y -0.788871, 0.149976, 0.595978
Z 0.053701, -0.949234, 0.309954

PART 65
OFFSET 11.139720, 7.763686, -19.095904
SCALE 1.000000, 1.000000, 1.000000
X 0.591643, 0.684135, -0.426519
Y -0.772362, 0.632656, -0.056598
Z 0.231119, 0.362913, 0.902706

PART 66
OFFSET 10.322104, 0.473774, -14.013567
SCALE 1.000000, 1.000000, 1.000000
X 0.653583, -0.487107, 0.579271
Y 0.724840, 0.623097, -0.293866
Z -0.217798, 0.611945, 0.760320

PART 67
OFFSET 8.281345, -0.825038, -15.270490
SCALE 1.000000, 1.000000, 1.000000
X 0.877765, 0.355439, -0.321234
Y -0.460035, 0.438094, -0.772296
Z -0.133774, 0.825673, 0.548058

PART 68
OFFSET 8.904018, -2.981507, -15.371171
SCALE 1.000000, 1.000000, 1.000000
X 0.831667, -0.353873, 0.427906
Y 0.545582, 0.377407, -0.748267
Z 0.103296, 0.855767, 0.506944

PART 69
OFFSET 9.270960, -2.128234, -14.951364
SCALE 1.000000, 1.000000, 1.000000
X 0.802877, -0.287238, 0.522382
Y 0.595870, 0.360052, -0.717845
Z 0.018108, 0.887613, 0.460234

PART 70
OFFSET 6.834894, -1.617866, -12.010580
SCALE 1.000000, 1.000000, 1.000000
X -0.107186, -0.535774, 0.837530
Y 0.401687, -0.793909, -0.456461
Z 0.909483, 0.287498, 0.300309

PART 71
OFFSET 14.838127, 8.113689, -19.690170
SCALE 1.000000, 1.000000, 1.000000
X -0.160617, 0.045908, 0.985949
Y -0.978336, -0.139599, -0.152877
Z 0.130620, -0.989143, 0.067335

PART 72
OFFSET 14.595502, 7.566291, -18.296993
SCALE 1.000000, 1.000000, 1.000000
X -0.651765, 0.039702, 0.757381
Y -0.753599, -0.146331, -0.640840
Z 0.085386, -0.988439, 0.125293

PART 73
OFFSET 14.139029, 5.817472, -18.731125
SCALE 1.000000, 1.000000, 1.000000
X -0.386582, 0.365144, 0.846891
Y -0.890704, -0.385958, -0.240172
Z 0.239167, -0.847175, 0.474440

PART 74
OFFSET 14.719216, 6.518955, -19.120763
SCALE 1.000000, 1.000000, 1.000000
X -0.400228, 0.269005, 0.876045
Y -0.913207, -0.197001, -0.356713
Z 0.076624, -0.942776, 0.324502

PART 75
OFFSET 12.166785, 8.871019, -19.679994
SCALE 1.000000, 1.000000, 1.000000
X 0.336569, 0.883033, -0.327069
Y -0.935928, 0.351957, -0.012888
Z 0.103733, 0.310451, 0.944912

PART 76
OFFSET 9.514335, 1.103098, -14.671600
SCALE 1.000000, 1.000000, 1.000000
X 0.904984, -0.235663, 0.354213
Y 0.395449, 0.773027, -0.496034
Z -0.156920, 0.588976, 0.792769

PART 77
OFFSET 6.999266, -1.344198, -14.801291
SCALE 1.000000, 1.000000, 1.000000
X 0.064625, 0.532865, -0.843729
Y -0.981358, -0.119417, -0.150586
Z -0.180998, 0.837732, 0.515214

PART 78
OFFSET 7.726530, -2.480488, -15.977008
SCALE 1.000000, 1.000000, 1.000000
X 0.884296, 0.150814, -0.441901
Y -0.447965, 0.540990, -0.711799
Z 0.131714, 0.827397, 0.545954

PART 79
OFFSET 7.904051, -1.639207, -15.840726
SCALE 1.000000, 1.000000, 1.000000
X 0.771984, 0.281663, -0.569831
Y -0.634710, 0.390112, -0.667050
Z 0.034415, 0.876629, 0.479934

PART 80
OFFSET 6.930063, -0.832473, -13.423510
SCALE 1.000000, 1.000000, 1.000000
X -0.232213, 0.217619, 0.948008
Y 0.253244, -0.927509, 0.274945
Z 0.939119, 0.303923, 0.160269

PART 81
OFFSET 14.656705, 8.165543, -18.576514
SCALE 1.000000, 1.000000, 1.000000
X 0.972239, -0.166935, -0.163961
Y -0.158210, 0.047283, -0.986273
Z 0.172396, 0.984834, 0.019560

PART 82
OFFSET 13.858438, 7.604352, -17.437865
SCALE 1.000000, 1.000000, 1.000000
X 0.975507, 0.127081, -0.179547
Y -0.150348, -0.210620, -0.965937
Z -0.160569, 0.969273, -0.186355

PART 83
OFFSET 13.796289, 6.141206, -17.980280
SCALE 1.000000, 1.000000, 1.000000
X -0.642783, 0.239879, 0.727522
Y -0.743929, -0.422037, -0.518126
Z 0.182754, -0.874267, 0.449731

PART 84
OFFSET 14.164519, 6.891783, -17.906606
SCALE 1.000000, 1.000000, 1.000000
X -0.711877, 0.170345, 0.681332
Y -0.697795, -0.281309, -0.658746
Z 0.079451, -0.944377, 0.319123

PART 85
OFFSET 12.519580, 9.846133, -19.990655
SCALE 1.000000, 1.000000, 1.000000
X -0.011127, 0.524889, -0.851098
Y 0.006763, -0.851092, -0.524974
Z -0.999915, -0.011597, 0.005921

PART 86
OFFSET 8.492143, 1.369282, -15.071689
SCALE 1.000000, 1.000000, 1.000000
X -0.695693, -0.455370, 0.555562
Y -0.715847, 0.375127, -0.588933
Z 0.059776, -0.807415, -0.586948

PART 87
OFFSET 6.926709, -1.953687, -13.849431
SCALE 1.000000, 1.000000, 1.000000
X 0.588646, -0.385037, 0.710804
Y -0.804008, -0.370289, 0.465250
Z 0.084065, -0.845359, -0.527542

PART 88
OFFSET 6.942479, -2.614206, -15.585201
SCALE 1.000000, 1.000000, 1.000000
X 0.151368, 0.485290, -0.861151
Y -0.984038, 0.156452, -0.084802
Z 0.093575, 0.860242, 0.501226

PART 89
OFFSET 6.834158, -2.029564, -15.050997
SCALE 1.000000, 1.000000, 1.000000
X -0.025634, 0.484486, -0.874424
Y -0.999226, 0.013695, 0.036880
Z 0.029843, 0.874692, 0.483760

PART 90
OFFSET 7.133909, -1.065940, -14.460676
SCALE 1.000000, 1.000000, 1.000000
X -0.722524, -0.225705, 0.653465
Y -0.654997, -0.078972, -0.751494
Z 0.221221, -0.970990, -0.090777

PART 91
OFFSET 13.185643, 6.369091, -17.289132
SCALE 1.000000, 1.000000, 1.000000
X 0.932183, 0.207804, -0.296399
Y -0.125088, -0.583450, -0.802458
Z -0.339688, 0.785114, -0.517889

PART 92
OFFSET 13.392464, 7.076528, -17.167678
SCALE 1.000000, 1.000000, 1.000000
X 0.985701, -0.024787, -0.166670
Y -0.166715, -0.287168, -0.943261
Z -0.024481, 0.957560, -0.287194

PART 93
OFFSET 6.798677, -3.075241, -14.767092
SCALE 1.000000, 1.000000, 1.000000
X 0.488206, -0.594324, 0.639089
Y -0.828553, -0.085608, 0.553328
Z -0.274145, -0.799657, -0.534223

PART 94
OFFSET 6.861959, -2.555003, -14.102658
SCALE 1.000000, 1.000000, 1.000000
X 0.593399, -0.360290, 0.719770
Y -0.804166, -0.303768, 0.510923
Z 0.034563, -0.881996, -0.469988

FRAME 2
PART 0
OFFSET 0.000000, 0.000000, 0.000000
SCALE 1.000000, 1.000000, 1.000000
X 1.000000, 0.000000, 0.000000
Y 0.000000, 1.000000, 0.000000
Z 0.000000, 0.000000, 1.000000

PART 1
OFFSET 0.000000, 0.000000, 0.000000
SCALE 1.000000, 1.000000, 1.000000
X 1.000000, 0.000000, 0.000000
Y 0.000000, 1.000000, 0.000000
Z 0.000000, 0.000000, 1.000000

PART 2
OFFSET 0.000000, 0.000000, 0.000000
SCALE 1.000000, 1.000000, 1.000000
X 1.000000, 0.000000, 0.000000
Y 0.000000, 1.000000, 0.000000
Z 0.000000, 0.000000, 1.000000

PART 3
OFFSET -4.631900, 0.000000, -1.377000
SCALE 1.000000, 1.000000, 1.000000
X 1.000000, 0.000000, 0.000000
Y 0.000000, 1.000000, 0.000000
Z 0.000000, 0.000000, 1.000000

PART 4
OFFSET 0.000000, 0.000000, 0.000000
SCALE 1.000000, 1.000000, 1.000000
X 0.999937, -0.006232, 0.009297
Y 0.006288, 0.999962, -0.006048
Z -0.009259, 0.006106, 0.999938

PART 5
OFFSET -3.506100, 6.340800, -6.712500
SCALE 1.000000, 1.000000, 1.000000
X 0.235987, 0.025207, -0.971429
Y 0.323615, -0.944641, 0.054103
Z -0.916288, -0.327137, -0.231081

PART 6
OFFSET -12.853500, -4.812700, -5.407100
SCALE 1.000000, 1.000000, 1.000000
X -0.831172, 0.359907, 0.423817
Y -0.048065, -0.805894, 0.590106
Z 0.553935, 0.470108, 0.687135

PART 7
OFFSET 8.389867, 0.559417, -11.567160
SCALE 1.000000, 1.000000, 1.000000
X 0.491510, 0.637229, -0.593597
Y -0.869850, 0.392237, -0.299185
Z 0.042181, 0.663393, 0.747081

PART 8
OFFSET 10.527903, 0.000000, -8.129720
SCALE 1.000000, 1.000000, 1.000000
X 1.000000, 0.000000, 0.000000
Y 0.000000, 1.000000, 0.000000
Z 0.000000, 0.000000, 1.000000

PART 9
OFFSET 1.502037, 0.015652, 4.149824
SCALE 1.000000, 1.000000, 1.000000
X 0.999937, -0.006232, 0.009297
Y 0.006288, 0.999962, -0.006048
Z -0.009259, 0.006106, 0.999938

PART 10
OFFSET -4.618776, 0.020456, -1.419952
SCALE 1.000000, 1.000000, 1.000000
X 0.999937, -0.006232, 0.009297
Y 0.006288, 0.999962, -0.006048
Z -0.009259, 0.006106, 0.999938

PART 11
OFFSET -0.651955, 6.645694, -18.460960
SCALE 1.000000, 1.000000, 1.000000
X 0.978937, -0.193280, 0.065765
Y -0.078178, -0.057311, 0.995291
Z -0.188600, -0.979468, -0.071214

PART 12
OFFSET -2.801555, -9.165309, -10.532619
SCALE 1.000000, 1.000000, 1.000000
X -0.925618, -0.373234, 0.062680
Y 0.291774, -0.809232, -0.509913
Z 0.241039, -0.453696, 0.857939

PART 13
OFFSET 8.389867, 0.559417, -11.567160
SCALE 1.000000, 1.000000, 1.000000
X 0.491510, 0.637229, -0.593597
Y -0.869850, 0.392237, -0.299185
Z 0.042181, 0.663393, 0.747081

PART 14
OFFSET 9.443667, 6.589493, -18.333625
SCALE 1.000000, 1.000000, 1.000000
X 0.979901, -0.190230, 0.060055
Y 0.186918, 0.980738, 0.056692
Z -0.069683, -0.044327, 0.996584

PART 15
OFFSET 8.627490, 4.162353, -19.136698
SCALE 1.000000, 1.000000, 1.000000
X 0.979901, -0.190230, 0.060055
Y 0.186918, 0.980738, 0.056692
Z -0.069683, -0.044327, 0.996584

PART 16
OFFSET 9.729380, 6.023239, -16.305878
SCALE 1.000000, 1.000000, 1.000000
X 0.979901, -0.190230, 0.060055
Y 0.186918, 0.980738, 0.056692
Z -0.069683, -0.044327, 0.996584

PART 17
OFFSET 9.312628, 4.402770, -16.383145
SCALE 1.000000, 1.000000, 1.000000
X 0.979901, -0.190230, 0.060055
Y 0.186918, 0.980738, 0.056692
Z -0.069683, -0.044327, 0.996584

PART 18
OFFSET 8.653616, 2.930494, -16.690751
SCALE 1.000000, 1.000000, 1.000000
X 0.979901, -0.190230, 0.060055
Y 0.186918, 0.980738, 0.056692
