// Export filename: 'K:\Juegos\Steam\steamapps\common\Call of Duty Black Ops\xanim_export\ricos\guns\ak12\ak12_putaway.xanim_export'
// Source filename: 'K:\01 Ricko0z\Working Gun\AK12\01 Escenas\ak12_handed.mb'
// Export time: Thu Jun 02 2016, 18:46:46

ANIMATION
VERSION 3

NUMPARTS 95
PART 0 "tag_view"
PART 1 "tag_ads"
PART 2 "tag_cambone"
PART 3 "tag_torso"
PART 4 "tag_camera"
PART 5 "j_shoulder_le"
PART 6 "j_shoulder_ri"
PART 7 "tag_weapon"
PART 8 "tag_weapon1"
PART 9 "tag_gasmask"
PART 10 "tag_gasmask2"
PART 11 "j_elbow_le"
PART 12 "j_elbow_ri"
PART 13 "j_gun"
PART 14 "j_sleave_reshape_bottom_le_1"
PART 15 "j_sleave_reshape_bottom_le_2"
PART 16 "j_sleave_reshape_top_le_1"
PART 17 "j_sleave_reshape_top_le_2"
PART 18 "j_sleave_reshape_top_le_3"
PART 19 "j_wrist_le"
PART 20 "j_wristtwist_le"
PART 21 "j_sleave_reshape_top_ri_1"
PART 22 "j_sleave_reshape_top_ri_2"
PART 23 "j_sleave_reshape_top_ri_3"
PART 24 "j_wrist_ri"
PART 25 "j_wristtwist_ri"
PART 26 "j_bullet"
PART 27 "j_bullet1"
PART 28 "j_clip"
PART 29 "j_mag"
PART 30 "j_mag1"
PART 31 "j_magrelease"
PART 32 "j_reload"
PART 33 "tag_acog_2"
PART 34 "tag_brass"
PART 35 "tag_clip"
PART 36 "tag_eclan"
PART 37 "tag_eotech"
PART 38 "tag_flash"
PART 39 "tag_folding_grip"
PART 40 "tag_grenade_launcher"
PART 41 "tag_maul"
PART 42 "tag_red_dot"
PART 43 "tag_sight_on"
PART 44 "tag_silencer"
PART 45 "tag_target_finder"
PART 46 "tag_thermal_scope"
PART 47 "tag_variable_zoom_reflex"
PART 48 "j_index_le_0"
PART 49 "j_mid_le_0"
PART 50 "j_pinkypalm_le"
PART 51 "j_ringpalm_le"
PART 52 "j_thumb_le_0"
PART 53 "j_webbing_le"
PART 54 "tag_knife_attach"
PART 55 "j_index_ri_0"
PART 56 "j_mid_ri_0"
PART 57 "j_pinkypalm_ri"
PART 58 "j_ringpalm_ri"
PART 59 "j_thumb_ri_0"
PART 60 "j_webbing_ri"
PART 61 "j_index_le_1"
PART 62 "j_mid_le_1"
PART 63 "j_pinky_le_0"
PART 64 "j_ring_le_0"
PART 65 "j_thumb_le_1"
PART 66 "j_index_ri_1"
PART 67 "j_mid_ri_1"
PART 68 "j_pinky_ri_0"
PART 69 "j_ring_ri_0"
PART 70 "j_thumb_ri_1"
PART 71 "j_index_le_2"
PART 72 "j_mid_le_2"
PART 73 "j_pinky_le_1"
PART 74 "j_ring_le_1"
PART 75 "j_thumb_le_2"
PART 76 "j_index_ri_2"
PART 77 "j_mid_ri_2"
PART 78 "j_pinky_ri_1"
PART 79 "j_ring_ri_1"
PART 80 "j_thumb_ri_2"
PART 81 "j_index_le_3"
PART 82 "j_mid_le_3"
PART 83 "j_pinky_le_2"
PART 84 "j_ring_le_2"
PART 85 "j_thumb_le_3"
PART 86 "j_index_ri_3"
PART 87 "j_mid_ri_3"
PART 88 "j_pinky_ri_2"
PART 89 "j_ring_ri_2"
PART 90 "j_thumb_ri_3"
PART 91 "j_pinky_le_3"
PART 92 "j_ring_le_3"
PART 93 "j_pinky_ri_3"
PART 94 "j_ring_ri_3"

FRAMERATE 30
NUMFRAMES 26

FRAME 0
PART 0
OFFSET 0.000000, 0.000000, 0.000000
SCALE 1.000000, 1.000000, 1.000000
X 1.000000, 0.000000, 0.000000
Y 0.000000, 1.000000, 0.000000
Z 0.000000, 0.000000, 1.000000

PART 1
OFFSET 0.000000, 0.000000, 0.000000
SCALE 1.000000, 1.000000, 1.000000
X 1.000000, 0.000000, 0.000000
Y 0.000000, 1.000000, 0.000000
Z 0.000000, 0.000000, 1.000000

PART 2
OFFSET 0.000000, 0.000000, 0.000000
SCALE 1.000000, 1.000000, 1.000000
X 1.000000, 0.000000, 0.000000
Y 0.000000, 1.000000, 0.000000
Z 0.000000, 0.000000, 1.000000

PART 3
OFFSET -4.631900, 0.000000, -1.377000
SCALE 1.000000, 1.000000, 1.000000
X 1.000000, 0.000000, 0.000000
Y 0.000000, 1.000000, 0.000000
Z 0.000000, 0.000000, 1.000000

PART 4
OFFSET 0.000000, 0.000000, 0.000000
SCALE 1.000000, 1.000000, 1.000000
X 1.000000, 0.000000, 0.000000
Y 0.000000, 1.000000, 0.000000
Z 0.000000, 0.000000, 1.000000

PART 5
OFFSET -3.506100, 6.340800, -6.712500
SCALE 1.000000, 1.000000, 1.000000
X 0.863660, -0.201418, -0.462085
Y -0.125126, -0.973671, 0.190547
Z -0.488299, -0.106749, -0.866123

PART 6
OFFSET -12.853500, -4.812700, -5.407100
SCALE 1.000000, 1.000000, 1.000000
X -0.705009, 0.555620, 0.440736
Y -0.238748, -0.771125, 0.590225
Z 0.667803, 0.310890, 0.676304

PART 7
OFFSET 8.256300, -2.669769, -4.543193
SCALE 1.000000, 1.000000, 1.000000
X 1.000000, 0.000000, 0.000000
Y 0.000000, 1.000000, 0.000000
Z 0.000000, 0.000000, 1.000000

PART 8
OFFSET 10.527903, 0.000000, -8.129720
SCALE 1.000000, 1.000000, 1.000000
X 1.000000, 0.000000, 0.000000
Y 0.000000, 1.000000, 0.000000
Z 0.000000, 0.000000, 1.000000

PART 9
OFFSET 1.540400, 0.000000, 4.135700
SCALE 1.000000, 1.000000, 1.000000
X 1.000000, 0.000000, 0.000000
Y 0.000000, 1.000000, 0.000000
Z 0.000000, 0.000000, 1.000000

PART 10
OFFSET -4.631800, 0.000000, -1.377000
SCALE 1.000000, 1.000000, 1.000000
X 1.000000, 0.000000, 0.000000
Y 0.000000, 1.000000, 0.000000
Z 0.000000, 0.000000, 1.000000

PART 11
OFFSET 6.938942, 3.905024, -12.300945
SCALE 1.000000, 1.000000, 1.000000
X 0.737652, -0.451154, 0.502324
Y -0.573344, -0.025643, 0.818914
Z -0.356575, -0.892078, -0.277582

PART 12
OFFSET -4.327314, -11.532215, -10.737233
SCALE 1.000000, 1.000000, 1.000000
X -0.753718, -0.610848, -0.242431
Y 0.643176, -0.609822, -0.463078
Z 0.135030, -0.504956, 0.852517

PART 13
OFFSET 8.256300, -2.669769, -4.543193
SCALE 1.000000, 1.000000, 1.000000
X 1.000000, 0.000000, 0.000000
Y 0.000000, 1.000000, 0.000000
Z 0.000000, 0.000000, 1.000000

PART 14
OFFSET 15.325873, 1.043598, -7.475353
SCALE 1.000000, 1.000000, 1.000000
X 0.742023, -0.448527, 0.498221
Y 0.362598, 0.893633, 0.264466
Z -0.563847, -0.015586, 0.825732

PART 15
OFFSET 14.420537, -1.009051, -8.750027
SCALE 1.000000, 1.000000, 1.000000
X 0.742023, -0.448527, 0.498221
Y 0.362598, 0.893633, 0.264466
Z -0.563847, -0.015586, 0.825732

PART 16
OFFSET 14.299308, 0.412801, -5.491788
SCALE 1.000000, 1.000000, 1.000000
X 0.742023, -0.448527, 0.498221
Y 0.362598, 0.893633, 0.264466
Z -0.563847, -0.015586, 0.825732

PART 17
OFFSET 13.681899, -0.940804, -6.000680
SCALE 1.000000, 1.000000, 1.000000
X 0.742023, -0.448527, 0.498221
Y 0.362598, 0.893633, 0.264466
Z -0.563847, -0.015586, 0.825732

PART 18
OFFSET 13.298239, -1.779367, -6.949233
SCALE 1.000000, 1.000000, 1.000000
X 0.742023, -0.448527, 0.498221
Y 0.362598, 0.893633, 0.264466
Z -0.563847, -0.015586, 0.825732

PART 19
OFFSET 15.474390, -1.315326, -6.488510
SCALE 1.000000, 1.000000, 1.000000
X 0.966666, -0.229902, 0.112704
Y 0.080499, 0.690750, 0.718599
Z -0.243058, -0.685572, 0.686231

PART 20
OFFSET 13.212994, 0.067763, -8.028467
SCALE 1.000000, 1.000000, 1.000000
X 0.737652, -0.451154, 0.502324
Y -0.181349, 0.584256, 0.791048
Z -0.650370, -0.674614, 0.349162

PART 21
OFFSET 2.807723, -4.861494, -6.727615
SCALE 1.000000, 1.000000, 1.000000
X -0.757913, -0.605818, -0.241977
Y -0.142168, 0.515401, -0.845074
Z 0.636676, -0.606091, -0.476757

PART 22
OFFSET 2.429120, -4.044744, -8.014759
SCALE 1.000000, 1.000000, 1.000000
X -0.757913, -0.605818, -0.241977
Y -0.142168, 0.515401, -0.845074
Z 0.636676, -0.606091, -0.476757

PART 23
OFFSET 2.601166, -4.422001, -9.179668
SCALE 1.000000, 1.000000, 1.000000
X -0.757913, -0.605818, -0.241977
Y -0.142168, 0.515401, -0.845074
Z 0.636676, -0.606091, -0.476757

PART 24
OFFSET 4.394096, -4.463980, -7.932020
SCALE 1.000000, 1.000000, 1.000000
X -0.954583, -0.141868, -0.262000
Y 0.284916, -0.177461, -0.941982
Z 0.087142, -0.973849, 0.209821

PART 25
OFFSET 2.083413, -6.336664, -8.675243
SCALE 1.000000, 1.000000, 1.000000
X -0.753718, -0.610848, -0.242431
Y 0.487900, -0.272954, -0.829126
Z 0.440298, -0.743210, 0.503763

PART 26
OFFSET 13.119786, -2.669769, -5.371324
SCALE 1.000000, 1.000000, 1.000000
X 1.000000, -0.000122, -0.000122
Y 0.000122, 1.000000, 0.000122
Z 0.000122, -0.000122, 1.000000

PART 27
OFFSET -23.935819, -2.669769, -5.371324
SCALE 1.000000, 1.000000, 1.000000
X 1.000000, 0.000000, 0.000000
Y 0.000000, 1.000000, 0.000000
Z 0.000000, 0.000000, 1.000000

PART 28
OFFSET 8.533481, -1.823070, -4.609312
SCALE 1.000000, 1.000000, 1.000000
X 1.000000, 0.000000, 0.000000
Y 0.000000, 1.000000, 0.000000
Z 0.000000, 0.000000, 1.000000

PART 29
OFFSET 13.119786, -2.669769, -5.371324
SCALE 1.000000, 1.000000, 1.000000
X 1.000000, -0.000122, -0.000122
Y 0.000122, 1.000000, 0.000122
Z 0.000122, -0.000122, 1.000000

PART 30
OFFSET -23.935819, -2.669769, -5.371324
SCALE 1.000000, 1.000000, 1.000000
X 1.000000, 0.000000, 0.000000
Y 0.000000, 1.000000, 0.000000
Z 0.000000, 0.000000, 1.000000

PART 31
OFFSET 11.181326, -2.669769, -6.473185
SCALE 1.000000, 1.000000, 1.000000
X 1.000000, 0.000000, 0.000000
Y 0.000000, 1.000000, 0.000000
Z 0.000000, 0.000000, 1.000000

PART 32
OFFSET 18.247463, -2.348162, -3.075389
SCALE 1.000000, 1.000000, 1.000000
X 1.000000, 0.000000, 0.000000
Y 0.000000, 1.000000, 0.000000
Z 0.000000, 0.000000, 1.000000

PART 33
OFFSET 8.263714, -2.669769, -2.547140
SCALE 1.000000, 1.000000, 1.000000
X 1.000000, 0.000000, 0.000000
Y 0.000000, 1.000000, 0.000000
Z 0.000000, 0.000000, 1.000000

PART 34
OFFSET 17.179559, -2.669769, -3.114675
SCALE 1.000000, 1.000000, 1.000000
X -0.000011, -0.835788, 0.549052
Y 1.000000, -0.000011, 0.000003
Z 0.000003, 0.549052, 0.835788

PART 35
OFFSET 13.726498, -2.654757, -5.307460
SCALE 1.000000, 1.000000, 1.000000
X 1.000000, 0.000000, 0.000000
Y 0.000000, 1.000000, 0.000000
Z 0.000000, 0.000000, 1.000000

PART 36
OFFSET 10.323203, -2.669769, -2.510380
SCALE 1.000000, 1.000000, 1.000000
X 1.000000, 0.000000, 0.000000
Y 0.000000, 1.000000, 0.000000
Z 0.000000, 0.000000, 1.000000

PART 37
OFFSET 9.869227, -2.669769, -2.278807
SCALE 1.000000, 1.000000, 1.000000
X 1.000000, 0.000000, 0.000000
Y 0.000000, 1.000000, 0.000000
Z 0.000000, 0.000000, 1.000000

PART 38
OFFSET 35.065031, -2.669769, -4.066149
SCALE 1.000000, 1.000000, 1.000000
X 1.000000, 0.000000, 0.000000
Y 0.000000, 1.000000, 0.000000
Z 0.000000, 0.000000, 1.000000

PART 39
OFFSET 21.247853, -2.669769, -5.105207
SCALE 1.000000, 1.000000, 1.000000
X 1.000000, 0.000000, 0.000000
Y 0.000000, 1.000000, 0.000000
Z 0.000000, 0.000000, 1.000000

PART 40
OFFSET 15.988082, -2.669769, -7.966985
SCALE 1.000000, 1.000000, 1.000000
X 1.000000, 0.000000, 0.000000
Y 0.000000, 1.000000, 0.000000
Z 0.000000, 0.000000, 1.000000

PART 41
OFFSET 23.582272, -2.669769, -6.130888
SCALE 1.000000, 1.000000, 1.000000
X 1.000000, 0.000000, 0.000000
Y 0.000000, 1.000000, 0.000000
Z 0.000000, 0.000000, 1.000000

PART 42
OFFSET 9.294475, -2.669769, -2.605411
SCALE 1.000000, 1.000000, 1.000000
X 1.000000, 0.000000, 0.000000
Y 0.000000, 1.000000, 0.000000
Z 0.000000, 0.000000, 1.000000

PART 43
OFFSET 16.637702, -2.669769, -2.278807
SCALE 1.000000, 1.000000, 1.000000
X 1.000000, 0.000000, 0.000000
Y 0.000000, 1.000000, 0.000000
Z 0.000000, 0.000000, 1.000000

PART 44
OFFSET 35.065031, -2.669769, -4.066149
SCALE 1.000000, 1.000000, 1.000000
X 1.000000, 0.000000, 0.000000
Y 0.000000, 1.000000, 0.000000
Z 0.000000, 0.000000, 1.000000

PART 45
OFFSET 9.046862, -2.669769, -2.692241
SCALE 1.000000, 1.000000, 1.000000
X 1.000000, 0.000000, 0.000000
Y 0.000000, 1.000000, 0.000000
Z 0.000000, 0.000000, 1.000000

PART 46
OFFSET 10.295344, -2.669769, -2.728797
SCALE 1.000000, 1.000000, 1.000000
X 1.000000, 0.000000, 0.000000
Y 0.000000, 1.000000, 0.000000
Z 0.000000, 0.000000, 1.000000

PART 47
OFFSET 9.398874, -2.669769, -2.628401
SCALE 1.000000, 1.000000, 1.000000
X 1.000000, 0.000000, 0.000000
Y 0.000000, 1.000000, 0.000000
Z 0.000000, 0.000000, 1.000000

PART 48
OFFSET 19.392099, -1.435355, -5.762412
SCALE 1.000000, 1.000000, 1.000000
X 0.546744, -0.835859, 0.049101
Y -0.553926, -0.317108, 0.769811
Z -0.627883, -0.448087, -0.636381

PART 49
OFFSET 19.158060, -2.283175, -6.430920
SCALE 1.000000, 1.000000, 1.000000
X 0.231800, -0.819979, 0.523358
Y -0.723699, 0.214146, 0.656050
Z -0.650022, -0.530826, -0.543778

PART 50
OFFSET 16.157073, -2.388043, -7.023902
SCALE 1.000000, 1.000000, 1.000000
X 0.767970, -0.633189, -0.096399
Y -0.409599, -0.601241, 0.686103
Z -0.492392, -0.487422, -0.721089

PART 51
OFFSET 16.457158, -1.883814, -6.617343
SCALE 1.000000, 1.000000, 1.000000
X 0.873139, -0.487437, -0.005679
Y -0.363093, -0.658087, 0.659610
Z -0.325255, -0.573869, -0.751587

PART 52
OFFSET 15.887121, -1.033642, -5.462563
SCALE 1.000000, 1.000000, 1.000000
X 0.932502, 0.051890, 0.357417
Y -0.100765, 0.987707, 0.119501
Z -0.346823, -0.147451, 0.926268

PART 53
OFFSET 18.451873, -1.294747, -4.632300
SCALE 1.000000, 1.000000, 1.000000
X 0.826389, -0.540520, 0.157858
Y 0.516358, 0.615580, -0.595345
Z 0.224622, 0.573498, 0.787810

PART 54
OFFSET 17.681404, -3.355616, -5.524482
SCALE 1.000000, 1.000000, 1.000000
X -0.418443, -0.564066, -0.711853
Y 0.243188, 0.685569, -0.686189
Z 0.875080, -0.460245, -0.149698

PART 55
OFFSET 7.931193, -4.139311, -6.122655
SCALE 1.000000, 1.000000, 1.000000
X -0.986956, -0.015197, -0.160272
Y -0.001572, -0.994577, 0.103991
Z -0.160983, 0.102886, 0.981580

PART 56
OFFSET 8.122844, -4.172256, -7.210144
SCALE 1.000000, 1.000000, 1.000000
X -0.262607, -0.940639, 0.215023
Y 0.957019, -0.282340, -0.066317
Z 0.123090, 0.188366, 0.974355

PART 57
OFFSET 5.489353, -4.337159, -8.761349
SCALE 1.000000, 1.000000, 1.000000
X -0.933782, -0.271626, 0.232960
Y 0.321277, -0.923060, 0.211520
Z 0.157582, 0.272359, 0.949204

PART 58
OFFSET 5.522101, -4.324021, -8.048359
SCALE 1.000000, 1.000000, 1.000000
X -0.969012, -0.243943, 0.038820
Y 0.245860, -0.937341, 0.246868
Z -0.023834, 0.248763, 0.968271

PART 59
OFFSET 4.512774, -3.829069, -6.991281
SCALE 1.000000, 1.000000, 1.000000
X -0.498612, -0.678377, -0.539621
Y 0.578189, 0.203527, -0.790110
Z 0.645820, -0.705961, 0.290749

PART 60
OFFSET 6.835301, -3.191459, -5.747948
SCALE 1.000000, 1.000000, 1.000000
X -0.929041, -0.369929, -0.005924
Y -0.349549, 0.882882, -0.313585
Z 0.121235, -0.289263, -0.949542

PART 61
OFFSET 20.354720, -2.907005, -5.675964
SCALE 1.000000, 1.000000, 1.000000
X -0.191993, -0.744871, 0.638988
Y -0.776949, 0.513147, 0.364733
Z -0.599574, -0.426435, -0.677248

PART 62
OFFSET 19.610893, -3.885042, -5.408514
SCALE 1.000000, 1.000000, 1.000000
X -0.523157, -0.212018, 0.825442
Y 0.839149, -0.297237, 0.455498
Z 0.148778, 0.930966, 0.333417

PART 63
OFFSET 17.904075, -3.813451, -7.051349
SCALE 1.000000, 1.000000, 1.000000
X -0.106173, -0.292245, 0.950432
Y -0.663465, 0.732771, 0.151201
Z -0.740636, -0.614524, -0.271694

PART 64
OFFSET 18.682982, -3.219570, -6.758278
SCALE 1.000000, 1.000000, 1.000000
X 0.014718, -0.683943, 0.729387
Y -0.622037, 0.564861, 0.542219
Z -0.782849, -0.461686, -0.417125

PART 65
OFFSET 17.870022, -0.831283, -4.627807
SCALE 1.000000, 1.000000, 1.000000
X 0.972433, -0.185232, 0.141644
Y 0.114516, 0.908502, 0.401884
Z -0.203126, -0.374585, 0.904669

PART 66
OFFSET 9.668867, -4.112554, -5.840474
SCALE 1.000000, 1.000000, 1.000000
X -0.366298, -0.926141, 0.089939
Y 0.917293, -0.343183, 0.201987
Z -0.156203, 0.156488, 0.975250

PART 67
OFFSET 8.635861, -2.334671, -7.630202
SCALE 1.000000, 1.000000, 1.000000
X 0.828839, -0.559487, -0.000919
Y 0.539066, 0.799026, -0.266394
Z 0.149778, 0.220302, 0.963864

PART 68
OFFSET 7.570971, -3.574011, -9.172473
SCALE 1.000000, 1.000000, 1.000000
X -0.106399, -0.991999, 0.067946
Y 0.946974, -0.121932, -0.297275
Z 0.303181, 0.032713, 0.952371

PART 69
OFFSET 8.045984, -3.748528, -8.287510
SCALE 1.000000, 1.000000, 1.000000
X -0.132818, -0.974153, 0.182718
Y 0.940459, -0.182062, -0.287036
Z 0.312883, 0.133716, 0.940332

PART 70
OFFSET 5.495098, -2.346229, -5.764160
SCALE 1.000000, 1.000000, 1.000000
X -0.902787, -0.348382, 0.252202
Y -0.061020, -0.476711, -0.876940
Z 0.425738, -0.807079, 0.409110

PART 71
OFFSET 20.157741, -3.786631, -4.858009
SCALE 1.000000, 1.000000, 1.000000
X -0.622846, -0.180152, 0.761320
Y -0.467744, 0.865798, -0.177793
Z -0.627119, -0.466840, -0.623524

PART 72
OFFSET 18.846743, -4.194726, -4.202833
SCALE 1.000000, 1.000000, 1.000000
X -0.727465, 0.350163, 0.590068
Y -0.058972, 0.824886, -0.562214
Z -0.683606, -0.443789, -0.579427

PART 73
OFFSET 17.753759, -4.227203, -5.705754
SCALE 1.000000, 1.000000, 1.000000
X -0.443949, 0.193064, 0.875006
Y -0.521576, 0.738353, -0.427543
Z -0.728607, -0.646189, -0.227094

PART 74
OFFSET 18.708038, -4.383958, -5.516524
SCALE 1.000000, 1.000000, 1.000000
X -0.533099, 0.166351, 0.829538
Y -0.334961, 0.858865, -0.387494
Z -0.776921, -0.484435, -0.402139

PART 75
OFFSET 19.410296, -1.226465, -4.321828
SCALE 1.000000, 1.000000, 1.000000
X 0.934114, 0.063653, 0.351254
Y -0.159197, 0.954989, 0.250306
Z -0.319510, -0.289733, 0.902202

PART 76
OFFSET 10.104695, -2.977133, -5.890600
SCALE 1.000000, 1.000000, 1.000000
X 0.049022, -0.994398, 0.093644
Y 0.985452, 0.063429, 0.157677
Z -0.162733, 0.084552, 0.983041

PART 77
OFFSET 7.425249, -1.517478, -7.628860
SCALE 1.000000, 1.000000, 1.000000
X 0.885046, 0.387207, -0.258388
Y -0.438654, 0.879509, -0.184517
Z 0.155808, 0.276648, 0.948256

PART 78
OFFSET 7.721609, -2.169562, -9.268670
SCALE 1.000000, 1.000000, 1.000000
X 0.770376, -0.595236, -0.228506
Y 0.575631, 0.803423, -0.152184
Z 0.274173, -0.014296, 0.961574

PART 79
OFFSET 8.272106, -2.090029, -8.598588
SCALE 1.000000, 1.000000, 1.000000
X 0.881185, -0.411452, -0.232854
Y 0.364277, 0.904850, -0.220339
Z 0.301357, 0.109336, 0.947222

PART 80
OFFSET 6.901154, -1.721829, -6.269431
SCALE 1.000000, 1.000000, 1.000000
X -0.533478, -0.021399, 0.845543
Y -0.655777, -0.620901, -0.429463
Z 0.534189, -0.783597, 0.317204

PART 81
OFFSET 19.454211, -3.990120, -3.998067
SCALE 1.000000, 1.000000, 1.000000
X 0.448346, -0.854292, -0.263005
Y 0.532234, 0.491532, -0.689292
Z 0.718132, 0.169062, 0.675059

PART 82
OFFSET 18.018012, -3.801857, -3.538263
SCALE 1.000000, 1.000000, 1.000000
X 0.638536, -0.767500, -0.056708
Y 0.370897, 0.371464, -0.851146
Z 0.674319, 0.522455, 0.521857

PART 83
OFFSET 17.360139, -4.056026, -4.929944
SCALE 1.000000, 1.000000, 1.000000
X -0.573281, 0.416858, 0.705392
Y -0.311609, 0.685297, -0.658231
Z -0.757792, -0.597158, -0.262971

PART 84
OFFSET 17.969186, -4.153402, -4.366820
SCALE 1.000000, 1.000000, 1.000000
X -0.624256, 0.472196, 0.622363
Y -0.110136, 0.735504, -0.668509
Z -0.773418, -0.485865, -0.407136

PART 85
OFFSET 20.403095, -1.154639, -3.896412
SCALE 1.000000, 1.000000, 1.000000
X 0.862037, 0.429816, -0.268608
Y -0.249007, -0.102449, -0.963068
Z -0.441461, 0.897085, 0.018712

PART 86
OFFSET 10.049324, -1.853946, -5.996372
SCALE 1.000000, 1.000000, 1.000000
X -0.951302, 0.290365, 0.103503
Y 0.270283, 0.947133, -0.172876
Z -0.148229, -0.136482, -0.979490

PART 87
OFFSET 6.421417, -1.957377, -7.343037
SCALE 1.000000, 1.000000, 1.000000
X -0.408395, -0.876213, 0.255860
Y -0.891222, 0.443347, 0.095743
Z -0.197326, -0.188927, -0.961961

PART 88
OFFSET 7.038553, -1.641794, -9.066064
SCALE 1.000000, 1.000000, 1.000000
X 0.904262, 0.299737, -0.304084
Y -0.298734, 0.952973, 0.050997
Z 0.305070, 0.044725, 0.951279

PART 89
OFFSET 7.050875, -1.519799, -8.275877
SCALE 1.000000, 1.000000, 1.000000
X 0.830365, 0.461008, -0.312994
Y -0.472292, 0.880358, 0.043696
Z 0.295691, 0.111541, 0.948749

PART 90
OFFSET 7.464759, -1.652281, -7.191002
SCALE 1.000000, 1.000000, 1.000000
X -0.872082, 0.359667, 0.331831
Y 0.098611, 0.793343, -0.600736
Z -0.479320, -0.491169, -0.727327

PART 91
OFFSET 16.815501, -3.659996, -4.259796
SCALE 1.000000, 1.000000, 1.000000
X 0.743343, -0.663050, -0.088354
Y 0.037814, 0.173529, -0.984103
Z 0.667841, 0.728185, 0.154064

PART 92
OFFSET 17.292159, -3.641288, -3.691846
SCALE 1.000000, 1.000000, 1.000000
X 0.536307, -0.830908, -0.148214
Y 0.300947, 0.352317, -0.886174
Z 0.788547, 0.430657, 0.439009

PART 93
OFFSET 6.179480, -1.926553, -8.777176
SCALE 1.000000, 1.000000, 1.000000
X -0.548154, -0.834015, 0.062817
Y -0.768957, 0.532087, 0.354385
Z -0.328986, 0.145955, -0.932987

PART 94
OFFSET 6.150299, -2.019786, -7.936418
SCALE 1.000000, 1.000000, 1.000000
X -0.395836, -0.875083, 0.278465
Y -0.875142, 0.451352, 0.174377
Z -0.278280, -0.174672, -0.944484

FRAME 1
PART 0
OFFSET 0.000000, 0.000000, 0.000000
SCALE 1.000000, 1.000000, 1.000000
X 1.000000, 0.000000, 0.000000
Y 0.000000, 1.000000, 0.000000
Z 0.000000, 0.000000, 1.000000

PART 1
OFFSET 0.000000, 0.000000, 0.000000
SCALE 1.000000, 1.000000, 1.000000
X 1.000000, 0.000000, 0.000000
Y 0.000000, 1.000000, 0.000000
Z 0.000000, 0.000000, 1.000000

PART 2
OFFSET 0.000000, 0.000000, 0.000000
SCALE 1.000000, 1.000000, 1.000000
X 1.000000, 0.000000, 0.000000
Y 0.000000, 1.000000, 0.000000
Z 0.000000, 0.000000, 1.000000

PART 3
OFFSET -4.631900, 0.000000, -1.377000
SCALE 1.000000, 1.000000, 1.000000
X 1.000000, 0.000000, 0.000000
Y 0.000000, 1.000000, 0.000000
Z 0.000000, 0.000000, 1.000000

PART 4
OFFSET 0.000000, 0.000000, 0.000000
SCALE 1.000000, 1.000000, 1.000000
X 1.000000, 0.000000, 0.000000
Y 0.000000, 1.000000, 0.000000
Z 0.000000, 0.000000, 1.000000

PART 5
OFFSET -3.506100, 6.340800, -6.712500
SCALE 1.000000, 1.000000, 1.000000
X 0.863437, -0.202590, -0.461989
Y -0.124713, -0.973113, 0.193644
Z -0.488798, -0.109584, -0.865487

PART 6
OFFSET -12.853500, -4.812700, -5.407100
SCALE 1.000000, 1.000000, 1.000000
X -0.703964, 0.557223, 0.440383
Y -0.241557, -0.770931, 0.589335
Z 0.667895, 0.308493, 0.677309

PART 7
OFFSET 8.251708, -2.683899, -4.532292
SCALE 1.000000, 1.000000, 1.000000
X 0.999989, 0.004280, 0.002060
Y -0.004265, 0.999966, -0.007024
Z -0.002090, 0.007015, 0.999973

PART 8
OFFSET 10.527903, 0.000000, -8.129720
SCALE 1.000000, 1.000000, 1.000000
X 1.000000, 0.000000, 0.000000
Y 0.000000, 1.000000, 0.000000
Z 0.000000, 0.000000, 1.000000

PART 9
OFFSET 1.540400, 0.000000, 4.135700
SCALE 1.000000, 1.000000, 1.000000
X 1.000000, 0.000000, 0.000000
Y 0.000000, 1.000000, 0.000000
Z 0.000000, 0.000000, 1.000000

PART 10
OFFSET -4.631800, 0.000000, -1.377000
SCALE 1.000000, 1.000000, 1.000000
X 1.000000, 0.000000, 0.000000
Y 0.000000, 1.000000, 0.000000
Z 0.000000, 0.000000, 1.000000

PART 11
OFFSET 6.936244, 3.890847, -12.299789
SCALE 1.000000, 1.000000, 1.000000
X 0.736867, -0.449416, 0.505028
Y -0.574411, -0.022293, 0.818263
Z -0.356482, -0.893045, -0.274576

PART 12
OFFSET -4.339952, -11.551595, -10.732966
SCALE 1.000000, 1.000000, 1.000000
X -0.756401, -0.607349, -0.242868
Y 0.640519, -0.612449, -0.463293
Z 0.132637, -0.505997, 0.852276

PART 13
OFFSET 8.251708, -2.683899, -4.532292
SCALE 1.000000, 1.000000, 1.000000
X 0.999989, 0.004280, 0.002060
Y -0.004265, 0.999966, -0.007024
Z -0.002090, 0.007015, 0.999973

PART 14
OFFSET 15.315605, 1.046338, -7.451021
SCALE 1.000000, 1.000000, 1.000000
X 0.741246, -0.446806, 0.500918
Y 0.362524, 0.894548, 0.261459
Z -0.564917, -0.012210, 0.825058

PART 15
OFFSET 14.411769, -1.011590, -8.720118
SCALE 1.000000, 1.000000, 1.000000
X 0.741246, -0.446806, 0.500918
Y 0.362524, 0.894548, 0.261459
Z -0.564917, -0.012210, 0.825058

PART 16
OFFSET 14.287414, 0.423699, -5.467915
SCALE 1.000000, 1.000000, 1.000000
X 0.741246, -0.446806, 0.500918
Y 0.362524, 0.894548, 0.261459
Z -0.564917, -0.012210, 0.825058

PART 17
OFFSET 13.669594, -0.932445, -5.972015
SCALE 1.000000, 1.000000, 1.000000
X 0.741246, -0.446806, 0.500918
Y 0.362524, 0.894548, 0.261459
Z -0.564917, -0.012210, 0.825058

PART 18
OFFSET 13.284317, -1.777263, -6.916613
SCALE 1.000000, 1.000000, 1.000000
X 0.741246, -0.446806, 0.500918
Y 0.362524, 0.894548, 0.261459
Z -0.564917, -0.012210, 0.825058

PART 19
OFFSET 15.462603, -1.309385, -6.456065
SCALE 1.000000, 1.000000, 1.000000
X 0.967233, -0.225091, 0.117449
Y 0.075551, 0.696815, 0.713261
Z -0.242389, -0.681016, 0.690988

PART 20
OFFSET 13.203615, 0.068374, -8.004311
SCALE 1.000000, 1.000000, 1.000000
X 0.736892, -0.449434, 0.504975
Y -0.180747, 0.588809, 0.787804
Z -0.651400, -0.671799, 0.352654

PART 21
OFFSET 2.821031, -4.909992, -6.720920
SCALE 1.000000, 1.000000, 1.000000
X -0.760573, -0.602300, -0.242411
Y -0.139726, 0.516467, -0.844830
Z 0.634039, -0.608684, -0.476968

PART 22
OFFSET 2.446773, -4.094126, -8.001316
SCALE 1.000000, 1.000000, 1.000000
X -0.760573, -0.602300, -0.242411
Y -0.139726, 0.516467, -0.844830
Z 0.634039, -0.608684, -0.476968

PART 23
OFFSET 2.619078, -4.473927, -9.165823
SCALE 1.000000, 1.000000, 1.000000
X -0.760573, -0.602300, -0.242411
Y -0.139726, 0.516467, -0.844830
Z 0.634039, -0.608684, -0.476968

PART 24
OFFSET 4.412498, -4.523849, -7.922702
SCALE 1.000000, 1.000000, 1.000000
X -0.953633, -0.147092, -0.262579
Y 0.287137, -0.183179, -0.940212
Z 0.090199, -0.972013, 0.216921

PART 25
OFFSET 2.093591, -6.385806, -8.667263
SCALE 1.000000, 1.000000, 1.000000
X -0.756401, -0.607349, -0.242868
Y 0.488242, -0.277149, -0.827531
Z 0.435290, -0.744524, 0.506169

PART 26
OFFSET 13.116870, -2.668893, -5.350381
SCALE 1.000000, 1.000000, 1.000000
X 0.999989, 0.004159, 0.001939
Y -0.004146, 0.999968, -0.006904
Z -0.001968, 0.006896, 0.999974

PART 27
OFFSET -23.938317, -2.827484, -5.426724
SCALE 1.000000, 1.000000, 1.000000
X 0.999989, 0.004280, 0.002060
Y -0.004265, 0.999966, -0.007024
Z -0.002090, 0.007015, 0.999973

PART 28
OFFSET 8.525412, -1.836506, -4.603785
SCALE 1.000000, 1.000000, 1.000000
X 0.999989, 0.004280, 0.002060
Y -0.004265, 0.999966, -0.007024
Z -0.002090, 0.007015, 0.999973

PART 29
OFFSET 13.116870, -2.668893, -5.350381
SCALE 1.000000, 1.000000, 1.000000
X 0.999989, 0.004159, 0.001939
Y -0.004146, 0.999968, -0.006904
Z -0.001968, 0.006896, 0.999974

PART 30
OFFSET -23.938317, -2.827484, -5.426724
SCALE 1.000000, 1.000000, 1.000000
X 0.999989, 0.004280, 0.002060
Y -0.004265, 0.999966, -0.007024
Z -0.002090, 0.007015, 0.999973

PART 31
OFFSET 11.180735, -2.684919, -6.456206
SCALE 1.000000, 1.000000, 1.000000
X 0.999989, 0.004280, 0.002060
Y -0.004265, 0.999966, -0.007024
Z -0.002090, 0.007015, 0.999973

PART 32
OFFSET 18.238318, -2.309246, -3.046202
SCALE 1.000000, 1.000000, 1.000000
X 0.999989, 0.004280, 0.002060
Y -0.004265, 0.999966, -0.007024
Z -0.002090, 0.007015, 0.999973

PART 33
OFFSET 8.254950, -2.669865, -2.536277
SCALE 1.000000, 1.000000, 1.000000
X 0.999989, 0.004280, 0.002060
Y -0.004265, 0.999966, -0.007024
Z -0.002090, 0.007015, 0.999973

PART 34
OFFSET 17.171881, -2.635689, -3.085428
SCALE 1.000000, 1.000000, 1.000000
X 0.002406, -0.831908, 0.554908
Y 0.999989, 0.004269, 0.002064
Z -0.004086, 0.554897, 0.831909

PART 35
OFFSET 13.723378, -2.650837, -5.285374
SCALE 1.000000, 1.000000, 1.000000
X 0.999989, 0.004280, 0.002060
Y -0.004265, 0.999966, -0.007024
Z -0.002090, 0.007015, 0.999973

PART 36
OFFSET 10.314338, -2.660793, -2.495275
SCALE 1.000000, 1.000000, 1.000000
X 0.999989, 0.004280, 0.002060
Y -0.004265, 0.999966, -0.007024
Z -0.002090, 0.007015, 0.999973

PART 37
OFFSET 9.859884, -2.661112, -2.264644
SCALE 1.000000, 1.000000, 1.000000
X 0.999989, 0.004280, 0.002060
Y -0.004265, 0.999966, -0.007024
Z -0.002090, 0.007015, 0.999973

PART 38
OFFSET 35.059139, -2.565817, -4.000029
SCALE 1.000000, 1.000000, 1.000000
X 0.999989, 0.004280, 0.002060
Y -0.004265, 0.999966, -0.007024
Z -0.002090, 0.007015, 0.999973

PART 39
OFFSET 21.244290, -2.632240, -5.067525
SCALE 1.000000, 1.000000, 1.000000
X 0.999989, 0.004280, 0.002060
Y -0.004265, 0.999966, -0.007024
Z -0.002090, 0.007015, 0.999973

PART 40
OFFSET 15.990559, -2.674825, -7.940063
SCALE 1.000000, 1.000000, 1.000000
X 0.999989, 0.004280, 0.002060
Y -0.004265, 0.999966, -0.007024
Z -0.002090, 0.007015, 0.999973

PART 41
OFFSET 23.580826, -2.629444, -6.088370
SCALE 1.000000, 1.000000, 1.000000
X 0.999989, 0.004280, 0.002060
Y -0.004265, 0.999966, -0.007024
Z -0.002090, 0.007015, 0.999973

PART 42
OFFSET 9.285821, -2.665863, -2.592423
SCALE 1.000000, 1.000000, 1.000000
X 0.999989, 0.004280, 0.002060
Y -0.004265, 0.999966, -0.007024
Z -0.002090, 0.007015, 0.999973

PART 43
OFFSET 16.628283, -2.632144, -2.250699
SCALE 1.000000, 1.000000, 1.000000
X 0.999989, 0.004280, 0.002060
Y -0.004265, 0.999966, -0.007024
Z -0.002090, 0.007015, 0.999973

PART 44
OFFSET 35.059139, -2.565817, -4.000029
SCALE 1.000000, 1.000000, 1.000000
X 0.999989, 0.004280, 0.002060
Y -0.004265, 0.999966, -0.007024
Z -0.002090, 0.007015, 0.999973

PART 45
OFFSET 9.038392, -2.667532, -2.679761
SCALE 1.000000, 1.000000, 1.000000
X 0.999989, 0.004280, 0.002060
Y -0.004265, 0.999966, -0.007024
Z -0.002090, 0.007015, 0.999973

PART 46
OFFSET 10.286936, -2.662445, -2.713743
SCALE 1.000000, 1.000000, 1.000000
X 0.999989, 0.004280, 0.002060
Y -0.004265, 0.999966, -0.007024
Z -0.002090, 0.007015, 0.999973

PART 47
OFFSET 9.390266, -2.665577, -2.615197
SCALE 1.000000, 1.000000, 1.000000
X 0.999989, 0.004280, 0.002060
Y -0.004265, 0.999966, -0.007024
Z -0.002090, 0.007015, 0.999973

PART 48
OFFSET 19.378541, -1.407786, -5.717273
SCALE 1.000000, 1.000000, 1.000000
X 0.549309, -0.833354, 0.061486
Y -0.557898, -0.310971, 0.769446
Z -0.622100, -0.456967, -0.635746

PART 49
OFFSET 19.149930, -2.261882, -6.379642
SCALE 1.000000, 1.000000, 1.000000
X 0.227038, -0.815495, 0.532373
Y -0.726311, 0.222385, 0.650398
Z -0.648788, -0.534333, -0.541813

PART 50
OFFSET 16.151200, -2.383605, -6.980764
SCALE 1.000000, 1.000000, 1.000000
X 0.770791, -0.630841, -0.089000
Y -0.409265, -0.597360, 0.689683
Z -0.488245, -0.495176, -0.718621

PART 51
OFFSET 16.448027, -1.874922, -6.577373
SCALE 1.000000, 1.000000, 1.000000
X 0.875099, -0.483943, 0.000861
Y -0.362451, -0.654227, 0.663789
Z -0.320673, -0.581193, -0.747919

PART 52
OFFSET 15.871088, -1.017814, -5.431181
SCALE 1.000000, 1.000000, 1.000000
X 0.931992, 0.060086, 0.357464
Y -0.106121, 0.988186, 0.110578
Z -0.346596, -0.140992, 0.927358

PART 53
OFFSET 18.434336, -1.261903, -4.591154
SCALE 1.000000, 1.000000, 1.000000
X 0.828065, -0.535902, 0.164676
Y 0.515693, 0.612861, -0.598717
Z 0.219930, 0.580699, 0.783849

PART 54
OFFSET 17.674841, -3.332956, -5.469046
SCALE 1.000000, 1.000000, 1.000000
X -0.414029, -0.571445, -0.708541
Y 0.242512, 0.681010, -0.690951
Z 0.877364, -0.457904, -0.143376

PART 55
OFFSET 7.945353, -4.173831, -6.109780
SCALE 1.000000, 1.000000, 1.000000
X -0.986623, -0.019811, -0.161811
Y 0.001735, -0.993809, 0.111092
Z -0.163010, 0.109325, 0.980549

PART 56
OFFSET 8.138968, -4.213866, -7.196683
SCALE 1.000000, 1.000000, 1.000000
X -0.259677, -0.939997, 0.221301
Y 0.958113, -0.279443, -0.062697
Z 0.120776, 0.195750, 0.973188

PART 57
OFFSET 5.508712, -4.399102, -8.751080
SCALE 1.000000, 1.000000, 1.000000
X -0.933220, -0.273235, 0.233332
Y 0.324148, -0.920391, 0.218652
Z 0.155013, 0.279684, 0.947495

PART 58
OFFSET 5.540201, -4.380758, -8.038149
SCALE 1.000000, 1.000000, 1.000000
X -0.968217, -0.247064, 0.038940
Y 0.248721, -0.934684, 0.253975
Z -0.026351, 0.255588, 0.966427

PART 59
OFFSET 4.527350, -3.881825, -6.986326
SCALE 1.000000, 1.000000, 1.000000
X -0.495314, -0.683961, -0.535595
Y 0.578817, 0.199911, -0.790574
Z 0.647793, -0.701593, 0.296869

PART 60
OFFSET 6.845510, -3.227188, -5.743693
SCALE 1.000000, 1.000000, 1.000000
X -0.927727, -0.373228, -0.004840
Y -0.352108, 0.879385, -0.320472
Z 0.123865, -0.295606, -0.947246

PART 61
OFFSET 20.345679, -2.875025, -5.609018
SCALE 1.000000, 1.000000, 1.000000
X -0.172579, -0.752307, 0.635807
Y -0.786069, 0.494163, 0.371345
Z -0.593558, -0.435702, -0.676648

PART 62
OFFSET 19.593459, -3.854991, -5.339625
SCALE 1.000000, 1.000000, 1.000000
X -0.519103, -0.216877, 0.826738
Y 0.842485, -0.292861, 0.452164
Z 0.144055, 0.931234, 0.334741

PART 63
OFFSET 17.903976, -3.802133, -6.991508
SCALE 1.000000, 1.000000, 1.000000
X -0.104412, -0.278024, 0.954882
Y -0.671372, 0.728051, 0.138569
Z -0.733729, -0.626613, -0.262675

PART 64
OFFSET 18.679603, -3.202783, -6.700884
SCALE 1.000000, 1.000000, 1.000000
X 0.004915, -0.666917, 0.745116
Y -0.625132, 0.579530, 0.522833
Z -0.780503, -0.468366, -0.414063

PART 65
OFFSET 17.852366, -0.797361, -4.597155
SCALE 1.000000, 1.000000, 1.000000
X 0.973405, -0.178054, 0.144151
Y 0.108670, 0.912805, 0.393672
Z -0.201677, -0.367538, 0.907878

PART 66
OFFSET 9.682441, -4.138952, -5.824890
SCALE 1.000000, 1.000000, 1.000000
X -0.363203, -0.926757, 0.095941
Y 0.918146, -0.338506, 0.205966
Z -0.158404, 0.162896, 0.973845

PART 67
OFFSET 8.646261, -2.377536, -7.629005
SCALE 1.000000, 1.000000, 1.000000
X 0.830792, -0.556565, 0.004462
Y 0.536717, 0.798992, -0.271196
Z 0.147373, 0.227702, 0.962514

PART 68
OFFSET 7.588340, -3.631598, -9.164164
SCALE 1.000000, 1.000000, 1.000000
X -0.103039, -0.991856, 0.074860
Y 0.947899, -0.120723, -0.294810
Z 0.301447, 0.040583, 0.952619

PART 69
OFFSET 8.062456, -3.798121, -8.277181
SCALE 1.000000, 1.000000, 1.000000
X -0.129711, -0.973283, 0.189458
Y 0.941578, -0.180798, -0.284152
Z 0.310814, 0.141532, 0.939874

PART 70
OFFSET 5.502385, -2.386817, -5.768190
SCALE 1.000000, 1.000000, 1.000000
X -0.901990, -0.349743, 0.253169
Y -0.057858, -0.483169, -0.873613
Z 0.427864, -0.802638, 0.415578

PART 71
OFFSET 20.171936, -3.763128, -4.794967
SCALE 1.000000, 1.000000, 1.000000
X -0.623480, -0.182626, 0.760211
Y -0.476406, 0.859716, -0.184190
Z -0.619927, -0.477008, -0.623020

PART 72
OFFSET 18.835232, -4.171773, -4.132050
SCALE 1.000000, 1.000000, 1.000000
X -0.727694, 0.344469, 0.593129
Y -0.065974, 0.825582, -0.560412
Z -0.682721, -0.446939, -0.578046

PART 73
OFFSET 17.756152, -4.195752, -5.639611
SCALE 1.000000, 1.000000, 1.000000
X -0.433005, 0.182996, 0.882621
Y -0.540387, 0.731004, -0.416670
Z -0.721449, -0.657377, -0.217640

PART 74
OFFSET 18.687971, -4.338185, -5.432352
SCALE 1.000000, 1.000000, 1.000000
X -0.532364, 0.166551, 0.829970
Y -0.340952, 0.855223, -0.390314
Z -0.774816, -0.490769, -0.398505

PART 75
OFFSET 19.394721, -1.180422, -4.286280
SCALE 1.000000, 1.000000, 1.000000
X 0.933250, 0.073335, 0.351662
Y -0.166001, 0.956189, 0.241136
Z -0.318571, -0.283416, 0.904537

PART 76
OFFSET 10.114373, -3.002393, -5.882399
SCALE 1.000000, 1.000000, 1.000000
X 0.052341, -0.993526, 0.100826
Y 0.984954, 0.068012, 0.158869
Z -0.164698, 0.090994, 0.982138

PART 77
OFFSET 7.432796, -1.564611, -7.635523
SCALE 1.000000, 1.000000, 1.000000
X 0.884122, 0.388458, -0.259671
Y -0.441417, 0.876623, -0.191530
Z 0.153232, 0.283959, 0.946513

PART 78
OFFSET 7.734220, -2.227351, -9.270149
SCALE 1.000000, 1.000000, 1.000000
X 0.772844, -0.594140, -0.222955
Y 0.573069, 0.804335, -0.156962
Z 0.272588, -0.006461, 0.962109

PART 79
OFFSET 8.283289, -2.141102, -8.599734
SCALE 1.000000, 1.000000, 1.000000
X 0.883016, -0.410002, -0.228430
Y 0.361476, 0.904528, -0.226195
Z 0.299362, 0.117162, 0.946919

PART 80
OFFSET 6.907104, -1.761103, -6.275549
SCALE 1.000000, 1.000000, 1.000000
X -0.534839, -0.017237, 0.844778
Y -0.652866, -0.626252, -0.426115
Z 0.536389, -0.779430, 0.323690

PART 81
OFFSET 19.467690, -3.969412, -3.936278
SCALE 1.000000, 1.000000, 1.000000
X 0.458410, -0.850858, -0.256710
Y 0.529292, 0.493406, -0.690217
Z 0.713940, 0.180528, 0.676535

PART 82
OFFSET 18.006252, -3.785375, -3.464005
SCALE 1.000000, 1.000000, 1.000000
X 0.643136, -0.763374, -0.060297
Y 0.365762, 0.375420, -0.851632
Z 0.672751, 0.525661, 0.520660

PART 83
OFFSET 17.372235, -4.033502, -4.857051
SCALE 1.000000, 1.000000, 1.000000
X -0.568690, 0.405161, 0.715847
Y -0.333295, 0.682129, -0.650856
Z -0.752002, -0.608724, -0.252881

PART 84
OFFSET 17.950137, -4.107353, -4.282050
SCALE 1.000000, 1.000000, 1.000000
X -0.625798, 0.470982, 0.621734
Y -0.115971, 0.732065, -0.671291
Z -0.771315, -0.492196, -0.403505

PART 85
OFFSET 20.386513, -1.097817, -3.860472
SCALE 1.000000, 1.000000, 1.000000
X 0.859392, 0.433158, -0.271699
Y -0.247189, -0.113198, -0.962332
Z -0.447598, 0.894181, 0.009790

PART 86
OFFSET 10.055253, -1.880190, -5.996283
SCALE 1.000000, 1.000000, 1.000000
X -0.952487, 0.287751, 0.099840
Y 0.267257, 0.946819, -0.179183
Z -0.146091, -0.143986, -0.978737

PART 87
OFFSET 6.430026, -2.005980, -7.348238
SCALE 1.000000, 1.000000, 1.000000
X -0.405764, -0.875807, 0.261377
Y -0.892933, 0.440880, 0.091076
Z -0.195001, -0.196437, -0.960930

PART 88
OFFSET 7.048975, -1.700555, -9.072465
SCALE 1.000000, 1.000000, 1.000000
X 0.903721, 0.300741, -0.304702
Y -0.302163, 0.952255, 0.043686
Z 0.303292, 0.052589, 0.951445

PART 89
OFFSET 7.059519, -1.572880, -8.283154
SCALE 1.000000, 1.000000, 1.000000
X 0.829275, 0.461678, -0.314891
Y -0.475450, 0.878981, 0.036607
Z 0.293684, 0.119358, 0.948422

PART 90
OFFSET 7.472031, -1.696155, -7.196646
SCALE 1.000000, 1.000000, 1.000000
X -0.873902, 0.358955, 0.327791
Y 0.096849, 0.789377, -0.606221
Z -0.476357, -0.498031, -0.724603

PART 91
OFFSET 16.831960, -3.648584, -4.176971
SCALE 1.000000, 1.000000, 1.000000
X 0.752610, -0.650450, -0.102436
Y 0.019218, 0.177199, -0.983987
Z 0.658186, 0.738590, 0.145862

PART 92
OFFSET 17.271437, -3.596558, -3.607758
SCALE 1.000000, 1.000000, 1.000000
X 0.540962, -0.828287, -0.145948
Y 0.296951, 0.350457, -0.888257
Z 0.786880, 0.437174, 0.435544

PART 93
OFFSET 6.190416, -1.986267, -8.782991
SCALE 1.000000, 1.000000, 1.000000
X -0.545331, -0.835467, 0.067888
Y -0.771409, 0.531902, 0.349298
Z -0.327937, 0.138114, -0.934549

PART 94
OFFSET 6.160126, -2.073595, -7.941638
SCALE 1.000000, 1.000000, 1.000000
X -0.393264, -0.874471, 0.283980
Y -0.877017, 0.449506, 0.169662
Z -0.276015, -0.182333, -0.943700

FRAME 2
PART 0
OFFSET 0.000000, 0.000000, 0.000000
SCALE 1.000000, 1.000000, 1.000000
X 1.000000, 0.000000, 0.000000
Y 0.000000, 1.000000, 0.000000
Z 0.000000, 0.000000, 1.000000

PART 1
OFFSET 0.000000, 0.000000, 0.000000
SCALE 1.000000, 1.000000, 1.000000
X 1.000000, 0.000000, 0.000000
Y 0.000000, 1.000000, 0.000000
Z 0.000000, 0.000000, 1.000000

PART 2
OFFSET 0.000000, 0.000000, 0.000000
SCALE 1.000000, 1.000000, 1.000000
X 1.000000, 0.000000, 0.000000
Y 0.000000, 1.000000, 0.000000
Z 0.000000, 0.000000, 1.000000

PART 3
OFFSET -4.631900, 0.000000, -1.377000
SCALE 1.000000, 1.000000, 1.000000
X 1.000000, 0.000000, 0.000000
Y 0.000000, 1.000000, 0.000000
Z 0.000000, 0.000000, 1.000000

PART 4
OFFSET 0.000000, 0.000000, 0.000000
SCALE 1.000000, 1.000000, 1.000000
X 1.000000, 0.000000, 0.000000
Y 0.000000, 1.000000, 0.000000
Z 0.000000, 0.000000, 1.000000

PART 5
OFFSET -3.506100, 6.340800, -6.712500
SCALE 1.000000, 1.000000, 1.000000
X 0.862516, -0.205040, -0.462629
Y -0.123614, -0.971907, 0.200292
Z -0.490700, -0.115567, -0.863630

PART 6
OFFSET -12.853500, -4.812700, -5.407100
SCALE 1.000000, 1.000000, 1.000000
X -0.701085, 0.561649, 0.439352
Y -0.249541, -0.770419, 0.586672
Z 0.667989, 0.301671, 0.680283

PART 7
OFFSET 8.240329, -2.714985, -4.505502
SCALE 1.000000, 1.000000, 1.000000
X 0.999843, 0.016216, 0.007094
Y -0.016008, 0.999466, -0.028499
Z -0.007553, 0.028381, 0.999569

PART 8
OFFSET 10.527903, 0.000000, -8.129720
SCALE 1.000000, 1.000000, 1.000000
X 1.000000, 0.000000, 0.000000
Y 0.000000, 1.000000, 0.000000
Z 0.000000, 0.000000, 1.000000

PART 9
OFFSET 1.540400, 0.000000, 4.135700
SCALE 1.000000, 1.000000, 1.000000
X 1.000000, 0.000000, 0.000000
Y 0.000000, 1.000000, 0.000000
Z 0.000000, 0.000000, 1.000000

PART 10
OFFSET -4.631800, 0.000000, -1.377000
SCALE 1.000000, 1.000000, 1.000000
X 1.000000, 0.000000, 0.000000
Y 0.000000, 1.000000, 0.000000
Z 0.000000, 0.000000, 1.000000

PART 11
OFFSET 6.925104, 3.861226, -12.307525
SCALE 1.000000, 1.000000, 1.000000
X 0.737091, -0.445647, 0.508031
Y -0.574104, -0.016343, 0.818619
Z -0.356513, -0.895059, -0.267894

PART 12
OFFSET -4.374775, -11.605127, -10.720498
SCALE 1.000000, 1.000000, 1.000000
X -0.761541, -0.599636, -0.245951
Y 0.635792, -0.617524, -0.463068
Z 0.125792, -0.509019, 0.851514

PART 13
OFFSET 8.240329, -2.714985, -4.505502
SCALE 1.000000, 1.000000, 1.000000
X 0.999843, 0.016216, 0.007094
Y -0.016008, 0.999466, -0.028499
Z -0.007553, 0.028381, 0.999569

PART 14
OFFSET 15.305200, 1.054700, -7.437712
SCALE 1.000000, 1.000000, 1.000000
X 0.741470, -0.443067, 0.503898
Y 0.362552, 0.896467, 0.254761
Z -0.564604, -0.006209, 0.825338

PART 15
OFFSET 14.402356, -1.014281, -8.694830
SCALE 1.000000, 1.000000, 1.000000
X 0.741470, -0.443067, 0.503898
Y 0.362552, 0.896467, 0.254761
Z -0.564604, -0.006209, 0.825338

PART 16
OFFSET 14.280987, 0.446912, -5.454127
SCALE 1.000000, 1.000000, 1.000000
X 0.741470, -0.443067, 0.503898
Y 0.362552, 0.896467, 0.254761
Z -0.564604, -0.006209, 0.825338

PART 17
OFFSET 13.661198, -0.915066, -5.947104
SCALE 1.000000, 1.000000, 1.000000
X 0.741470, -0.443067, 0.503898
Y 0.362552, 0.896467, 0.254761
Z -0.564604, -0.006209, 0.825338

PART 18
OFFSET 13.267082, -1.775825, -6.881284
SCALE 1.000000, 1.000000, 1.000000
X 0.741470, -0.443067, 0.503898
Y 0.362552, 0.896467, 0.254761
Z -0.564604, -0.006209, 0.825338

PART 19
OFFSET 15.454057, -1.295403, -6.429049
SCALE 1.000000, 1.000000, 1.000000
