// Export filename: 'K:\Juegos\Steam\steamapps\common\Call of Duty Black Ops\xanim_export\ricos\guns\ak12\ak12_ads_fire.xanim_export'
// Source filename: 'K:\01 Ricko0z\Working Gun\AK12\01 Escenas\ak12_handed.mb'
// Export time: Thu Jun 02 2016, 18:48:43

ANIMATION
VERSION 3

NUMPARTS 95
PART 0 "tag_view"
PART 1 "tag_ads"
PART 2 "tag_cambone"
PART 3 "tag_torso"
PART 4 "tag_camera"
PART 5 "j_shoulder_le"
PART 6 "j_shoulder_ri"
PART 7 "tag_weapon"
PART 8 "tag_weapon1"
PART 9 "tag_gasmask"
PART 10 "tag_gasmask2"
PART 11 "j_elbow_le"
PART 12 "j_elbow_ri"
PART 13 "j_gun"
PART 14 "j_sleave_reshape_bottom_le_1"
PART 15 "j_sleave_reshape_bottom_le_2"
PART 16 "j_sleave_reshape_top_le_1"
PART 17 "j_sleave_reshape_top_le_2"
PART 18 "j_sleave_reshape_top_le_3"
PART 19 "j_wrist_le"
PART 20 "j_wristtwist_le"
PART 21 "j_sleave_reshape_top_ri_1"
PART 22 "j_sleave_reshape_top_ri_2"
PART 23 "j_sleave_reshape_top_ri_3"
PART 24 "j_wrist_ri"
PART 25 "j_wristtwist_ri"
PART 26 "j_bullet"
PART 27 "j_bullet1"
PART 28 "j_clip"
PART 29 "j_mag"
PART 30 "j_mag1"
PART 31 "j_magrelease"
PART 32 "j_reload"
PART 33 "tag_acog_2"
PART 34 "tag_brass"
PART 35 "tag_clip"
PART 36 "tag_eclan"
PART 37 "tag_eotech"
PART 38 "tag_flash"
PART 39 "tag_folding_grip"
PART 40 "tag_grenade_launcher"
PART 41 "tag_maul"
PART 42 "tag_red_dot"
PART 43 "tag_sight_on"
PART 44 "tag_silencer"
PART 45 "tag_target_finder"
PART 46 "tag_thermal_scope"
PART 47 "tag_variable_zoom_reflex"
PART 48 "j_index_le_0"
PART 49 "j_mid_le_0"
PART 50 "j_pinkypalm_le"
PART 51 "j_ringpalm_le"
PART 52 "j_thumb_le_0"
PART 53 "j_webbing_le"
PART 54 "tag_knife_attach"
PART 55 "j_index_ri_0"
PART 56 "j_mid_ri_0"
PART 57 "j_pinkypalm_ri"
PART 58 "j_ringpalm_ri"
PART 59 "j_thumb_ri_0"
PART 60 "j_webbing_ri"
PART 61 "j_index_le_1"
PART 62 "j_mid_le_1"
PART 63 "j_pinky_le_0"
PART 64 "j_ring_le_0"
PART 65 "j_thumb_le_1"
PART 66 "j_index_ri_1"
PART 67 "j_mid_ri_1"
PART 68 "j_pinky_ri_0"
PART 69 "j_ring_ri_0"
PART 70 "j_thumb_ri_1"
PART 71 "j_index_le_2"
PART 72 "j_mid_le_2"
PART 73 "j_pinky_le_1"
PART 74 "j_ring_le_1"
PART 75 "j_thumb_le_2"
PART 76 "j_index_ri_2"
PART 77 "j_mid_ri_2"
PART 78 "j_pinky_ri_1"
PART 79 "j_ring_ri_1"
PART 80 "j_thumb_ri_2"
PART 81 "j_index_le_3"
PART 82 "j_mid_le_3"
PART 83 "j_pinky_le_2"
PART 84 "j_ring_le_2"
PART 85 "j_thumb_le_3"
PART 86 "j_index_ri_3"
PART 87 "j_mid_ri_3"
PART 88 "j_pinky_ri_2"
PART 89 "j_ring_ri_2"
PART 90 "j_thumb_ri_3"
PART 91 "j_pinky_le_3"
PART 92 "j_ring_le_3"
PART 93 "j_pinky_ri_3"
PART 94 "j_ring_ri_3"

FRAMERATE 30
NUMFRAMES 11

FRAME 0
PART 0
OFFSET 0.000000, 0.000000, 0.000000
SCALE 1.000000, 1.000000, 1.000000
X 1.000000, 0.000000, 0.000000
Y 0.000000, 1.000000, 0.000000
Z 0.000000, 0.000000, 1.000000

PART 1
OFFSET 0.000000, 0.000000, 0.000000
SCALE 1.000000, 1.000000, 1.000000
X 1.000000, 0.000000, 0.000000
Y 0.000000, 1.000000, 0.000000
Z 0.000000, 0.000000, 1.000000

PART 2
OFFSET 0.000000, 0.000000, 0.000000
SCALE 1.000000, 1.000000, 1.000000
X 1.000000, 0.000000, 0.000000
Y 0.000000, 1.000000, 0.000000
Z 0.000000, 0.000000, 1.000000

PART 3
OFFSET -4.631938, 0.000000, -1.376737
SCALE 1.000000, 1.000000, 1.000000
X 1.000000, 0.000000, 0.000000
Y 0.000000, 1.000000, 0.000000
Z 0.000000, 0.000000, 1.000000

PART 4
OFFSET 0.000000, 0.000000, 0.000000
SCALE 1.000000, 1.000000, 1.000000
X 1.000000, 0.000000, 0.000000
Y 0.000000, 1.000000, 0.000000
Z 0.000000, 0.000000, 1.000000

PART 5
OFFSET -3.506371, 6.340800, -6.712349
SCALE 1.000000, 1.000000, 1.000000
X 0.863629, -0.201554, -0.462083
Y -0.124980, -0.973586, 0.191076
Z -0.488389, -0.107268, -0.866008

PART 6
OFFSET -12.853742, -4.812700, -5.406615
SCALE 1.000000, 1.000000, 1.000000
X -0.705009, 0.555620, 0.440736
Y -0.238748, -0.771125, 0.590225
Z 0.667803, 0.310890, 0.676304

PART 7
OFFSET 8.256146, -2.669800, -4.543425
SCALE 1.000000, 1.000000, 1.000000
X 1.000000, 0.000000, 0.000000
Y 0.000000, 1.000000, 0.000000
Z 0.000000, 0.000000, 1.000000

PART 8
OFFSET 10.527864, 0.000000, -8.129457
SCALE 1.000000, 1.000000, 1.000000
X 1.000000, 0.000000, 0.000000
Y 0.000000, 1.000000, 0.000000
Z 0.000000, 0.000000, 1.000000

PART 9
OFFSET 1.540400, 0.000000, 4.135700
SCALE 1.000000, 1.000000, 1.000000
X 1.000000, 0.000000, 0.000000
Y 0.000000, 1.000000, 0.000000
Z 0.000000, 0.000000, 1.000000

PART 10
OFFSET -4.631800, 0.000000, -1.377000
SCALE 1.000000, 1.000000, 1.000000
X 1.000000, 0.000000, 0.000000
Y 0.000000, 1.000000, 0.000000
Z 0.000000, 0.000000, 1.000000

PART 11
OFFSET 6.938274, 3.903232, -12.300730
SCALE 1.000000, 1.000000, 1.000000
X 0.737761, -0.450743, 0.502533
Y -0.573281, -0.025259, 0.818969
Z -0.356451, -0.892296, -0.277038

PART 12
OFFSET -4.327294, -11.532306, -10.736762
SCALE 1.000000, 1.000000, 1.000000
X -0.753765, -0.610783, -0.242453
Y 0.643129, -0.609849, -0.463108
Z 0.134999, -0.505003, 0.852495

PART 13
OFFSET 8.256146, -2.669800, -4.543425
SCALE 1.000000, 1.000000, 1.000000
X 1.000000, 0.000000, 0.000000
Y 0.000000, 1.000000, 0.000000
Z 0.000000, 0.000000, 1.000000

PART 14
OFFSET 15.326710, 1.044922, -7.476230
SCALE 1.000000, 1.000000, 1.000000
X 0.742149, -0.448193, 0.498334
Y 0.362585, 0.893808, 0.263892
Z -0.563690, -0.015159, 0.825847

PART 15
OFFSET 14.420910, -1.007679, -8.747572
SCALE 1.000000, 1.000000, 1.000000
X 0.742149, -0.448193, 0.498334
Y 0.362585, 0.893808, 0.263892
Z -0.563690, -0.015159, 0.825847

PART 16
OFFSET 14.298383, 0.414832, -5.489293
SCALE 1.000000, 1.000000, 1.000000
X 0.742149, -0.448193, 0.498334
Y 0.362585, 0.893808, 0.263892
Z -0.563690, -0.015159, 0.825847

PART 17
OFFSET 13.682444, -0.937858, -5.998129
SCALE 1.000000, 1.000000, 1.000000
X 0.742149, -0.448193, 0.498334
Y 0.362585, 0.893808, 0.263892
Z -0.563690, -0.015159, 0.825847

PART 18
OFFSET 13.304961, -1.769918, -6.948954
SCALE 1.000000, 1.000000, 1.000000
X 0.742149, -0.448193, 0.498334
Y 0.362585, 0.893808, 0.263892
Z -0.563690, -0.015159, 0.825847

PART 19
OFFSET 15.474976, -1.312422, -6.486047
SCALE 1.000000, 1.000000, 1.000000
X 0.966717, -0.229683, 0.112714
Y 0.080463, 0.691128, 0.718240
Z -0.242867, -0.685265, 0.686606

PART 20
OFFSET 13.213231, 0.069480, -8.026482
SCALE 1.000000, 1.000000, 1.000000
X 0.737761, -0.450743, 0.502533
Y -0.181424, 0.584649, 0.790741
Z -0.650226, -0.674549, 0.349556

PART 21
OFFSET 2.803286, -4.854468, -6.730584
SCALE 1.000000, 1.000000, 1.000000
X -0.757903, -0.605805, -0.242039
Y -0.142080, 0.515395, -0.845092
Z 0.636707, -0.606109, -0.476693

PART 22
OFFSET 2.426687, -4.043332, -8.008810
SCALE 1.000000, 1.000000, 1.000000
X -0.757903, -0.605805, -0.242039
Y -0.142080, 0.515395, -0.845092
Z 0.636707, -0.606109, -0.476693

PART 23
OFFSET 2.600542, -4.423831, -9.171256
SCALE 1.000000, 1.000000, 1.000000
X -0.757903, -0.605805, -0.242039
Y -0.142080, 0.515395, -0.845092
Z 0.636707, -0.606109, -0.476693

PART 24
OFFSET 4.394538, -4.464785, -7.931509
SCALE 1.000000, 1.000000, 1.000000
X -0.954596, -0.141837, -0.261970
Y 0.284878, -0.177452, -0.941995
Z 0.087123, -0.973855, 0.209802

PART 25
OFFSET 2.083687, -6.337320, -8.674769
SCALE 1.000000, 1.000000, 1.000000
X -0.753746, -0.610822, -0.242410
Y 0.487889, -0.273007, -0.829115
Z 0.440262, -0.743212, 0.503792

PART 26
OFFSET 13.119633, -2.669800, -5.371556
SCALE 1.000000, 1.000000, 1.000000
X 1.000000, 0.000000, 0.000000
Y 0.000000, 1.000000, 0.000000
Z 0.000000, 0.000000, 1.000000

PART 27
OFFSET -23.935972, -2.669800, -5.371556
SCALE 1.000000, 1.000000, 1.000000
X 1.000000, 0.000000, 0.000000
Y 0.000000, 1.000000, 0.000000
Z 0.000000, 0.000000, 1.000000

PART 28
OFFSET 8.533328, -1.823101, -4.609544
SCALE 1.000000, 1.000000, 1.000000
X 1.000000, 0.000000, 0.000000
Y 0.000000, 1.000000, 0.000000
Z 0.000000, 0.000000, 1.000000

PART 29
OFFSET 13.119633, -2.669800, -5.371556
SCALE 1.000000, 1.000000, 1.000000
X 1.000000, 0.000000, 0.000000
Y 0.000000, 1.000000, 0.000000
Z 0.000000, 0.000000, 1.000000

PART 30
OFFSET -23.935972, -2.669800, -5.371556
SCALE 1.000000, 1.000000, 1.000000
X 1.000000, 0.000000, 0.000000
Y 0.000000, 1.000000, 0.000000
Z 0.000000, 0.000000, 1.000000

PART 31
OFFSET 11.181172, -2.669800, -6.473417
SCALE 1.000000, 1.000000, 1.000000
X 1.000000, 0.000000, 0.000000
Y 0.000000, 1.000000, 0.000000
Z 0.000000, 0.000000, 1.000000

PART 32
OFFSET 18.247395, -2.348193, -3.076025
SCALE 1.000000, 1.000000, 1.000000
X 1.000000, 0.000000, 0.000000
Y 0.000000, 1.000000, 0.000000
Z 0.000000, 0.000000, 1.000000

PART 33
OFFSET 8.263561, -2.669800, -2.547372
SCALE 1.000000, 1.000000, 1.000000
X 1.000000, 0.000000, 0.000000
Y 0.000000, 1.000000, 0.000000
Z 0.000000, 0.000000, 1.000000

PART 34
OFFSET 17.179406, -2.669800, -3.114907
SCALE 1.000000, 1.000000, 1.000000
X -0.000011, -0.835788, 0.549052
Y 1.000000, -0.000011, 0.000003
Z 0.000003, 0.549052, 0.835788

PART 35
OFFSET 13.726345, -2.654788, -5.307692
SCALE 1.000000, 1.000000, 1.000000
X 1.000000, 0.000000, 0.000000
Y 0.000000, 1.000000, 0.000000
Z 0.000000, 0.000000, 1.000000

PART 36
OFFSET 10.323050, -2.669800, -2.510612
SCALE 1.000000, 1.000000, 1.000000
X 1.000000, 0.000000, 0.000000
Y 0.000000, 1.000000, 0.000000
Z 0.000000, 0.000000, 1.000000

PART 37
OFFSET 9.869074, -2.669800, -2.279039
SCALE 1.000000, 1.000000, 1.000000
X 1.000000, 0.000000, 0.000000
Y 0.000000, 1.000000, 0.000000
Z 0.000000, 0.000000, 1.000000

PART 38
OFFSET 35.064878, -2.669800, -4.066381
SCALE 1.000000, 1.000000, 1.000000
X 1.000000, 0.000000, 0.000000
Y 0.000000, 1.000000, 0.000000
Z 0.000000, 0.000000, 1.000000

PART 39
OFFSET 21.247700, -2.669800, -5.105439
SCALE 1.000000, 1.000000, 1.000000
X 1.000000, 0.000000, 0.000000
Y 0.000000, 1.000000, 0.000000
Z 0.000000, 0.000000, 1.000000

PART 40
OFFSET 15.987929, -2.669800, -7.967217
SCALE 1.000000, 1.000000, 1.000000
X 1.000000, 0.000000, 0.000000
Y 0.000000, 1.000000, 0.000000
Z 0.000000, 0.000000, 1.000000

PART 41
OFFSET 23.582119, -2.669800, -6.131120
SCALE 1.000000, 1.000000, 1.000000
X 1.000000, 0.000000, 0.000000
Y 0.000000, 1.000000, 0.000000
Z 0.000000, 0.000000, 1.000000

PART 42
OFFSET 9.294322, -2.669800, -2.605643
SCALE 1.000000, 1.000000, 1.000000
X 1.000000, 0.000000, 0.000000
Y 0.000000, 1.000000, 0.000000
Z 0.000000, 0.000000, 1.000000

PART 43
OFFSET 16.637549, -2.669800, -2.279039
SCALE 1.000000, 1.000000, 1.000000
X 1.000000, 0.000000, 0.000000
Y 0.000000, 1.000000, 0.000000
Z 0.000000, 0.000000, 1.000000

PART 44
OFFSET 35.064878, -2.669800, -4.066381
SCALE 1.000000, 1.000000, 1.000000
X 1.000000, 0.000000, 0.000000
Y 0.000000, 1.000000, 0.000000
Z 0.000000, 0.000000, 1.000000

PART 45
OFFSET 9.046709, -2.669800, -2.692473
SCALE 1.000000, 1.000000, 1.000000
X 1.000000, 0.000000, 0.000000
Y 0.000000, 1.000000, 0.000000
Z 0.000000, 0.000000, 1.000000

PART 46
OFFSET 10.295191, -2.669800, -2.729029
SCALE 1.000000, 1.000000, 1.000000
X 1.000000, 0.000000, 0.000000
Y 0.000000, 1.000000, 0.000000
Z 0.000000, 0.000000, 1.000000

PART 47
OFFSET 9.398720, -2.669800, -2.628633
SCALE 1.000000, 1.000000, 1.000000
X 1.000000, 0.000000, 0.000000
Y 0.000000, 1.000000, 0.000000
Z 0.000000, 0.000000, 1.000000

PART 48
OFFSET 19.392915, -1.431392, -5.760139
SCALE 1.000000, 1.000000, 1.000000
X 0.496501, -0.860200, 0.116372
Y -0.599400, -0.242782, 0.762742
Z -0.627858, -0.448456, -0.636146

PART 49
OFFSET 19.158892, -2.279593, -6.428203
SCALE 1.000000, 1.000000, 1.000000
X 0.172179, -0.799531, 0.575416
Y -0.740198, 0.280419, 0.611124
Z -0.649970, -0.531145, -0.543529

PART 50
OFFSET 16.157758, -2.385397, -7.020872
SCALE 1.000000, 1.000000, 1.000000
X 0.519208, -0.813004, 0.263529
Y -0.584901, -0.113194, 0.803168
Z -0.623148, -0.571149, -0.534298

PART 51
OFFSET 16.457784, -1.880849, -6.614645
SCALE 1.000000, 1.000000, 1.000000
X 0.800388, -0.594670, 0.075807
Y -0.488230, -0.573239, 0.658049
Z -0.347867, -0.563706, -0.749149

PART 52
OFFSET 15.887858, -1.030125, -5.460247
SCALE 1.000000, 1.000000, 1.000000
X 0.932503, 0.052256, 0.357362
Y -0.100952, 0.987750, 0.118990
Z -0.346766, -0.147035, 0.926355

PART 53
OFFSET 18.452760, -1.290329, -4.630027
SCALE 1.000000, 1.000000, 1.000000
X 0.826499, -0.540303, 0.158025
Y 0.516201, 0.615417, -0.595649
Z 0.224580, 0.573876, 0.787547

PART 54
OFFSET 17.682496, -3.351895, -5.521108
SCALE 1.000000, 1.000000, 1.000000
X -0.418522, -0.564485, -0.711474
Y 0.242903, 0.685274, -0.686584
Z 0.875121, -0.460170, -0.149687

PART 55
OFFSET 7.931776, -4.140192, -6.122215
SCALE 1.000000, 1.000000, 1.000000
X -0.986948, -0.015180, -0.160322
Y -0.001592, -0.994579, 0.103969
Z -0.161031, 0.102868, 0.981574

PART 56
OFFSET 8.123420, -4.173194, -7.209678
SCALE 1.000000, 1.000000, 1.000000
X -0.262599, -0.940648, 0.214997
Y 0.957012, -0.282344, -0.066401
Z 0.123163, 0.188318, 0.974355

PART 57
OFFSET 5.489810, -4.337995, -8.760832
SCALE 1.000000, 1.000000, 1.000000
X -0.941601, -0.056875, 0.331894
Y 0.146076, -0.957054, 0.250418
Z 0.303398, 0.284276, 0.909471

PART 58
OFFSET 5.522606, -4.324891, -8.047929
SCALE 1.000000, 1.000000, 1.000000
X -0.995414, -0.086346, 0.041165
Y 0.094045, -0.962051, 0.256152
Z 0.017485, 0.258849, 0.965760

PART 59
OFFSET 4.513207, -3.829914, -6.990846
SCALE 1.000000, 1.000000, 1.000000
X -0.498646, -0.678305, -0.539679
Y 0.578219, 0.203544, -0.790084
Z 0.645767, -0.706025, 0.290713

PART 60
OFFSET 6.835855, -3.192395, -5.747569
SCALE 1.000000, 1.000000, 1.000000
X -0.929032, -0.369952, -0.005927
Y -0.349572, 0.882879, -0.313568
Z 0.121238, -0.289242, -0.949547

PART 61
OFFSET 20.267079, -2.945900, -5.555249
SCALE 1.000000, 1.000000, 1.000000
X -0.322740, -0.643481, 0.694097
Y -0.734536, 0.632766, 0.245079
Z -0.596905, -0.430742, -0.676879

PART 62
OFFSET 19.495254, -3.841522, -5.304096
SCALE 1.000000, 1.000000, 1.000000
X -0.583892, -0.112903, 0.803942
Y 0.789130, -0.311480, 0.529390
Z 0.190642, 0.943522, 0.270966

PART 63
OFFSET 17.343365, -4.142777, -6.252519
SCALE 1.000000, 1.000000, 1.000000
X -0.278393, -0.001144, 0.960467
Y -0.464039, 0.875703, -0.133460
Z -0.840931, -0.482848, -0.244320

PART 64
OFFSET 18.494265, -3.495333, -6.543619
SCALE 1.000000, 1.000000, 1.000000
X -0.166691, -0.624885, 0.762714
Y -0.564206, 0.694831, 0.445962
Z -0.808632, -0.355990, -0.468386

PART 65
OFFSET 17.870854, -0.826910, -4.625684
SCALE 1.000000, 1.000000, 1.000000
X 0.972482, -0.184962, 0.141660
Y 0.114378, 0.908756, 0.401347
Z -0.202969, -0.374100, 0.904905

PART 66
OFFSET 9.669368, -4.113468, -5.839957
SCALE 1.000000, 1.000000, 1.000000
X -0.366316, -0.926136, 0.089916
Y 0.917292, -0.343212, 0.201943
Z -0.156167, 0.156455, 0.975261

PART 67
OFFSET 8.636427, -2.335566, -7.629692
SCALE 1.000000, 1.000000, 1.000000
X 0.828788, -0.559561, -0.000986
Y 0.539124, 0.798987, -0.266394
Z 0.149852, 0.220253, 0.963864

PART 68
OFFSET 7.631636, -4.051471, -9.404806
SCALE 1.000000, 1.000000, 1.000000
X -0.298728, -0.942528, 0.149678
Y 0.867920, -0.333532, -0.368063
Z 0.396832, 0.019958, 0.917674

PART 69
OFFSET 8.105479, -4.160404, -8.292537
SCALE 1.000000, 1.000000, 1.000000
X -0.285629, -0.938836, 0.192361
Y 0.899160, -0.331979, -0.285133
Z 0.331553, 0.091521, 0.938987

PART 70
OFFSET 5.495511, -2.347165, -5.763631
SCALE 1.000000, 1.000000, 1.000000
X -0.902821, -0.348361, 0.252109
Y -0.060988, -0.476621, -0.876991
Z 0.425670, -0.807141, 0.409058

PART 71
OFFSET 19.910988, -3.702017, -4.670296
SCALE 1.000000, 1.000000, 1.000000
X -0.724082, 0.068148, 0.686339
Y -0.274488, 0.884435, -0.377400
Z -0.632741, -0.461660, -0.621698

PART 72
OFFSET 18.642436, -4.006425, -4.129877
SCALE 1.000000, 1.000000, 1.000000
X -0.734513, 0.468667, 0.490757
Y 0.056331, 0.762810, -0.644164
Z -0.676253, -0.445502, -0.586694

PART 73
OFFSET 16.949230, -4.144396, -4.892736
SCALE 1.000000, 1.000000, 1.000000
X -0.412454, 0.372528, 0.831327
Y -0.346973, 0.779539, -0.521468
Z -0.842313, -0.503530, -0.192267

PART 74
OFFSET 18.210469, -4.559216, -5.245080
SCALE 1.000000, 1.000000, 1.000000
X -0.570033, 0.308093, 0.761670
Y -0.148982, 0.872906, -0.464585
Z -0.808002, -0.378304, -0.451685

PART 75
OFFSET 19.411196, -1.221487, -4.319641
SCALE 1.000000, 1.000000, 1.000000
X 0.934106, 0.064074, 0.351200
Y -0.159410, 0.955101, 0.249742
Z -0.319429, -0.289270, 0.902379

PART 76
OFFSET 10.105192, -2.978091, -5.889990
SCALE 1.000000, 1.000000, 1.000000
X 0.049012, -0.994407, 0.093560
Y 0.985447, 0.063409, 0.157716
Z -0.162767, 0.084468, 0.983042

PART 77
OFFSET 7.425844, -1.518234, -7.628252
SCALE 1.000000, 1.000000, 1.000000
X 0.885098, 0.387103, -0.258364
Y -0.438541, 0.879568, -0.184502
Z 0.155828, 0.276606, 0.948265

PART 78
OFFSET 8.054643, -2.717142, -9.616748
SCALE 1.000000, 1.000000, 1.000000
X 0.606451, -0.754902, -0.249680
Y 0.708991, 0.655552, -0.259969
Z 0.359929, -0.019362, 0.932779

PART 79
OFFSET 8.591776, -2.561989, -8.620042
SCALE 1.000000, 1.000000, 1.000000
X 0.804317, -0.548424, -0.228704
Y 0.503012, 0.833320, -0.229253
Z 0.316311, 0.069351, 0.946117

PART 80
OFFSET 6.901733, -1.722820, -6.268693
SCALE 1.000000, 1.000000, 1.000000
X -0.533533, -0.021455, 0.845507
Y -0.655782, -0.620825, -0.429566
Z 0.534128, -0.783656, 0.317161

PART 81
OFFSET 19.093131, -3.625044, -3.895071
SCALE 1.000000, 1.000000, 1.000000
X 0.305807, -0.950363, -0.057383
Y 0.686795, 0.261935, -0.678014
Z 0.659390, 0.167931, 0.732806

PART 82
OFFSET 17.805766, -3.479291, -3.577752
SCALE 1.000000, 1.000000, 1.000000
X 0.570554, -0.818026, 0.072815
Y 0.464221, 0.248100, -0.850262
Z 0.677471, 0.518923, 0.521299

PART 83
OFFSET 16.583539, -3.814105, -4.155663
SCALE 1.000000, 1.000000, 1.000000
X -0.452979, 0.466403, 0.759788
Y -0.235541, 0.759346, -0.606559
Z -0.859843, -0.453720, -0.234111

PART 84
OFFSET 17.420500, -4.132252, -4.189536
SCALE 1.000000, 1.000000, 1.000000
X -0.589245, 0.609514, 0.530362
Y 0.076203, 0.695424, -0.714548
Z -0.804353, -0.380628, -0.456222

PART 85
OFFSET 20.403993, -1.149209, -3.894312
SCALE 1.000000, 1.000000, 1.000000
X 0.861867, 0.429943, -0.268951
Y -0.249077, -0.103093, -0.962981
Z -0.441754, 0.896951, 0.018236

PART 86
OFFSET 10.049831, -1.854861, -5.995670
SCALE 1.000000, 1.000000, 1.000000
X -0.951312, 0.290278, 0.103655
Y 0.270205, 0.947191, -0.172683
Z -0.148307, -0.136267, -0.979508

PART 87
OFFSET 6.422041, -1.957994, -7.342449
SCALE 1.000000, 1.000000, 1.000000
X -0.408690, -0.876538, 0.254270
Y -0.891306, 0.443252, 0.095407
Z -0.196333, -0.187641, -0.962416

PART 88
OFFSET 7.516938, -2.047814, -9.395371
SCALE 1.000000, 1.000000, 1.000000
X 0.911454, 0.086782, -0.402145
Y -0.091991, 0.995739, 0.006384
Z 0.400985, 0.031175, 0.915554

PART 89
OFFSET 7.477009, -1.801884, -8.303063
SCALE 1.000000, 1.000000, 1.000000
X 0.892567, 0.320209, -0.317476
Y -0.326435, 0.944573, 0.034948
Z 0.311070, 0.072442, 0.947622

PART 90
OFFSET 7.465355, -1.653219, -7.190144
SCALE 1.000000, 1.000000, 1.000000
X -0.872031, 0.359750, 0.331876
Y 0.098734, 0.793414, -0.600621
Z -0.479388, -0.490993, -0.727401

PART 91
OFFSET 16.153193, -3.371006, -3.433838
SCALE 1.000000, 1.000000, 1.000000
X 0.618957, -0.767579, -0.166478
Y 0.005137, 0.215911, -0.976399
Z 0.785408, 0.603494, 0.137583

PART 92
OFFSET 16.781428, -3.471197, -3.614326
SCALE 1.000000, 1.000000, 1.000000
X 0.401146, -0.914757, -0.047979
Y 0.435065, 0.236357, -0.868823
Z 0.806102, 0.327651, 0.492792

PART 93
OFFSET 6.651032, -2.130260, -9.013323
SCALE 1.000000, 1.000000, 1.000000
X -0.697397, -0.696032, 0.170812
Y -0.605502, 0.699732, 0.379134
Z -0.383412, 0.160980, -0.909440

PART 94
OFFSET 6.508912, -2.149189, -7.958722
SCALE 1.000000, 1.000000, 1.000000
X -0.529518, -0.798245, 0.287080
Y -0.791965, 0.586453, 0.169895
Z -0.303977, -0.137395, -0.942720

FRAME 1
PART 0
OFFSET 0.000000, 0.000000, 0.000000
SCALE 1.000000, 1.000000, 1.000000
X 1.000000, 0.000000, 0.000000
Y 0.000000, 1.000000, 0.000000
Z 0.000000, 0.000000, 1.000000

PART 1
OFFSET 0.000000, 0.000000, 0.000000
SCALE 1.000000, 1.000000, 1.000000
X 1.000000, 0.000000, 0.000000
Y 0.000000, 1.000000, 0.000000
Z 0.000000, 0.000000, 1.000000

PART 2
OFFSET 0.000000, 0.000000, 0.000000
SCALE 1.000000, 1.000000, 1.000000
X 1.000000, 0.000000, 0.000000
Y 0.000000, 1.000000, 0.000000
Z 0.000000, 0.000000, 1.000000

PART 3
OFFSET -4.631938, 0.000000, -1.376737
SCALE 1.000000, 1.000000, 1.000000
X 1.000000, 0.000000, 0.000000
Y 0.000000, 1.000000, 0.000000
Z 0.000000, 0.000000, 1.000000

PART 4
OFFSET 0.000000, 0.000000, 0.000000
SCALE 1.000000, 1.000000, 1.000000
X 1.000000, 0.000000, 0.000000
Y 0.000000, 1.000000, 0.000000
Z 0.000000, 0.000000, 1.000000

PART 5
OFFSET -3.506371, 6.340800, -6.712349
SCALE 1.000000, 1.000000, 1.000000
X 0.838686, -0.184541, -0.512397
Y -0.114785, -0.979604, 0.164928
Z -0.532382, -0.079508, -0.842762

PART 6
OFFSET -12.853742, -4.812700, -5.406615
SCALE 1.000000, 1.000000, 1.000000
X -0.666175, 0.589045, 0.457424
Y -0.250728, -0.754527, 0.606486
Z 0.702386, 0.289337, 0.650337

PART 7
OFFSET 7.372746, -2.669800, -4.543425
SCALE 1.000000, 1.000000, 1.000000
X 1.000000, 0.000000, 0.000000
Y 0.000000, 1.000000, 0.000000
Z 0.000000, 0.000000, 1.000000

PART 8
OFFSET 10.527864, 0.000000, -8.129457
SCALE 1.000000, 1.000000, 1.000000
X 1.000000, 0.000000, 0.000000
Y 0.000000, 1.000000, 0.000000
Z 0.000000, 0.000000, 1.000000

PART 9
OFFSET 1.540400, 0.000000, 4.135700
SCALE 1.000000, 1.000000, 1.000000
X 1.000000, 0.000000, 0.000000
Y 0.000000, 1.000000, 0.000000
Z 0.000000, 0.000000, 1.000000

PART 10
OFFSET -4.631800, 0.000000, -1.377000
SCALE 1.000000, 1.000000, 1.000000
X 1.000000, 0.000000, 0.000000
Y 0.000000, 1.000000, 0.000000
Z 0.000000, 0.000000, 1.000000

PART 11
OFFSET 6.636605, 4.108977, -12.909231
SCALE 1.000000, 1.000000, 1.000000
X 0.687463, -0.468759, 0.554671
Y -0.624778, 0.007585, 0.780765
Z -0.370197, -0.883294, -0.287656

PART 12
OFFSET -4.796946, -11.936546, -10.938590
SCALE 1.000000, 1.000000, 1.000000
X -0.717998, -0.645712, -0.259876
Y 0.681341, -0.575668, -0.452085
Z 0.142314, -0.501660, 0.853278

PART 13
OFFSET 7.372746, -2.669800, -4.543425
SCALE 1.000000, 1.000000, 1.000000
X 1.000000, 0.000000, 0.000000
Y 0.000000, 1.000000, 0.000000
Z 0.000000, 0.000000, 1.000000

PART 14
OFFSET 14.591892, 1.030493, -7.519617
SCALE 1.000000, 1.000000, 1.000000
X 0.692199, -0.466430, 0.550729
Y 0.377206, 0.884386, 0.274913
Z -0.615285, 0.017444, 0.788112

PART 15
OFFSET 13.695054, -1.008100, -8.819532
SCALE 1.000000, 1.000000, 1.000000
X 0.692199, -0.466430, 0.550729
Y 0.377206, 0.884386, 0.274913
Z -0.615285, 0.017444, 0.788112

PART 16
OFFSET 13.417039, 0.467700, -5.594683
SCALE 1.000000, 1.000000, 1.000000
X 0.692199, -0.466430, 0.550729
Y 0.377206, 0.884386, 0.274913
Z -0.615285, 0.017444, 0.788112

PART 17
OFFSET 12.786120, -0.870036, -6.124274
SCALE 1.000000, 1.000000, 1.000000
X 0.692199, -0.466430, 0.550729
Y 0.377206, 0.884386, 0.274913
Z -0.615285, 0.017444, 0.788112

PART 18
OFFSET 12.440011, -1.702739, -7.086407
SCALE 1.000000, 1.000000, 1.000000
X 0.692199, -0.466430, 0.550729
Y 0.377206, 0.884386, 0.274913
Z -0.615285, 0.017444, 0.788112

PART 19
OFFSET 14.591317, -1.315140, -6.491259
SCALE 1.000000, 1.000000, 1.000000
X 0.966694, -0.229898, 0.112469
Y 0.080707, 0.690853, 0.718477
Z -0.242876, -0.685470, 0.686398

PART 20
OFFSET 12.483761, 0.121995, -8.191533
SCALE 1.000000, 1.000000, 1.000000
X 0.687463, -0.468759, 0.554671
Y -0.220327, 0.593152, 0.774355
Z -0.691990, -0.654550, 0.304490

PART 21
OFFSET 1.916852, -4.937085, -6.764786
SCALE 1.000000, 1.000000, 1.000000
X -0.722382, -0.640943, -0.259529
Y -0.150043, 0.511661, -0.845985
Z 0.675019, -0.572184, -0.465784

PART 22
OFFSET 1.526893, -4.139520, -8.047536
SCALE 1.000000, 1.000000, 1.000000
X -0.722382, -0.640943, -0.259529
Y -0.150043, 0.511661, -0.845985
Z 0.675019, -0.572184, -0.465784

PART 23
OFFSET 1.742493, -4.505841, -9.207541
SCALE 1.000000, 1.000000, 1.000000
X -0.722382, -0.640943, -0.259529
Y -0.150043, 0.511661, -0.845985
Z 0.675019, -0.572184, -0.465784

PART 24
OFFSET 3.511025, -4.464858, -7.931734
SCALE 1.000000, 1.000000, 1.000000
X -0.954606, -0.141774, -0.261969
Y 0.284872, -0.177540, -0.941981
Z 0.087039, -0.973848, 0.209868

PART 25
OFFSET 1.309826, -6.444477, -8.728409
SCALE 1.000000, 1.000000, 1.000000
X -0.718017, -0.645673, -0.259920
Y 0.525497, -0.258011, -0.810730
Z 0.456404, -0.718704, 0.524556

PART 26
OFFSET 12.236232, -2.669800, -5.371556
SCALE 1.000000, 1.000000, 1.000000
X 1.000000, 0.000000, 0.000000
Y 0.000000, 1.000000, 0.000000
Z 0.000000, 0.000000, 1.000000

PART 27
OFFSET -24.819373, -2.669800, -5.371556
SCALE 1.000000, 1.000000, 1.000000
X 1.000000, 0.000000, 0.000000
Y 0.000000, 1.000000, 0.000000
Z 0.000000, 0.000000, 1.000000

PART 28
OFFSET 7.649927, -1.823101, -4.609544
SCALE 1.000000, 1.000000, 1.000000
X 1.000000, 0.000000, 0.000000
Y 0.000000, 1.000000, 0.000000
Z 0.000000, 0.000000, 1.000000

PART 29
OFFSET 12.236232, -2.669800, -5.371556
SCALE 1.000000, 1.000000, 1.000000
X 1.000000, 0.000000, 0.000000
Y 0.000000, 1.000000, 0.000000
Z 0.000000, 0.000000, 1.000000

PART 30
OFFSET -24.819373, -2.669800, -5.371556
SCALE 1.000000, 1.000000, 1.000000
X 1.000000, 0.000000, 0.000000
Y 0.000000, 1.000000, 0.000000
Z 0.000000, 0.000000, 1.000000

PART 31
OFFSET 10.297771, -2.669800, -6.473417
SCALE 1.000000, 1.000000, 1.000000
X 1.000000, 0.000000, 0.000000
Y 0.000000, 1.000000, 0.000000
Z 0.000000, 0.000000, 1.000000

PART 32
OFFSET 13.871893, -2.348193, -3.075675
SCALE 1.000000, 1.000000, 1.000000
X 1.000000, 0.000000, 0.000000
Y 0.000000, 1.000000, 0.000000
Z 0.000000, 0.000000, 1.000000

PART 33
OFFSET 7.380160, -2.669800, -2.547372
SCALE 1.000000, 1.000000, 1.000000
X 1.000000, 0.000000, 0.000000
Y 0.000000, 1.000000, 0.000000
Z 0.000000, 0.000000, 1.000000

PART 34
OFFSET 16.296005, -2.669800, -3.114907
SCALE 1.000000, 1.000000, 1.000000
X -0.000011, -0.835788, 0.549052
Y 1.000000, -0.000011, 0.000003
Z 0.000003, 0.549052, 0.835788

PART 35
OFFSET 12.842944, -2.654788, -5.307692
SCALE 1.000000, 1.000000, 1.000000
X 1.000000, 0.000000, 0.000000
Y 0.000000, 1.000000, 0.000000
Z 0.000000, 0.000000, 1.000000

PART 36
OFFSET 9.439649, -2.669800, -2.510612
SCALE 1.000000, 1.000000, 1.000000
X 1.000000, 0.000000, 0.000000
Y 0.000000, 1.000000, 0.000000
Z 0.000000, 0.000000, 1.000000

PART 37
OFFSET 8.985673, -2.669800, -2.279039
SCALE 1.000000, 1.000000, 1.000000
X 1.000000, 0.000000, 0.000000
Y 0.000000, 1.000000, 0.000000
Z 0.000000, 0.000000, 1.000000

PART 38
OFFSET 34.181477, -2.669800, -4.066381
SCALE 1.000000, 1.000000, 1.000000
X 1.000000, 0.000000, 0.000000
Y 0.000000, 1.000000, 0.000000
Z 0.000000, 0.000000, 1.000000

PART 39
OFFSET 20.364299, -2.669800, -5.105439
SCALE 1.000000, 1.000000, 1.000000
X 1.000000, 0.000000, 0.000000
Y 0.000000, 1.000000, 0.000000
Z 0.000000, 0.000000, 1.000000

PART 40
OFFSET 15.104528, -2.669800, -7.967217
SCALE 1.000000, 1.000000, 1.000000
X 1.000000, 0.000000, 0.000000
Y 0.000000, 1.000000, 0.000000
Z 0.000000, 0.000000, 1.000000

PART 41
OFFSET 22.698718, -2.669800, -6.131120
SCALE 1.000000, 1.000000, 1.000000
X 1.000000, 0.000000, 0.000000
Y 0.000000, 1.000000, 0.000000
Z 0.000000, 0.000000, 1.000000

PART 42
OFFSET 8.410921, -2.669800, -2.605643
SCALE 1.000000, 1.000000, 1.000000
X 1.000000, 0.000000, 0.000000
Y 0.000000, 1.000000, 0.000000
Z 0.000000, 0.000000, 1.000000

PART 43
OFFSET 15.754148, -2.669800, -2.279039
SCALE 1.000000, 1.000000, 1.000000
X 1.000000, 0.000000, 0.000000
Y 0.000000, 1.000000, 0.000000
Z 0.000000, 0.000000, 1.000000

PART 44
OFFSET 34.181477, -2.669800, -4.066381
SCALE 1.000000, 1.000000, 1.000000
X 1.000000, 0.000000, 0.000000
Y 0.000000, 1.000000, 0.000000
Z 0.000000, 0.000000, 1.000000

PART 45
OFFSET 8.163308, -2.669800, -2.692473
SCALE 1.000000, 1.000000, 1.000000
X 1.000000, 0.000000, 0.000000
Y 0.000000, 1.000000, 0.000000
Z 0.000000, 0.000000, 1.000000

PART 46
OFFSET 9.411790, -2.669800, -2.729029
SCALE 1.000000, 1.000000, 1.000000
X 1.000000, 0.000000, 0.000000
Y 0.000000, 1.000000, 0.000000
Z 0.000000, 0.000000, 1.000000

PART 47
OFFSET 8.515320, -2.669800, -2.628633
SCALE 1.000000, 1.000000, 1.000000
X 1.000000, 0.000000, 0.000000
Y 0.000000, 1.000000, 0.000000
Z 0.000000, 0.000000, 1.000000

PART 48
OFFSET 18.509356, -1.435080, -5.766046
SCALE 1.000000, 1.000000, 1.000000
X 0.496366, -0.860332, 0.115977
Y -0.599317, -0.242951, 0.762754
Z -0.628045, -0.448112, -0.636204

PART 49
OFFSET 18.275068, -2.282997, -6.434379
SCALE 1.000000, 1.000000, 1.000000
X 0.172131, -0.799771, 0.575098
Y -0.740046, 0.280331, 0.611349
Z -0.650156, -0.530830, -0.543613

PART 50
OFFSET 15.273816, -2.388044, -7.026586
SCALE 1.000000, 1.000000, 1.000000
X 0.519105, -0.813193, 0.263148
Y -0.584788, -0.113380, 0.803224
Z -0.623340, -0.570843, -0.534401

PART 51
OFFSET 15.574001, -1.883698, -6.620227
SCALE 1.000000, 1.000000, 1.000000
X 0.800293, -0.594842, 0.075458
Y -0.488224, -0.573389, 0.657923
Z -0.348093, -0.563371, -0.749296

PART 52
OFFSET 15.004421, -1.033290, -5.465426
SCALE 1.000000, 1.000000, 1.000000
X 0.932572, 0.051958, 0.357225
Y -0.100754, 0.987725, 0.119365
Z -0.346638, -0.147308, 0.926360

PART 53
OFFSET 17.569414, -1.294257, -4.635727
SCALE 1.000000, 1.000000, 1.000000
X 0.826428, -0.540510, 0.157692
Y 0.516213, 0.615540, -0.595512
Z 0.224814, 0.573550, 0.787718

PART 54
OFFSET 16.798630, -3.355361, -5.527426
SCALE 1.000000, 1.000000, 1.000000
X -0.418743, -0.564151, -0.711609
Y 0.242912, 0.685479, -0.686376
Z 0.875013, -0.460274, -0.150000

PART 55
OFFSET 7.048273, -4.140441, -6.122429
SCALE 1.000000, 1.000000, 1.000000
X -0.986948, -0.015107, -0.160330
Y -0.001677, -0.994572, 0.104037
Z -0.161031, 0.102948, 0.981565

PART 56
OFFSET 7.239924, -4.173533, -7.209889
SCALE 1.000000, 1.000000, 1.000000
X -0.262680, -0.940611, 0.215059
Y 0.956989, -0.282429, -0.066373
Z 0.123170, 0.188374, 0.974343

PART 57
OFFSET 4.606315, -4.338216, -8.761056
SCALE 1.000000, 1.000000, 1.000000
X -0.941608, -0.056774, 0.331889
Y 0.145993, -0.957049, 0.250484
Z 0.303414, 0.284312, 0.909454

PART 58
OFFSET 4.639105, -4.325067, -8.048154
SCALE 1.000000, 1.000000, 1.000000
X -0.995422, -0.086259, 0.041161
Y 0.093961, -0.962041, 0.256218
Z 0.017498, 0.258913, 0.965742

PART 59
OFFSET 3.629739, -3.829933, -6.991114
SCALE 1.000000, 1.000000, 1.000000
X -0.498698, -0.678300, -0.539638
Y 0.578244, 0.203442, -0.790092
Z 0.645704, -0.706060, 0.290767

PART 60
OFFSET 5.952428, -3.192526, -5.747857
SCALE 1.000000, 1.000000, 1.000000
X -0.929063, -0.369874, -0.005911
Y -0.349495, 0.882887, -0.313631
Z 0.121222, -0.289317, -0.949527

PART 61
OFFSET 19.383280, -2.949820, -5.561851
SCALE 1.000000, 1.000000, 1.000000
X -0.322741, -0.643675, 0.693918
Y -0.734381, 0.632810, 0.245431
Z -0.597095, -0.430389, -0.676936

PART 62
OFFSET 18.611335, -3.845393, -5.310894
SCALE 1.000000, 1.000000, 1.000000
X -0.583778, -0.113089, 0.803999
Y 0.789162, -0.311814, 0.529146
Z 0.190858, 0.943389, 0.271276

PART 63
OFFSET 16.459235, -4.145917, -6.259068
SCALE 1.000000, 1.000000, 1.000000
X -0.278233, -0.001442, 0.960513
Y -0.463903, 0.875835, -0.133065
Z -0.841059, -0.482608, -0.244355

PART 64
OFFSET 17.610202, -3.498575, -6.550125
SCALE 1.000000, 1.000000, 1.000000
X -0.166677, -0.625132, 0.762515
Y -0.564006, 0.694771, 0.446308
Z -0.808774, -0.355674, -0.468381

PART 65
OFFSET 16.987592, -0.830735, -4.631119
SCALE 1.000000, 1.000000, 1.000000
X 0.972472, -0.185189, 0.141431
Y 0.114609, 0.908590, 0.401658
Z -0.202886, -0.374392, 0.904803

PART 66
OFFSET 8.785865, -4.113844, -5.840157
SCALE 1.000000, 1.000000, 1.000000
X -0.366395, -0.926099, 0.089976
Y 0.917261, -0.343275, 0.201975
Z -0.156162, 0.156534, 0.975249

PART 67
OFFSET 7.753090, -2.335976, -7.630022
SCALE 1.000000, 1.000000, 1.000000
X 0.828741, -0.559631, -0.000940
Y 0.539193, 0.798923, -0.266443
Z 0.149861, 0.220306, 0.963850

PART 68
OFFSET 6.748171, -4.051917, -9.405029
SCALE 1.000000, 1.000000, 1.000000
X -0.298809, -0.942492, 0.149740
Y 0.867896, -0.333630, -0.368033
Z 0.396826, 0.019987, 0.917676

PART 69
OFFSET 7.221995, -4.160815, -8.292749
SCALE 1.000000, 1.000000, 1.000000
X -0.285710, -0.938799, 0.192422
Y 0.899135, -0.332075, -0.285102
Z 0.331552, 0.091557, 0.938984

PART 70
OFFSET 4.612157, -2.347184, -5.763989
SCALE 1.000000, 1.000000, 1.000000
X -0.902853, -0.348268, 0.252125
Y -0.061020, -0.476676, -0.876959
Z 0.425598, -0.807149, 0.409116

PART 71
OFFSET 19.027200, -3.706193, -4.677113
SCALE 1.000000, 1.000000, 1.000000
X -0.723956, 0.068030, 0.686484
Y -0.274391, 0.884622, -0.377033
Z -0.632928, -0.461320, -0.621760

PART 72
OFFSET 17.758683, -4.010568, -4.136593
SCALE 1.000000, 1.000000, 1.000000
X -0.734346, 0.468621, 0.491049
Y 0.056361, 0.763033, -0.643897
Z -0.676431, -0.445167, -0.586743

PART 73
OFFSET 16.065326, -4.147958, -4.899220
SCALE 1.000000, 1.000000, 1.000000
X -0.412249, 0.372301, 0.831531
Y -0.346919, 0.779790, -0.521128
Z -0.842436, -0.503308, -0.192309

PART 74
OFFSET 17.326431, -4.562877, -5.251924
SCALE 1.000000, 1.000000, 1.000000
X -0.569851, 0.307919, 0.761877
Y -0.148901, 0.873101, -0.464244
Z -0.808145, -0.377994, -0.451688

PART 75
OFFSET 18.527914, -1.225700, -4.325476
SCALE 1.000000, 1.000000, 1.000000
X 0.934176, 0.063778, 0.351067
Y -0.159196, 0.955039, 0.250115
Z -0.319331, -0.289540, 0.902327

PART 76
OFFSET 9.221785, -2.978508, -5.890263
SCALE 1.000000, 1.000000, 1.000000
X 0.048927, -0.994404, 0.093627
Y 0.985450, 0.063337, 0.157721
Z -0.162769, 0.084548, 0.983035

PART 77
OFFSET 6.542576, -1.518542, -7.628649
SCALE 1.000000, 1.000000, 1.000000
X 0.885134, 0.387011, -0.258382
Y -0.438465, 0.879593, -0.184566
Z 0.155842, 0.276657, 0.948248

PART 78
OFFSET 7.171293, -2.717638, -9.617058
SCALE 1.000000, 1.000000, 1.000000
X 0.606390, -0.754970, -0.249623
Y 0.709048, 0.655474, -0.260007
Z 0.359919, -0.019329, 0.932783

PART 79
OFFSET 7.708429, -2.562462, -8.620357
SCALE 1.000000, 1.000000, 1.000000
X 0.804273, -0.548507, -0.228659
Y 0.503085, 0.833262, -0.229305
Z 0.316308, 0.069389, 0.946115

PART 80
OFFSET 6.018435, -1.722992, -6.269081
SCALE 1.000000, 1.000000, 1.000000
X -0.533543, -0.021353, 0.845503
Y -0.655830, -0.620799, -0.429530
Z 0.534059, -0.783679, 0.317219

PART 81
OFFSET 18.209486, -3.629353, -3.901724
SCALE 1.000000, 1.000000, 1.000000
X 0.305626, -0.950397, -0.057778
Y 0.686730, 0.262056, -0.678033
Z 0.659542, 0.167546, 0.732757

PART 82
OFFSET 16.922200, -3.483484, -3.584137
SCALE 1.000000, 1.000000, 1.000000
X 0.570419, -0.818155, 0.072423
Y 0.464125, 0.248324, -0.850249
Z 0.677651, 0.518611, 0.521374

PART 83
OFFSET 15.699817, -3.817867, -4.161966
SCALE 1.000000, 1.000000, 1.000000
X -0.452768, 0.466209, 0.760033
Y -0.235505, 0.759608, -0.606245
Z -0.859964, -0.453480, -0.234132

PART 84
OFFSET 16.536715, -4.136154, -4.196094
SCALE 1.000000, 1.000000, 1.000000
X -0.589046, 0.609428, 0.530681
Y 0.076210, 0.695669, -0.714308
Z -0.804498, -0.380318, -0.456226

PART 85
OFFSET 19.520794, -1.153756, -3.900285
SCALE 1.000000, 1.000000, 1.000000
X 0.861899, 0.429885, -0.268939
Y -0.249256, -0.102699, -0.962977
Z -0.441589, 0.897024, 0.018635

PART 86
OFFSET 9.166520, -1.855280, -5.996020
SCALE 1.000000, 1.000000, 1.000000
X -0.951288, 0.290365, 0.103626
Y 0.270286, 0.947156, -0.172744
Z -0.148309, -0.136321, -0.979500

PART 87
OFFSET 5.538734, -1.958198, -7.342826
SCALE 1.000000, 1.000000, 1.000000
X -0.408767, -0.876486, 0.254326
Y -0.891269, 0.443333, 0.095369
Z -0.196340, -0.187689, -0.962405

PART 88
OFFSET 6.633642, -2.048250, -9.395731
SCALE 1.000000, 1.000000, 1.000000
X 0.911465, 0.086678, -0.402142
Y -0.091907, 0.995748, 0.006316
Z 0.400980, 0.031203, 0.915555

PART 89
OFFSET 6.593723, -1.802242, -8.303440
SCALE 1.000000, 1.000000, 1.000000
X 0.892597, 0.320112, -0.317490
Y -0.326356, 0.944603, 0.034881
Z 0.311067, 0.072480, 0.947620

PART 90
OFFSET 6.582072, -1.653501, -7.190532
SCALE 1.000000, 1.000000, 1.000000
X -0.872004, 0.359846, 0.331843
Y 0.098807, 0.793365, -0.600674
Z -0.479423, -0.491002, -0.727373

PART 91
OFFSET 15.269671, -3.374953, -3.439909
SCALE 1.000000, 1.000000, 1.000000
X 0.618791, -0.767630, -0.166860
Y 0.005014, 0.216264, -0.976322
Z 0.785540, 0.603302, 0.137671

PART 92
OFFSET 15.897858, -3.475191, -3.620538
SCALE 1.000000, 1.000000, 1.000000
X 0.400973, -0.914812, -0.048377
Y 0.434962, 0.236594, -0.868810
Z 0.806243, 0.327327, 0.492777

PART 93
OFFSET 5.767726, -2.130597, -9.013686
SCALE 1.000000, 1.000000, 1.000000
X -0.697457, -0.695962, 0.170852
Y -0.605447, 0.699808, 0.379081
Z -0.383390, 0.160951, -0.909454

PART 94
OFFSET 5.625594, -2.149442, -7.959084
SCALE 1.000000, 1.000000, 1.000000
X -0.529588, -0.798181, 0.287129
Y -0.791917, 0.586532, 0.169848
Z -0.303980, -0.137433, -0.942713

FRAME 2
PART 0
OFFSET 0.000000, 0.000000, 0.000000
SCALE 1.000000, 1.000000, 1.000000
X 1.000000, 0.000000, 0.000000
Y 0.000000, 1.000000, 0.000000
Z 0.000000, 0.000000, 1.000000

PART 1
OFFSET 0.000000, 0.000000, 0.000000
SCALE 1.000000, 1.000000, 1.000000
X 1.000000, 0.000000, 0.000000
Y 0.000000, 1.000000, 0.000000
Z 0.000000, 0.000000, 1.000000

PART 2
OFFSET 0.000000, 0.000000, 0.000000
SCALE 1.000000, 1.000000, 1.000000
X 1.000000, 0.000000, 0.000000
Y 0.000000, 1.000000, 0.000000
Z 0.000000, 0.000000, 1.000000

PART 3
OFFSET -4.631938, 0.000000, -1.376737
SCALE 1.000000, 1.000000, 1.000000
X 1.000000, 0.000000, 0.000000
Y 0.000000, 1.000000, 0.000000
Z 0.000000, 0.000000, 1.000000

PART 4
OFFSET 0.000000, 0.000000, 0.000000
SCALE 1.000000, 1.000000, 1.000000
X 1.000000, 0.000000, 0.000000
Y 0.000000, 1.000000, 0.000000
Z 0.000000, 0.000000, 1.000000

PART 5
OFFSET -3.506371, 6.340800, -6.712349
SCALE 1.000000, 1.000000, 1.000000
X 0.849907, -0.192177, -0.490639
Y -0.119088, -0.977084, 0.176422
Z -0.513300, -0.091513, -0.853316

PART 6
OFFSET -12.853742, -4.812700, -5.406615
SCALE 1.000000, 1.000000, 1.000000
X -0.683483, 0.574512, 0.450318
Y -0.245622, -0.761935, 0.599270
Z 0.687401, 0.298983, 0.661883

PART 7
OFFSET 7.744294, -2.669800, -4.543425
SCALE 1.000000, 1.000000, 1.000000
X 1.000000, 0.000000, 0.000000
Y 0.000000, 1.000000, 0.000000
Z 0.000000, 0.000000, 1.000000

PART 8
OFFSET 10.527864, 0.000000, -8.129457
SCALE 1.000000, 1.000000, 1.000000
X 1.000000, 0.000000, 0.000000
Y 0.000000, 1.000000, 0.000000
Z 0.000000, 0.000000, 1.000000

PART 9
OFFSET 1.540400, 0.000000, 4.135700
SCALE 1.000000, 1.000000, 1.000000
X 1.000000, 0.000000, 0.000000
Y 0.000000, 1.000000, 0.000000
Z 0.000000, 0.000000, 1.000000

PART 10
OFFSET -4.631800, 0.000000, -1.377000
SCALE 1.000000, 1.000000, 1.000000
X 1.000000, 0.000000, 0.000000
Y 0.000000, 1.000000, 0.000000
Z 0.000000, 0.000000, 1.000000

PART 11
OFFSET 6.772315, 4.016634, -12.646084
SCALE 1.000000, 1.000000, 1.000000
X 0.708175, -0.461228, 0.534562
Y -0.604900, -0.005884, 0.796280
Z -0.364121, -0.887262, -0.283164

PART 12
OFFSET -4.587628, -11.760788, -10.852653
SCALE 1.000000, 1.000000, 1.000000
X -0.732698, -0.631708, -0.253177
Y 0.666194, -0.589739, -0.456502
Z 0.139067, -0.503143, 0.852941

PART 13
OFFSET 7.744294, -2.669800, -4.543425
SCALE 1.000000, 1.000000, 1.000000
X 1.000000, 0.000000, 0.000000
Y 0.000000, 1.000000, 0.000000
Z 0.000000, 0.000000, 1.000000

PART 14
OFFSET 14.906267, 1.030342, -7.475738
SCALE 1.000000, 1.000000, 1.000000
X 0.712774, -0.458808, 0.530516
Y 0.370789, 0.888526, 0.270254
Z -0.595372, 0.004079, 0.803440

PART 15
OFFSET 14.007404, -1.014743, -8.764004
SCALE 1.000000, 1.000000, 1.000000
X 0.712774, -0.458808, 0.530516
Y 0.370789, 0.888526, 0.270254
Z -0.595372, 0.004079, 0.803440

PART 16
OFFSET 13.788944, 0.439923, -5.524999
SCALE 1.000000, 1.000000, 1.000000
X 0.712774, -0.458808, 0.530516
Y 0.370789, 0.888526, 0.270254
Z -0.595372, 0.004079, 0.803440

PART 17
OFFSET 13.164884, -0.904393, -6.045986
SCALE 1.000000, 1.000000, 1.000000
X 0.712774, -0.458808, 0.530516
Y 0.370789, 0.888526, 0.270254
Z -0.595372, 0.004079, 0.803440

PART 18
OFFSET 12.807049, -1.737203, -7.003727
SCALE 1.000000, 1.000000, 1.000000
X 0.712774, -0.458808, 0.530516
Y 0.370789, 0.888526, 0.270254
Z -0.595372, 0.004079, 0.803440

PART 19
OFFSET 14.966677, -1.320346, -6.460785
SCALE 1.000000, 1.000000, 1.000000
X 0.966208, -0.230467, 0.115438
Y 0.079154, 0.691496, 0.718031
Z -0.245308, -0.684630, 0.686371

PART 20
