// Export filename: 'K:\Juegos\Steam\steamapps\common\Call of Duty Black Ops\xanim_export\ricos\guns\ak12\ak12_sprint_in.xanim_export'
// Source filename: 'K:\01 Ricko0z\Working Gun\AK12\01 Escenas\ak12_handed.mb'
// Export time: Thu Jun 02 2016, 18:40:14

ANIMATION
VERSION 3

NUMPARTS 95
PART 0 "tag_view"
PART 1 "tag_ads"
PART 2 "tag_cambone"
PART 3 "tag_torso"
PART 4 "tag_camera"
PART 5 "j_shoulder_le"
PART 6 "j_shoulder_ri"
PART 7 "tag_weapon"
PART 8 "tag_weapon1"
PART 9 "tag_gasmask"
PART 10 "tag_gasmask2"
PART 11 "j_elbow_le"
PART 12 "j_elbow_ri"
PART 13 "j_gun"
PART 14 "j_sleave_reshape_bottom_le_1"
PART 15 "j_sleave_reshape_bottom_le_2"
PART 16 "j_sleave_reshape_top_le_1"
PART 17 "j_sleave_reshape_top_le_2"
PART 18 "j_sleave_reshape_top_le_3"
PART 19 "j_wrist_le"
PART 20 "j_wristtwist_le"
PART 21 "j_sleave_reshape_top_ri_1"
PART 22 "j_sleave_reshape_top_ri_2"
PART 23 "j_sleave_reshape_top_ri_3"
PART 24 "j_wrist_ri"
PART 25 "j_wristtwist_ri"
PART 26 "j_bullet"
PART 27 "j_bullet1"
PART 28 "j_clip"
PART 29 "j_mag"
PART 30 "j_mag1"
PART 31 "j_magrelease"
PART 32 "j_reload"
PART 33 "tag_acog_2"
PART 34 "tag_brass"
PART 35 "tag_clip"
PART 36 "tag_eclan"
PART 37 "tag_eotech"
PART 38 "tag_flash"
PART 39 "tag_folding_grip"
PART 40 "tag_grenade_launcher"
PART 41 "tag_maul"
PART 42 "tag_red_dot"
PART 43 "tag_sight_on"
PART 44 "tag_silencer"
PART 45 "tag_target_finder"
PART 46 "tag_thermal_scope"
PART 47 "tag_variable_zoom_reflex"
PART 48 "j_index_le_0"
PART 49 "j_mid_le_0"
PART 50 "j_pinkypalm_le"
PART 51 "j_ringpalm_le"
PART 52 "j_thumb_le_0"
PART 53 "j_webbing_le"
PART 54 "tag_knife_attach"
PART 55 "j_index_ri_0"
PART 56 "j_mid_ri_0"
PART 57 "j_pinkypalm_ri"
PART 58 "j_ringpalm_ri"
PART 59 "j_thumb_ri_0"
PART 60 "j_webbing_ri"
PART 61 "j_index_le_1"
PART 62 "j_mid_le_1"
PART 63 "j_pinky_le_0"
PART 64 "j_ring_le_0"
PART 65 "j_thumb_le_1"
PART 66 "j_index_ri_1"
PART 67 "j_mid_ri_1"
PART 68 "j_pinky_ri_0"
PART 69 "j_ring_ri_0"
PART 70 "j_thumb_ri_1"
PART 71 "j_index_le_2"
PART 72 "j_mid_le_2"
PART 73 "j_pinky_le_1"
PART 74 "j_ring_le_1"
PART 75 "j_thumb_le_2"
PART 76 "j_index_ri_2"
PART 77 "j_mid_ri_2"
PART 78 "j_pinky_ri_1"
PART 79 "j_ring_ri_1"
PART 80 "j_thumb_ri_2"
PART 81 "j_index_le_3"
PART 82 "j_mid_le_3"
PART 83 "j_pinky_le_2"
PART 84 "j_ring_le_2"
PART 85 "j_thumb_le_3"
PART 86 "j_index_ri_3"
PART 87 "j_mid_ri_3"
PART 88 "j_pinky_ri_2"
PART 89 "j_ring_ri_2"
PART 90 "j_thumb_ri_3"
PART 91 "j_pinky_le_3"
PART 92 "j_ring_le_3"
PART 93 "j_pinky_ri_3"
PART 94 "j_ring_ri_3"

FRAMERATE 30
NUMFRAMES 10

FRAME 0
PART 0
OFFSET 0.000000, 0.000000, 0.000000
SCALE 1.000000, 1.000000, 1.000000
X 1.000000, 0.000000, 0.000000
Y 0.000000, 1.000000, 0.000000
Z 0.000000, 0.000000, 1.000000

PART 1
OFFSET 0.000000, 0.000000, 0.000000
SCALE 1.000000, 1.000000, 1.000000
X 1.000000, 0.000000, 0.000000
Y 0.000000, 1.000000, 0.000000
Z 0.000000, 0.000000, 1.000000

PART 2
OFFSET 0.000000, 0.000000, 0.000000
SCALE 1.000000, 1.000000, 1.000000
X 1.000000, 0.000000, 0.000000
Y 0.000000, 1.000000, 0.000000
Z 0.000000, 0.000000, 1.000000

PART 3
OFFSET -4.631938, 0.000000, -1.376737
SCALE 1.000000, 1.000000, 1.000000
X 1.000000, 0.000000, 0.000000
Y 0.000000, 1.000000, 0.000000
Z 0.000000, 0.000000, 1.000000

PART 4
OFFSET 0.000000, 0.000000, 0.000000
SCALE 1.000000, 1.000000, 1.000000
X 1.000000, 0.000000, -0.000000
Y -0.000000, 1.000000, -0.000793
Z 0.000000, 0.000793, 1.000000

PART 5
OFFSET -3.506371, 6.340800, -6.712299
SCALE 1.000000, 1.000000, 1.000000
X 0.863629, -0.201554, -0.462083
Y -0.124980, -0.973586, 0.191076
Z -0.488389, -0.107268, -0.866008

PART 6
OFFSET -12.853742, -4.812700, -5.406515
SCALE 1.000000, 1.000000, 1.000000
X -0.705009, 0.555620, 0.440736
Y -0.238748, -0.771125, 0.590225
Z 0.667803, 0.310890, 0.676304

PART 7
OFFSET 8.256147, -2.669800, -4.543425
SCALE 1.000000, 1.000000, 1.000000
X 1.000000, 0.000000, 0.000000
Y 0.000000, 1.000000, 0.000000
Z 0.000000, 0.000000, 1.000000

PART 8
OFFSET 10.527864, 0.000000, -8.129457
SCALE 1.000000, 1.000000, 1.000000
X 1.000000, 0.000000, 0.000000
Y 0.000000, 1.000000, 0.000000
Z 0.000000, 0.000000, 1.000000

PART 9
OFFSET 1.540400, 0.003282, 4.135801
SCALE 1.000000, 1.000000, 1.000000
X 1.000000, 0.000000, -0.000000
Y -0.000000, 1.000000, -0.000793
Z 0.000000, 0.000793, 1.000000

PART 10
OFFSET -4.631800, -0.001093, -1.376900
SCALE 1.000000, 1.000000, 1.000000
X 1.000000, 0.000000, -0.000000
Y -0.000000, 1.000000, -0.000793
Z 0.000000, 0.000793, 1.000000

PART 11
OFFSET 6.938480, 3.903184, -12.300790
SCALE 1.000000, 1.000000, 1.000000
X 0.737761, -0.450743, 0.502533
Y -0.573281, -0.025259, 0.818969
Z -0.356451, -0.892296, -0.277038

PART 12
OFFSET -4.327477, -11.532438, -10.736623
SCALE 1.000000, 1.000000, 1.000000
X -0.753765, -0.610783, -0.242453
Y 0.643129, -0.609849, -0.463108
Z 0.134999, -0.505003, 0.852495

PART 13
OFFSET 8.256147, -2.669800, -4.543425
SCALE 1.000000, 1.000000, 1.000000
X 1.000000, 0.000000, 0.000000
Y 0.000000, 1.000000, 0.000000
Z 0.000000, 0.000000, 1.000000

PART 14
OFFSET 15.326756, 1.045721, -7.474179
SCALE 1.000000, 1.000000, 1.000000
X 0.742149, -0.448193, 0.498334
Y 0.362585, 0.893808, 0.263892
Z -0.563690, -0.015159, 0.825847

PART 15
OFFSET 14.421144, -1.007829, -8.747608
SCALE 1.000000, 1.000000, 1.000000
X 0.742149, -0.448193, 0.498334
Y 0.362585, 0.893808, 0.263892
Z -0.563690, -0.015159, 0.825847

PART 16
OFFSET 14.300421, 0.415822, -5.489993
SCALE 1.000000, 1.000000, 1.000000
X 0.742149, -0.448193, 0.498334
Y 0.362585, 0.893808, 0.263892
Z -0.563690, -0.015159, 0.825847

PART 17
OFFSET 13.682736, -0.938029, -5.998147
SCALE 1.000000, 1.000000, 1.000000
X 0.742149, -0.448193, 0.498334
Y 0.362585, 0.893808, 0.263892
Z -0.563690, -0.015159, 0.825847

PART 18
OFFSET 13.299534, -1.777291, -6.946182
SCALE 1.000000, 1.000000, 1.000000
X 0.742149, -0.448193, 0.498334
Y 0.362585, 0.893808, 0.263892
Z -0.563690, -0.015159, 0.825847

PART 19
OFFSET 15.475158, -1.312643, -6.485958
SCALE 1.000000, 1.000000, 1.000000
X 0.966717, -0.229683, 0.112714
Y 0.080463, 0.691128, 0.718240
Z -0.242867, -0.685265, 0.686606

PART 20
OFFSET 13.213458, 0.069272, -8.026533
SCALE 1.000000, 1.000000, 1.000000
X 0.737761, -0.450743, 0.502533
Y -0.181424, 0.584649, 0.790741
Z -0.650226, -0.674549, 0.349556

PART 21
OFFSET 2.808106, -4.862371, -6.727206
SCALE 1.000000, 1.000000, 1.000000
X -0.757903, -0.605805, -0.242039
Y -0.142080, 0.515395, -0.845092
Z 0.636707, -0.606109, -0.476693

PART 22
OFFSET 2.429260, -4.044974, -8.014488
SCALE 1.000000, 1.000000, 1.000000
X -0.757903, -0.605805, -0.242039
Y -0.142080, 0.515395, -0.845092
Z 0.636707, -0.606109, -0.476693

PART 23
OFFSET 2.601341, -4.422448, -9.178982
SCALE 1.000000, 1.000000, 1.000000
X -0.757903, -0.605805, -0.242039
Y -0.142080, 0.515395, -0.845092
Z 0.636707, -0.606109, -0.476693

PART 24
OFFSET 4.394416, -4.465004, -7.931171
SCALE 1.000000, 1.000000, 1.000000
X -0.954596, -0.141837, -0.261970
Y 0.284878, -0.177452, -0.941995
Z 0.087123, -0.973855, 0.209802

PART 25
OFFSET 2.083557, -6.337515, -8.674473
SCALE 1.000000, 1.000000, 1.000000
X -0.753746, -0.610822, -0.242410
Y 0.487889, -0.273007, -0.829115
Z 0.440262, -0.743212, 0.503792

PART 26
OFFSET 13.119633, -2.669800, -5.371556
SCALE 1.000000, 1.000000, 1.000000
X 1.000000, 0.000000, 0.000000
Y 0.000000, 1.000000, 0.000000
Z 0.000000, 0.000000, 1.000000

PART 27
OFFSET 11.383009, -2.669703, -4.939040
SCALE 1.000000, 1.000000, 1.000000
X 1.000000, 0.000000, 0.000000
Y 0.000000, 1.000000, 0.000000
Z 0.000000, 0.000000, 1.000000

PART 28
OFFSET 8.533328, -1.823101, -4.609544
SCALE 1.000000, 1.000000, 1.000000
X 1.000000, 0.000000, 0.000000
Y 0.000000, 1.000000, 0.000000
Z 0.000000, 0.000000, 1.000000

PART 29
OFFSET 13.119633, -2.669800, -5.371556
SCALE 1.000000, 1.000000, 1.000000
X 1.000000, 0.000000, 0.000000
Y 0.000000, 1.000000, 0.000000
Z 0.000000, 0.000000, 1.000000

PART 30
OFFSET 11.383009, -2.669703, -4.939040
SCALE 1.000000, 1.000000, 1.000000
X 1.000000, 0.000000, 0.000000
Y 0.000000, 1.000000, 0.000000
Z 0.000000, 0.000000, 1.000000

PART 31
OFFSET 11.181173, -2.669800, -6.473417
SCALE 1.000000, 1.000000, 1.000000
X 1.000000, 0.000000, 0.000000
Y 0.000000, 1.000000, 0.000000
Z 0.000000, 0.000000, 1.000000

PART 32
OFFSET 18.247310, -2.348193, -3.075621
SCALE 1.000000, 1.000000, 1.000000
X 1.000000, 0.000000, 0.000000
Y 0.000000, 1.000000, 0.000000
Z 0.000000, 0.000000, 1.000000

PART 33
OFFSET 8.263561, -2.669800, -2.547372
SCALE 1.000000, 1.000000, 1.000000
X 1.000000, 0.000000, 0.000000
Y 0.000000, 1.000000, 0.000000
Z 0.000000, 0.000000, 1.000000

PART 34
OFFSET 17.179406, -2.669800, -3.114907
SCALE 1.000000, 1.000000, 1.000000
X -0.000011, -0.835788, 0.549052
Y 1.000000, -0.000011, 0.000003
Z 0.000003, 0.549052, 0.835788

PART 35
OFFSET 13.726345, -2.654788, -5.307692
SCALE 1.000000, 1.000000, 1.000000
X 1.000000, 0.000000, 0.000000
Y 0.000000, 1.000000, 0.000000
Z 0.000000, 0.000000, 1.000000

PART 36
OFFSET 10.323050, -2.669800, -2.510612
SCALE 1.000000, 1.000000, 1.000000
X 1.000000, 0.000000, 0.000000
Y 0.000000, 1.000000, 0.000000
Z 0.000000, 0.000000, 1.000000

PART 37
OFFSET 9.869075, -2.669800, -2.279039
SCALE 1.000000, 1.000000, 1.000000
X 1.000000, 0.000000, 0.000000
Y 0.000000, 1.000000, 0.000000
Z 0.000000, 0.000000, 1.000000

PART 38
OFFSET 35.064878, -2.669800, -4.066381
SCALE 1.000000, 1.000000, 1.000000
X 1.000000, 0.000000, 0.000000
Y 0.000000, 1.000000, 0.000000
Z 0.000000, 0.000000, 1.000000

PART 39
OFFSET 21.247700, -2.669800, -5.105439
SCALE 1.000000, 1.000000, 1.000000
X 1.000000, 0.000000, 0.000000
Y 0.000000, 1.000000, 0.000000
Z 0.000000, 0.000000, 1.000000

PART 40
OFFSET 15.987929, -2.669800, -7.967217
SCALE 1.000000, 1.000000, 1.000000
X 1.000000, 0.000000, 0.000000
Y 0.000000, 1.000000, 0.000000
Z 0.000000, 0.000000, 1.000000

PART 41
OFFSET 23.582119, -2.669800, -6.131120
SCALE 1.000000, 1.000000, 1.000000
X 1.000000, 0.000000, 0.000000
Y 0.000000, 1.000000, 0.000000
Z 0.000000, 0.000000, 1.000000

PART 42
OFFSET 9.294322, -2.669800, -2.605643
SCALE 1.000000, 1.000000, 1.000000
X 1.000000, 0.000000, 0.000000
Y 0.000000, 1.000000, 0.000000
Z 0.000000, 0.000000, 1.000000

PART 43
OFFSET 16.637549, -2.669800, -2.279039
SCALE 1.000000, 1.000000, 1.000000
X 1.000000, 0.000000, 0.000000
Y 0.000000, 1.000000, 0.000000
Z 0.000000, 0.000000, 1.000000

PART 44
OFFSET 35.064878, -2.669800, -4.066381
SCALE 1.000000, 1.000000, 1.000000
X 1.000000, 0.000000, 0.000000
Y 0.000000, 1.000000, 0.000000
Z 0.000000, 0.000000, 1.000000

PART 45
OFFSET 9.046709, -2.669800, -2.692473
SCALE 1.000000, 1.000000, 1.000000
X 1.000000, 0.000000, 0.000000
Y 0.000000, 1.000000, 0.000000
Z 0.000000, 0.000000, 1.000000

PART 46
OFFSET 10.295191, -2.669800, -2.729029
SCALE 1.000000, 1.000000, 1.000000
X 1.000000, 0.000000, 0.000000
Y 0.000000, 1.000000, 0.000000
Z 0.000000, 0.000000, 1.000000

PART 47
OFFSET 9.398721, -2.669800, -2.628633
SCALE 1.000000, 1.000000, 1.000000
X 1.000000, 0.000000, 0.000000
Y 0.000000, 1.000000, 0.000000
Z 0.000000, 0.000000, 1.000000

PART 48
OFFSET 19.392955, -1.431684, -5.760257
SCALE 1.000000, 1.000000, 1.000000
X 0.496501, -0.860200, 0.116372
Y -0.599400, -0.242782, 0.762742
Z -0.627858, -0.448456, -0.636146

PART 49
OFFSET 19.158972, -2.279914, -6.428307
SCALE 1.000000, 1.000000, 1.000000
X 0.172179, -0.799531, 0.575416
Y -0.740198, 0.280419, 0.611124
Z -0.649970, -0.531145, -0.543529

PART 50
OFFSET 16.157938, -2.385505, -7.020894
SCALE 1.000000, 1.000000, 1.000000
X 0.519208, -0.813004, 0.263529
Y -0.584901, -0.113194, 0.803168
Z -0.623148, -0.571149, -0.534298

PART 51
OFFSET 16.457950, -1.881054, -6.614663
SCALE 1.000000, 1.000000, 1.000000
X 0.800388, -0.594670, 0.075807
Y -0.488230, -0.573239, 0.658049
Z -0.347867, -0.563706, -0.749149

PART 52
OFFSET 15.887930, -1.030365, -5.460220
SCALE 1.000000, 1.000000, 1.000000
X 0.932503, 0.052256, 0.357362
Y -0.100952, 0.987750, 0.118990
Z -0.346766, -0.147035, 0.926355

PART 53
OFFSET 18.452799, -1.290631, -4.630127
SCALE 1.000000, 1.000000, 1.000000
X 0.826499, -0.540303, 0.158025
Y 0.516201, 0.615417, -0.595649
Z 0.224580, 0.573876, 0.787547

PART 54
OFFSET 17.682579, -3.352071, -5.521117
SCALE 1.000000, 1.000000, 1.000000
X -0.418522, -0.564485, -0.711474
Y 0.242903, 0.685274, -0.686584
Z 0.875121, -0.460170, -0.149687

PART 55
OFFSET 7.931566, -4.140416, -6.122029
SCALE 1.000000, 1.000000, 1.000000
X -0.986948, -0.015180, -0.160322
Y -0.001592, -0.994579, 0.103969
Z -0.161031, 0.102868, 0.981574

PART 56
OFFSET 8.123210, -4.173368, -7.209523
SCALE 1.000000, 1.000000, 1.000000
X -0.262599, -0.940648, 0.214997
Y 0.957012, -0.282344, -0.066401
Z 0.123163, 0.188318, 0.974355

PART 57
OFFSET 5.489679, -4.338176, -8.760577
SCALE 1.000000, 1.000000, 1.000000
X -0.941601, -0.056875, 0.331894
Y 0.146076, -0.957054, 0.250418
Z 0.303398, 0.284276, 0.909471

PART 58
OFFSET 5.522451, -4.325047, -8.047594
SCALE 1.000000, 1.000000, 1.000000
X -0.995414, -0.086346, 0.041165
Y 0.094045, -0.962051, 0.256152
Z 0.017485, 0.258849, 0.965760

PART 59
OFFSET 4.513152, -3.830083, -6.990448
SCALE 1.000000, 1.000000, 1.000000
X -0.498646, -0.678305, -0.539679
Y 0.578219, 0.203544, -0.790084
Z 0.645767, -0.706025, 0.290713

PART 60
OFFSET 6.835692, -3.192605, -5.747260
SCALE 1.000000, 1.000000, 1.000000
X -0.929032, -0.369952, -0.005927
Y -0.349572, 0.882879, -0.313568
Z 0.121238, -0.289242, -0.949547

PART 61
OFFSET 20.267120, -2.946193, -5.555367
SCALE 1.000000, 1.000000, 1.000000
X -0.322740, -0.643481, 0.694097
Y -0.734536, 0.632766, 0.245079
Z -0.596905, -0.430742, -0.676879

PART 62
OFFSET 19.495335, -3.841851, -5.304194
SCALE 1.000000, 1.000000, 1.000000
X -0.583892, -0.112903, 0.803942
Y 0.789130, -0.311480, 0.529390
Z 0.190642, 0.943522, 0.270966

PART 63
OFFSET 17.343525, -4.142894, -6.252495
SCALE 1.000000, 1.000000, 1.000000
X -0.278393, -0.001144, 0.960467
Y -0.464039, 0.875703, -0.133460
Z -0.840931, -0.482848, -0.244320

PART 64
OFFSET 18.494347, -3.495543, -6.543758
SCALE 1.000000, 1.000000, 1.000000
X -0.166691, -0.624885, 0.762714
Y -0.564206, 0.694831, 0.445962
Z -0.808632, -0.355990, -0.468386

PART 65
OFFSET 17.870841, -0.827227, -4.625640
SCALE 1.000000, 1.000000, 1.000000
X 0.972482, -0.184962, 0.141660
Y 0.114378, 0.908756, 0.401347
Z -0.202969, -0.374100, 0.904905

PART 66
OFFSET 9.669200, -4.113691, -5.839764
SCALE 1.000000, 1.000000, 1.000000
X -0.366316, -0.926136, 0.089916
Y 0.917292, -0.343212, 0.201943
Z -0.156167, 0.156455, 0.975261

PART 67
OFFSET 8.636209, -2.335767, -7.629530
SCALE 1.000000, 1.000000, 1.000000
X 0.828788, -0.559561, -0.000986
Y 0.539124, 0.798987, -0.266394
Z 0.149852, 0.220253, 0.963864

PART 68
OFFSET 7.631529, -4.051648, -9.404502
SCALE 1.000000, 1.000000, 1.000000
X -0.298728, -0.942528, 0.149678
Y 0.867920, -0.333532, -0.368063
Z 0.396832, 0.019958, 0.917674

PART 69
OFFSET 8.105430, -4.160612, -8.292300
SCALE 1.000000, 1.000000, 1.000000
X -0.285629, -0.938836, 0.192361
Y 0.899160, -0.331979, -0.285133
Z 0.331553, 0.091521, 0.938987

PART 70
OFFSET 5.495563, -2.347378, -5.763181
SCALE 1.000000, 1.000000, 1.000000
X -0.902821, -0.348361, 0.252109
Y -0.060988, -0.476621, -0.876991
Z 0.425670, -0.807141, 0.409058

PART 71
OFFSET 19.911027, -3.702309, -4.670424
SCALE 1.000000, 1.000000, 1.000000
X -0.724082, 0.068148, 0.686339
Y -0.274488, 0.884435, -0.377400
Z -0.632741, -0.461660, -0.621698

PART 72
OFFSET 18.642499, -4.006758, -4.129950
SCALE 1.000000, 1.000000, 1.000000
X -0.734513, 0.468667, 0.490757
Y 0.056331, 0.762810, -0.644164
Z -0.676253, -0.445502, -0.586694

PART 73
OFFSET 16.949380, -4.144513, -4.892675
SCALE 1.000000, 1.000000, 1.000000
X -0.412454, 0.372528, 0.831327
Y -0.346973, 0.779539, -0.521468
Z -0.842313, -0.503530, -0.192267

PART 74
OFFSET 18.210551, -4.559426, -5.245220
SCALE 1.000000, 1.000000, 1.000000
X -0.570033, 0.308093, 0.761670
Y -0.148982, 0.872906, -0.464585
Z -0.808002, -0.378304, -0.451685

PART 75
OFFSET 19.411242, -1.221934, -4.319544
SCALE 1.000000, 1.000000, 1.000000
X 0.934106, 0.064074, 0.351200
Y -0.159410, 0.955101, 0.249742
Z -0.319429, -0.289270, 0.902379

PART 76
OFFSET 10.105043, -2.978309, -5.889872
SCALE 1.000000, 1.000000, 1.000000
X 0.049012, -0.994407, 0.093560
Y 0.985447, 0.063409, 0.157716
Z -0.162767, 0.084468, 0.983042

PART 77
OFFSET 7.425636, -1.518443, -7.628090
SCALE 1.000000, 1.000000, 1.000000
X 0.885098, 0.387103, -0.258364
Y -0.438541, 0.879568, -0.184502
Z 0.155828, 0.276606, 0.948265

PART 78
OFFSET 8.054457, -2.717252, -9.616411
SCALE 1.000000, 1.000000, 1.000000
X 0.606451, -0.754902, -0.249680
Y 0.708991, 0.655552, -0.259969
Z 0.359929, -0.019362, 0.932779

PART 79
OFFSET 8.591709, -2.562253, -8.619793
SCALE 1.000000, 1.000000, 1.000000
X 0.804317, -0.548424, -0.228704
Y 0.503012, 0.833320, -0.229253
Z 0.316311, 0.069351, 0.946117

PART 80
OFFSET 6.901704, -1.723032, -6.268321
SCALE 1.000000, 1.000000, 1.000000
X -0.533533, -0.021455, 0.845507
Y -0.655782, -0.620825, -0.429566
Z 0.534128, -0.783656, 0.317161

PART 81
OFFSET 19.093170, -3.625335, -3.895198
SCALE 1.000000, 1.000000, 1.000000
X 0.305807, -0.950363, -0.057383
Y 0.686795, 0.261935, -0.678014
Z 0.659390, 0.167931, 0.732806

PART 82
OFFSET 17.805779, -3.479663, -3.577817
SCALE 1.000000, 1.000000, 1.000000
X 0.570554, -0.818026, 0.072815
Y 0.464221, 0.248100, -0.850262
Z 0.677471, 0.518923, 0.521299

PART 83
OFFSET 16.583684, -3.814218, -4.155593
SCALE 1.000000, 1.000000, 1.000000
X -0.452979, 0.466403, 0.759788
Y -0.235541, 0.759346, -0.606559
Z -0.859843, -0.453720, -0.234111

PART 84
OFFSET 17.420538, -4.132437, -4.189615
SCALE 1.000000, 1.000000, 1.000000
X -0.589245, 0.609514, 0.530362
Y 0.076203, 0.695424, -0.714548
Z -0.804353, -0.380628, -0.456222

PART 85
OFFSET 20.404039, -1.149596, -3.894200
SCALE 1.000000, 1.000000, 1.000000
X 0.861867, 0.429943, -0.268951
Y -0.249077, -0.103093, -0.962981
Z -0.441754, 0.896951, 0.018236

PART 86
OFFSET 10.049683, -1.855096, -5.995551
SCALE 1.000000, 1.000000, 1.000000
X -0.951312, 0.290278, 0.103655
Y 0.270205, 0.947191, -0.172683
Z -0.148307, -0.136267, -0.979508

PART 87
OFFSET 6.421809, -1.958213, -7.342321
SCALE 1.000000, 1.000000, 1.000000
X -0.408690, -0.876538, 0.254270
Y -0.891306, 0.443252, 0.095407
Z -0.196333, -0.187641, -0.962416

PART 88
OFFSET 7.516756, -2.047929, -9.395036
SCALE 1.000000, 1.000000, 1.000000
X 0.911454, 0.086782, -0.402145
Y -0.091991, 0.995739, 0.006384
Z 0.400985, 0.031175, 0.915554

PART 89
OFFSET 7.477003, -1.802190, -8.302832
SCALE 1.000000, 1.000000, 1.000000
X 0.892567, 0.320209, -0.317476
Y -0.326435, 0.944573, 0.034948
Z 0.311070, 0.072442, 0.947622

PART 90
OFFSET 7.465370, -1.653428, -7.189844
SCALE 1.000000, 1.000000, 1.000000
X -0.872031, 0.359750, 0.331876
Y 0.098734, 0.793414, -0.600621
Z -0.479388, -0.490993, -0.727401

PART 91
OFFSET 16.153329, -3.371110, -3.433754
SCALE 1.000000, 1.000000, 1.000000
X 0.618957, -0.767579, -0.166478
Y 0.005137, 0.215911, -0.976399
Z 0.785408, 0.603494, 0.137583

PART 92
OFFSET 16.781477, -3.471393, -3.614415
SCALE 1.000000, 1.000000, 1.000000
X 0.401146, -0.914757, -0.047979
Y 0.435065, 0.236357, -0.868823
Z 0.806102, 0.327651, 0.492792

PART 93
OFFSET 6.650825, -2.130377, -9.012977
SCALE 1.000000, 1.000000, 1.000000
X -0.697397, -0.696032, 0.170812
Y -0.605502, 0.699732, 0.379134
Z -0.383412, 0.160980, -0.909440

PART 94
OFFSET 6.508959, -2.149476, -7.958509
SCALE 1.000000, 1.000000, 1.000000
X -0.529518, -0.798245, 0.287080
Y -0.791965, 0.586453, 0.169895
Z -0.303977, -0.137395, -0.942720

FRAME 1
PART 0
OFFSET 0.000000, 0.000000, 0.000000
SCALE 1.000000, 1.000000, 1.000000
X 1.000000, 0.000000, 0.000000
Y 0.000000, 1.000000, 0.000000
Z 0.000000, 0.000000, 1.000000

PART 1
OFFSET 0.000000, 0.000000, 0.000000
SCALE 1.000000, 1.000000, 1.000000
X 1.000000, 0.000000, 0.000000
Y 0.000000, 1.000000, 0.000000
Z 0.000000, 0.000000, 1.000000

PART 2
OFFSET 0.000000, 0.000000, 0.000000
SCALE 1.000000, 1.000000, 1.000000
X 1.000000, 0.000000, 0.000000
Y 0.000000, 1.000000, 0.000000
Z 0.000000, 0.000000, 1.000000

PART 3
OFFSET -4.631938, 0.000000, -1.376737
SCALE 1.000000, 1.000000, 1.000000
X 1.000000, 0.000000, 0.000000
Y 0.000000, 1.000000, 0.000000
Z 0.000000, 0.000000, 1.000000

PART 4
OFFSET 0.000000, 0.000000, 0.000000
SCALE 1.000000, 1.000000, 1.000000
X 1.000000, 0.000000, -0.000000
Y -0.000000, 1.000000, -0.000773
Z 0.000000, 0.000773, 1.000000

PART 5
OFFSET -3.506371, 6.340800, -6.712299
SCALE 1.000000, 1.000000, 1.000000
X 0.835505, -0.173724, -0.521297
Y -0.097953, -0.980599, 0.169794
Z -0.540681, -0.090801, -0.836313

PART 6
OFFSET -12.853742, -4.812700, -5.406515
SCALE 1.000000, 1.000000, 1.000000
X -0.690321, 0.559682, 0.458491
Y -0.208973, -0.760941, 0.614246
Z 0.692667, 0.328215, 0.642252

PART 7
OFFSET 8.138780, -2.484735, -5.321043
SCALE 1.000000, 1.000000, 1.000000
X 0.999501, 0.015903, -0.027295
Y -0.015954, 0.999871, -0.001675
Z 0.027265, 0.002109, 0.999626

PART 8
OFFSET 10.527864, 0.000000, -8.129457
SCALE 1.000000, 1.000000, 1.000000
X 1.000000, 0.000000, 0.000000
Y 0.000000, 1.000000, 0.000000
Z 0.000000, 0.000000, 1.000000

PART 9
OFFSET 1.540400, 0.003198, 4.135801
SCALE 1.000000, 1.000000, 1.000000
X 1.000000, 0.000000, -0.000000
Y -0.000000, 1.000000, -0.000773
Z 0.000000, 0.000773, 1.000000

PART 10
OFFSET -4.631800, -0.001065, -1.376900
SCALE 1.000000, 1.000000, 1.000000
X 1.000000, 0.000000, -0.000000
Y -0.000000, 1.000000, -0.000773
Z 0.000000, 0.000773, 1.000000

PART 11
OFFSET 6.598343, 4.239759, -13.016940
SCALE 1.000000, 1.000000, 1.000000
X 0.750348, -0.454571, 0.479940
Y -0.554480, -0.037516, 0.831351
Z -0.359902, -0.889920, -0.280201

PART 12
OFFSET -4.505114, -11.581555, -10.951345
SCALE 1.000000, 1.000000, 1.000000
X -0.753754, -0.624915, -0.203312
Y 0.633901, -0.609834, -0.475680
Z 0.173273, -0.487426, 0.855799

PART 13
OFFSET 8.138780, -2.484735, -5.321043
SCALE 1.000000, 1.000000, 1.000000
X 0.999501, 0.015903, -0.027295
Y -0.015954, 0.999871, -0.001675
Z 0.027265, 0.002109, 0.999626

PART 14
OFFSET 15.102147, 1.350667, -8.416592
SCALE 1.000000, 1.000000, 1.000000
X 0.754636, -0.451945, 0.475679
Y 0.365730, 0.891623, 0.266927
Z -0.544763, -0.027463, 0.838140

PART 15
OFFSET 14.174702, -0.690568, -9.696688
SCALE 1.000000, 1.000000, 1.000000
X 0.754636, -0.451945, 0.475679
Y 0.365730, 0.891623, 0.266927
Z -0.544763, -0.027463, 0.838140

PART 16
OFFSET 14.125138, 0.693313, -6.420180
SCALE 1.000000, 1.000000, 1.000000
X 0.754636, -0.451945, 0.475679
Y 0.365730, 0.891623, 0.266927
Z -0.544763, -0.027463, 0.838140

PART 17
OFFSET 13.498629, -0.657951, -6.930551
SCALE 1.000000, 1.000000, 1.000000
X 0.754636, -0.451945, 0.475679
Y 0.365730, 0.891623, 0.266927
Z -0.544763, -0.027463, 0.838140

PART 18
OFFSET 13.090015, -1.493823, -7.876975
SCALE 1.000000, 1.000000, 1.000000
X 0.754636, -0.451945, 0.475679
Y 0.365730, 0.891623, 0.266927
Z -0.544763, -0.027463, 0.838140

PART 19
OFFSET 15.280668, -1.020361, -7.463531
SCALE 1.000000, 1.000000, 1.000000
X 0.972920, -0.214250, 0.086739
Y 0.088953, 0.693416, 0.715026
Z -0.213340, -0.687948, 0.693696

PART 20
OFFSET 12.980381, 0.373288, -8.934844
SCALE 1.000000, 1.000000, 1.000000
X 0.750348, -0.454571, 0.479940
Y -0.159230, 0.580369, 0.798635
Z -0.641579, -0.675675, 0.363098

PART 21
OFFSET 2.684728, -4.751002, -7.327837
SCALE 1.000000, 1.000000, 1.000000
X -0.757955, -0.619973, -0.202825
Y -0.180224, 0.497865, -0.848321
Z 0.626916, -0.606435, -0.489094

PART 22
OFFSET 2.245902, -3.958833, -8.619791
SCALE 1.000000, 1.000000, 1.000000
X -0.757955, -0.619973, -0.202825
Y -0.180224, 0.497865, -0.848321
Z 0.626916, -0.606435, -0.489094

PART 23
OFFSET 2.379070, -4.353820, -9.783986
SCALE 1.000000, 1.000000, 1.000000
X -0.757955, -0.619973, -0.202825
Y -0.180224, 0.497865, -0.848321
Z 0.626916, -0.606435, -0.489094

PART 24
OFFSET 4.216660, -4.350596, -8.598796
SCALE 1.000000, 1.000000, 1.000000
X -0.958972, -0.157494, -0.235729
Y 0.262014, -0.174835, -0.949095
Z 0.108263, -0.971920, 0.208927

PART 25
OFFSET 1.905833, -6.266433, -9.222102
SCALE 1.000000, 1.000000, 1.000000
X -0.753754, -0.624915, -0.203312
Y 0.455158, -0.273292, -0.847433
Z 0.474010, -0.731295, 0.490430

PART 26
OFFSET 12.977260, -2.409139, -6.281614
SCALE 1.000000, 1.000000, 1.000000
X 0.999501, 0.015903, -0.027295
Y -0.015954, 0.999871, -0.001675
Z 0.027265, 0.002109, 0.999626

PART 27
OFFSET 11.206938, -2.436489, -5.801155
SCALE 1.000000, 1.000000, 1.000000
X 0.999501, 0.015903, -0.027295
Y -0.015954, 0.999871, -0.001675
Z 0.027265, 0.002109, 0.999626

PART 28
OFFSET 8.400512, -1.633877, -5.396121
SCALE 1.000000, 1.000000, 1.000000
X 0.999501, 0.015903, -0.027295
Y -0.015954, 0.999871, -0.001675
Z 0.027265, 0.002109, 0.999626

PART 29
OFFSET 12.977260, -2.409139, -6.281614
SCALE 1.000000, 1.000000, 1.000000
X 0.999501, 0.015903, -0.027295
Y -0.015954, 0.999871, -0.001675
Z 0.027265, 0.002109, 0.999626

PART 30
OFFSET 11.206938, -2.436489, -5.801155
SCALE 1.000000, 1.000000, 1.000000
X 0.999501, 0.015903, -0.027295
Y -0.015954, 0.999871, -0.001675
Z 0.027265, 0.002109, 0.999626

PART 31
OFFSET 11.009725, -2.442290, -7.330152
SCALE 1.000000, 1.000000, 1.000000
X 0.999501, 0.015903, -0.027295
Y -0.015954, 0.999871, -0.001675
Z 0.027265, 0.002109, 0.999626

PART 32
OFFSET 18.159845, -2.001186, -4.127037
SCALE 1.000000, 1.000000, 1.000000
X 0.999501, 0.015903, -0.027295
Y -0.015954, 0.999871, -0.001675
Z 0.027265, 0.002109, 0.999626

PART 33
OFFSET 8.200613, -2.480407, -3.325939
SCALE 1.000000, 1.000000, 1.000000
X 0.999501, 0.015903, -0.027295
Y -0.015954, 0.999871, -0.001675
Z 0.027265, 0.002109, 0.999626

PART 34
OFFSET 17.096535, -2.339817, -4.136621
SCALE 1.000000, 1.000000, 1.000000
X 0.028294, -0.834522, 0.550247
Y 0.999501, 0.015892, -0.027292
Z 0.014031, 0.550745, 0.834556

PART 35
OFFSET 13.585172, -2.384346, -6.234359
SCALE 1.000000, 1.000000, 1.000000
X 0.999501, 0.015903, -0.027295
Y -0.015954, 0.999871, -0.001675
Z 0.027265, 0.002109, 0.999626

PART 36
OFFSET 10.260076, -2.447578, -3.345407
SCALE 1.000000, 1.000000, 1.000000
X 0.999501, 0.015903, -0.027295
Y -0.015954, 0.999871, -0.001675
Z 0.027265, 0.002109, 0.999626

PART 37
OFFSET 9.812642, -2.454309, -3.101529
SCALE 1.000000, 1.000000, 1.000000
X 0.999501, 0.015903, -0.027295
Y -0.015954, 0.999871, -0.001675
Z 0.027265, 0.002109, 0.999626

PART 38
OFFSET 34.947138, -2.057395, -5.575925
SCALE 1.000000, 1.000000, 1.000000
X 0.999501, 0.015903, -0.027295
Y -0.015954, 0.999871, -0.001675
Z 0.027265, 0.002109, 0.999626

PART 39
OFFSET 21.108527, -2.279319, -6.237453
SCALE 1.000000, 1.000000, 1.000000
X 0.999501, 0.015903, -0.027295
Y -0.015954, 0.999871, -0.001675
Z 0.027265, 0.002109, 0.999626

PART 40
OFFSET 15.773354, -2.369000, -8.954594
SCALE 1.000000, 1.000000, 1.000000
X 0.999501, 0.015903, -0.027295
Y -0.015954, 0.999871, -0.001675
Z 0.027265, 0.002109, 0.999626

PART 41
OFFSET 23.413816, -2.244358, -7.326469
SCALE 1.000000, 1.000000, 1.000000
X 0.999501, 0.015903, -0.027295
Y -0.015954, 0.999871, -0.001675
Z 0.027265, 0.002109, 0.999626

PART 42
OFFSET 9.229271, -2.464138, -3.412323
SCALE 1.000000, 1.000000, 1.000000
X 0.999501, 0.015903, -0.027295
Y -0.015954, 0.999871, -0.001675
Z 0.027265, 0.002109, 0.999626

PART 43
OFFSET 16.577738, -2.346671, -3.286275
SCALE 1.000000, 1.000000, 1.000000
X 0.999501, 0.015903, -0.027295
Y -0.015954, 0.999871, -0.001675
Z 0.027265, 0.002109, 0.999626

PART 44
OFFSET 34.947138, -2.057395, -5.575925
SCALE 1.000000, 1.000000, 1.000000
X 0.999501, 0.015903, -0.027295
Y -0.015954, 0.999871, -0.001675
Z 0.027265, 0.002109, 0.999626

PART 45
OFFSET 8.979414, -2.468259, -3.492362
SCALE 1.000000, 1.000000, 1.000000
X 0.999501, 0.015903, -0.027295
Y -0.015954, 0.999871, -0.001675
Z 0.027265, 0.002109, 0.999626

PART 46
OFFSET 10.226276, -2.448482, -3.562981
SCALE 1.000000, 1.000000, 1.000000
X 0.999501, 0.015903, -0.027295
Y -0.015954, 0.999871, -0.001675
Z 0.027265, 0.002109, 0.999626

PART 47
OFFSET 9.332991, -2.462526, -3.438154
SCALE 1.000000, 1.000000, 1.000000
X 0.999501, 0.015903, -0.027295
Y -0.015954, 0.999871, -0.001675
Z 0.027265, 0.002109, 0.999626

PART 48
OFFSET 19.218066, -1.076546, -6.844101
SCALE 1.000000, 1.000000, 1.000000
X 0.512983, -0.852093, 0.103851
Y -0.574633, -0.251007, 0.778969
Z -0.637687, -0.459274, -0.618404

PART 49
OFFSET 18.979507, -1.929385, -7.504622
SCALE 1.000000, 1.000000, 1.000000
X 0.200305, -0.795830, 0.571431
Y -0.727712, 0.269664, 0.630648
Z -0.655983, -0.542159, -0.525119

PART 50
OFFSET 15.965573, -2.083157, -8.015573
SCALE 1.000000, 1.000000, 1.000000
X 0.538925, -0.804313, 0.250281
Y -0.561084, -0.121148, 0.818845
Z -0.628287, -0.581725, -0.516577

PART 51
OFFSET 16.268469, -1.573417, -7.618180
SCALE 1.000000, 1.000000, 1.000000
X 0.811437, -0.581869, 0.054756
Y -0.461127, -0.579851, 0.671665
Z -0.359071, -0.570264, -0.738828

PART 52
OFFSET 15.716547, -0.730036, -6.449666
SCALE 1.000000, 1.000000, 1.000000
X 0.940895, 0.067485, 0.331907
Y -0.113273, 0.986220, 0.120583
Z -0.319196, -0.151052, 0.935573

PART 53
OFFSET 18.306737, -0.948580, -5.689074
SCALE 1.000000, 1.000000, 1.000000
X 0.838899, -0.526977, 0.136176
Y 0.490111, 0.622558, -0.610092
Z 0.236727, 0.578547, 0.780541

PART 54
OFFSET 17.545327, -3.023270, -6.556575
SCALE 1.000000, 1.000000, 1.000000
X -0.428648, -0.572113, -0.699248
Y 0.213386, 0.687951, -0.693678
Z 0.877911, -0.446553, -0.172808

PART 55
OFFSET 7.795960, -3.966256, -6.886873
SCALE 1.000000, 1.000000, 1.000000
X -0.990569, -0.031146, -0.133426
Y 0.017043, -0.994266, 0.105566
Z -0.135949, 0.102296, 0.985420

PART 56
OFFSET 7.958541, -3.998385, -7.979115
SCALE 1.000000, 1.000000, 1.000000
X -0.241690, -0.944247, 0.223572
Y 0.959225, -0.267285, -0.091908
Z 0.146541, 0.192242, 0.970345

PART 57
OFFSET 5.286870, -4.208107, -9.457833
SCALE 1.000000, 1.000000, 1.000000
X -0.931228, -0.071111, 0.357433
Y 0.168012, -0.954104, 0.247906
Z 0.323399, 0.290910, 0.900435

PART 58
OFFSET 5.338753, -4.193003, -8.746026
SCALE 1.000000, 1.000000, 1.000000
X -0.992431, -0.102037, 0.068328
Y 0.116254, -0.959909, 0.255068
Z 0.039562, 0.261081, 0.964506

PART 59
OFFSET 4.350747, -3.711952, -7.662667
SCALE 1.000000, 1.000000, 1.000000
X -0.502251, -0.687231, -0.524840
Y 0.553260, 0.211070, -0.805825
Z 0.664565, -0.695099, 0.274207

PART 60
OFFSET 6.695711, -3.035182, -6.484018
SCALE 1.000000, 1.000000, 1.000000
X -0.922850, -0.384646, 0.019896
Y -0.371945, 0.876583, -0.305382
Z 0.100024, -0.289222, -0.952022

PART 61
OFFSET 20.121249, -2.576782, -6.661257
SCALE 1.000000, 1.000000, 1.000000
X -0.293644, -0.647407, 0.703305
Y -0.737534, 0.621498, 0.264166
Z -0.608126, -0.441140, -0.659984

PART 62
OFFSET 19.370816, -3.484090, -6.388295
SCALE 1.000000, 1.000000, 1.000000
X -0.560068, -0.120826, 0.819588
Y 0.807982, -0.298199, 0.508176
Z 0.182999, 0.946825, 0.264637

PART 63
OFFSET 17.199129, -3.820454, -7.277598
SCALE 1.000000, 1.000000, 1.000000
X -0.252234, -0.004036, 0.967658
Y -0.481248, 0.868078, -0.121823
Z -0.839511, -0.496411, -0.220901

PART 64
OFFSET 18.331281, -3.155510, -7.600677
SCALE 1.000000, 1.000000, 1.000000
X -0.136105, -0.626260, 0.767642
Y -0.562829, 0.686543, 0.460306
Z -0.815291, -0.369401, -0.445919

PART 65
OFFSET 17.717873, -0.494410, -5.669344
SCALE 1.000000, 1.000000, 1.000000
X 0.978759, -0.169400, 0.115473
Y 0.110834, 0.911060, 0.397096
Z -0.172471, -0.375863, 0.910484

PART 66
OFFSET 9.539969, -3.911419, -6.651962
SCALE 1.000000, 1.000000, 1.000000
X -0.348966, -0.931642, 0.101325
Y 0.927776, -0.328212, 0.177509
Z -0.132118, 0.155951, 0.978889

PART 67
OFFSET 8.430693, -2.153753, -8.415873
SCALE 1.000000, 1.000000, 1.000000
X 0.837248, -0.546357, -0.022594
Y 0.518927, 0.806885, -0.282225
Z 0.172426, 0.224568, 0.959082

PART 68
OFFSET 7.405638, -3.888989, -10.160147
SCALE 1.000000, 1.000000, 1.000000
X -0.279552, -0.946829, 0.159266
Y 0.862805, -0.320505, -0.390952
Z 0.421210, 0.028124, 0.906527

PART 69
OFFSET 7.911198, -3.988128, -9.061067
SCALE 1.000000, 1.000000, 1.000000
X -0.265335, -0.942847, 0.201585
Y 0.896259, -0.318270, -0.308908
Z 0.355411, 0.098709, 0.929483

PART 70
OFFSET 5.342384, -2.211345, -6.464933
SCALE 1.000000, 1.000000, 1.000000
X -0.889994, -0.362119, 0.277092
Y -0.077168, -0.479312, -0.874246
Z 0.449394, -0.799456, 0.398641

PART 71
OFFSET 19.801210, -3.337038, -5.766146
SCALE 1.000000, 1.000000, 1.000000
X -0.706235, 0.057799, 0.705614
Y -0.298530, 0.879413, -0.370828
Z -0.641959, -0.472538, -0.603818

PART 72
OFFSET 18.552777, -3.660570, -5.191199
SCALE 1.000000, 1.000000, 1.000000
X -0.728261, 0.457810, 0.509947
Y 0.026837, 0.762604, -0.646308
Z -0.684774, -0.456995, -0.567661

PART 73
OFFSET 16.842019, -3.826169, -5.907596
SCALE 1.000000, 1.000000, 1.000000
X -0.395631, 0.367273, 0.841776
Y -0.373225, 0.773168, -0.512752
Z -0.839154, -0.517033, -0.168813

PART 74
OFFSET 18.099559, -4.221731, -6.293748
SCALE 1.000000, 1.000000, 1.000000
X -0.554005, 0.300248, 0.776486
Y -0.175260, 0.869736, -0.461349
Z -0.813857, -0.391676, -0.429216

PART 75
OFFSET 19.272033, -0.864327, -5.404646
SCALE 1.000000, 1.000000, 1.000000
X 0.942142, 0.079324, 0.325692
Y -0.167654, 0.952854, 0.252905
Z -0.290276, -0.292876, 0.911023

PART 76
OFFSET 9.956179, -2.769375, -6.715719
SCALE 1.000000, 1.000000, 1.000000
X 0.067328, -0.993312, 0.093794
Y 0.988231, 0.079333, 0.130787
Z -0.137353, 0.083884, 0.986964

PART 77
OFFSET 7.207765, -1.355715, -8.382871
SCALE 1.000000, 1.000000, 1.000000
X 0.871501, 0.400544, -0.282933
Y -0.457306, 0.872131, -0.173948
Z 0.177081, 0.280983, 0.943234

PART 78
OFFSET 7.801418, -2.548502, -10.385630
SCALE 1.000000, 1.000000, 1.000000
X 0.611367, -0.745718, -0.264831
Y 0.691176, 0.666158, -0.280194
Z 0.385365, -0.011743, 0.922689

PART 79
OFFSET 8.362928, -2.382940, -9.404265
SCALE 1.000000, 1.000000, 1.000000
X 0.806435, -0.536081, -0.249558
Y 0.483296, 0.840710, -0.244197
Z 0.340715, 0.076319, 0.937064

PART 80
OFFSET 6.724196, -1.565811, -7.009073
SCALE 1.000000, 1.000000, 1.000000
X -0.509992, -0.028181, 0.859717
Y -0.657237, -0.632020, -0.410596
Z 0.554930, -0.774439, 0.303804

PART 81
OFFSET 19.003512, -3.271753, -4.969149
SCALE 1.000000, 1.000000, 1.000000
X 0.319047, -0.945535, -0.064602
Y 0.663955, 0.271635, -0.696691
Z 0.676294, 0.179384, 0.714456

PART 82
OFFSET 17.723099, -3.145853, -4.617195
SCALE 1.000000, 1.000000, 1.000000
X 0.585063, -0.808897, 0.058190
Y 0.437038, 0.254034, -0.862824
Z 0.683154, 0.530238, 0.502144

PART 83
OFFSET 16.491240, -3.500533, -5.161250
SCALE 1.000000, 1.000000, 1.000000
X -0.439554, 0.460387, 0.771256
Y -0.263832, 0.754601, -0.600808
Z -0.858595, -0.467570, -0.210222

PART 84
OFFSET 17.331759, -3.805616, -5.217610
SCALE 1.000000, 1.000000, 1.000000
X -0.584228, 0.600976, 0.545441
Y 0.045862, 0.695438, -0.717122
Z -0.810293, -0.393948, -0.433856

PART 85
OFFSET 20.274716, -0.775701, -5.006435
SCALE 1.000000, 1.000000, 1.000000
X 0.847385, 0.443043, -0.292664
Y -0.273376, -0.108487, -0.955770
Z -0.455197, 0.889912, 0.029187

PART 86
OFFSET 9.880130, -1.647397, -6.821662
SCALE 1.000000, 1.000000, 1.000000
X -0.952641, 0.275381, 0.128998
Y 0.250334, 0.951000, -0.181470
Z -0.172651, -0.140583, -0.974899

PART 87
OFFSET 6.219175, -1.810744, -8.069233
SCALE 1.000000, 1.000000, 1.000000
X -0.387634, -0.882354, 0.266817
Y -0.895310, 0.429281, 0.118904
Z -0.219455, -0.192793, -0.956384

PART 88
OFFSET 7.259358, -1.887322, -10.150821
SCALE 1.000000, 1.000000, 1.000000
X 0.898717, 0.100383, -0.426886
Y -0.107596, 0.994168, 0.007262
Z 0.425125, 0.039404, 0.904276

PART 89
OFFSET 7.245286, -1.639984, -9.058402
SCALE 1.000000, 1.000000, 1.000000
X 0.878425, 0.333655, -0.342116
Y -0.340345, 0.939351, 0.042243
Z 0.335462, 0.079330, 0.938708

PART 90
OFFSET 7.261478, -1.489165, -7.945673
SCALE 1.000000, 1.000000, 1.000000
X -0.868320, 0.346553, 0.354853
Y 0.069772, 0.793652, -0.604358
Z -0.491072, -0.500017, -0.713324

PART 91
OFFSET 16.073640, -3.063140, -4.428515
SCALE 1.000000, 1.000000, 1.000000
X 0.626222, -0.758026, -0.182328
Y -0.024725, 0.214434, -0.976425
Z 0.779253, 0.615967, 0.115542

PART 92
OFFSET 16.698138, -3.153832, -4.626056
SCALE 1.000000, 1.000000, 1.000000
X 0.413965, -0.908453, -0.057853
Y 0.407590, 0.241809, -0.880567
Z 0.813943, 0.340943, 0.470377

PART 93
OFFSET 6.405528, -1.982692, -9.745257
SCALE 1.000000, 1.000000, 1.000000
X -0.681366, -0.706626, 0.190841
Y -0.606011, 0.690843, 0.394318
Z -0.410476, 0.153023, -0.898940

PART 94
OFFSET 6.292579, -2.001853, -8.687356
SCALE 1.000000, 1.000000, 1.000000
X -0.508723, -0.805932, 0.302779
Y -0.796287, 0.574170, 0.190410
Z -0.327304, -0.144233, -0.933846

FRAME 2
PART 0
OFFSET 0.000000, 0.000000, 0.000000
SCALE 1.000000, 1.000000, 1.000000
X 1.000000, 0.000000, 0.000000
Y 0.000000, 1.000000, 0.000000
Z 0.000000, 0.000000, 1.000000

PART 1
OFFSET 0.000000, 0.000000, 0.000000
SCALE 1.000000, 1.000000, 1.000000
X 1.000000, 0.000000, 0.000000
Y 0.000000, 1.000000, 0.000000
Z 0.000000, 0.000000, 1.000000

PART 2
OFFSET 0.000000, 0.000000, 0.000000
SCALE 1.000000, 1.000000, 1.000000
X 1.000000, 0.000000, 0.000000
Y 0.000000, 1.000000, 0.000000
Z 0.000000, 0.000000, 1.000000

PART 3
OFFSET -4.631938, 0.000000, -1.376737
SCALE 1.000000, 1.000000, 1.000000
X 1.000000, 0.000000, 0.000000
Y 0.000000, 1.000000, 0.000000
Z 0.000000, 0.000000, 1.000000

PART 4
OFFSET 0.000000, 0.000000, 0.000000
SCALE 1.000000, 1.000000, 1.000000
X 1.000000, 0.000000, -0.000000
Y -0.000000, 1.000000, -0.000753
Z 0.000000, 0.000753, 1.000000

PART 5
OFFSET -3.506371, 6.340800, -6.712299
SCALE 1.000000, 1.000000, 1.000000
X 0.768149, -0.113603, -0.630112
Y -0.042483, -0.991008, 0.126879
Z -0.638860, -0.070693, -0.766069

PART 6
OFFSET -12.853742, -4.812700, -5.406515
SCALE 1.000000, 1.000000, 1.000000
X -0.665112, 0.567169, 0.485742
Y -0.155421, -0.741377, 0.652843
Z 0.730390, 0.358719, 0.581249

PART 7
OFFSET 7.868837, -2.065255, -6.697637
SCALE 1.000000, 1.000000, 1.000000
X 0.993871, 0.061710, -0.091724
Y -0.062977, 0.997955, -0.010979
Z 0.090858, 0.016688, 0.995724

PART 8
OFFSET 10.527864, 0.000000, -8.129457
SCALE 1.000000, 1.000000, 1.000000
X 1.000000, 0.000000, 0.000000
Y 0.000000, 1.000000, 0.000000
Z 0.000000, 0.000000, 1.000000

PART 9
OFFSET 1.540400, 0.003113, 4.135801
SCALE 1.000000, 1.000000, 1.000000
X 1.000000, 0.000000, -0.000000
Y -0.000000, 1.000000, -0.000753
Z 0.000000, 0.000753, 1.000000

PART 10
OFFSET -4.631800, -0.001037, -1.376900
SCALE 1.000000, 1.000000, 1.000000
X 1.000000, 0.000000, -0.000000
Y -0.000000, 1.000000, -0.000753
Z 0.000000, 0.000753, 1.000000

PART 11
OFFSET 5.783732, 4.966874, -14.332956
SCALE 1.000000, 1.000000, 1.000000
X 0.777519, -0.454520, 0.434599
Y -0.514089, -0.061380, 0.855538
Z -0.362184, -0.888619, -0.281388

PART 12
OFFSET -4.809976, -11.672099, -11.280917
SCALE 1.000000, 1.000000, 1.000000
X -0.747004, -0.650508, -0.137200
Y 0.620511, -0.608130, -0.495120
Z 0.238644, -0.454991, 0.857923

PART 13
OFFSET 7.868837, -2.065255, -6.697637
SCALE 1.000000, 1.000000, 1.000000
X 0.993871, 0.061710, -0.091724
Y -0.062977, 0.997955, -0.010979
Z 0.090858, 0.016688, 0.995724

PART 14
OFFSET 14.527818, 2.096929, -10.194109
SCALE 1.000000, 1.000000, 1.000000
X 0.781572, -0.451746, 0.430198
Y 0.367354, 0.890669, 0.267881
Z -0.504178, -0.051333, 0.862073

PART 15
OFFSET 13.566360, 0.067944, -11.475578
SCALE 1.000000, 1.000000, 1.000000
X 0.781572, -0.451746, 0.430198
Y 0.367354, 0.890669, 0.267881
Z -0.504178, -0.051333, 0.862073

PART 16
OFFSET 13.659480, 1.389786, -8.174617
SCALE 1.000000, 1.000000, 1.000000
X 0.781572, -0.451746, 0.430198
Y 0.367354, 0.890669, 0.267881
Z -0.504178, -0.051333, 0.862073

PART 17
OFFSET 13.021427, 0.036079, -8.680638
SCALE 1.000000, 1.000000, 1.000000
X 0.781572, -0.451746, 0.430198
Y 0.367354, 0.890669, 0.267881
Z -0.504178, -0.051333, 0.862073

PART 18
OFFSET 12.563337, -0.803601, -9.615795
SCALE 1.000000, 1.000000, 1.000000
X 0.781572, -0.451746, 0.430198
Y 0.367354, 0.890669, 0.267881
Z -0.504178, -0.051333, 0.862073

PART 19
OFFSET 14.780451, -0.292660, -9.304204
SCALE 1.000000, 1.000000, 1.000000
