// Export filename: 'K:\Juegos\Steam\steamapps\common\Call of Duty Black Ops\xanim_export\ricos\guns\ak12\ak12_sprint_loop.xanim_export'
// Source filename: 'K:\01 Ricko0z\Working Gun\AK12\01 Escenas\ak12_handed.mb'
// Export time: Thu Jun 02 2016, 18:39:55

ANIMATION
VERSION 3

NUMPARTS 95
PART 0 "tag_view"
PART 1 "tag_ads"
PART 2 "tag_cambone"
PART 3 "tag_torso"
PART 4 "tag_camera"
PART 5 "j_shoulder_le"
PART 6 "j_shoulder_ri"
PART 7 "tag_weapon"
PART 8 "tag_weapon1"
PART 9 "tag_gasmask"
PART 10 "tag_gasmask2"
PART 11 "j_elbow_le"
PART 12 "j_elbow_ri"
PART 13 "j_gun"
PART 14 "j_sleave_reshape_bottom_le_1"
PART 15 "j_sleave_reshape_bottom_le_2"
PART 16 "j_sleave_reshape_top_le_1"
PART 17 "j_sleave_reshape_top_le_2"
PART 18 "j_sleave_reshape_top_le_3"
PART 19 "j_wrist_le"
PART 20 "j_wristtwist_le"
PART 21 "j_sleave_reshape_top_ri_1"
PART 22 "j_sleave_reshape_top_ri_2"
PART 23 "j_sleave_reshape_top_ri_3"
PART 24 "j_wrist_ri"
PART 25 "j_wristtwist_ri"
PART 26 "j_bullet"
PART 27 "j_bullet1"
PART 28 "j_clip"
PART 29 "j_mag"
PART 30 "j_mag1"
PART 31 "j_magrelease"
PART 32 "j_reload"
PART 33 "tag_acog_2"
PART 34 "tag_brass"
PART 35 "tag_clip"
PART 36 "tag_eclan"
PART 37 "tag_eotech"
PART 38 "tag_flash"
PART 39 "tag_folding_grip"
PART 40 "tag_grenade_launcher"
PART 41 "tag_maul"
PART 42 "tag_red_dot"
PART 43 "tag_sight_on"
PART 44 "tag_silencer"
PART 45 "tag_target_finder"
PART 46 "tag_thermal_scope"
PART 47 "tag_variable_zoom_reflex"
PART 48 "j_index_le_0"
PART 49 "j_mid_le_0"
PART 50 "j_pinkypalm_le"
PART 51 "j_ringpalm_le"
PART 52 "j_thumb_le_0"
PART 53 "j_webbing_le"
PART 54 "tag_knife_attach"
PART 55 "j_index_ri_0"
PART 56 "j_mid_ri_0"
PART 57 "j_pinkypalm_ri"
PART 58 "j_ringpalm_ri"
PART 59 "j_thumb_ri_0"
PART 60 "j_webbing_ri"
PART 61 "j_index_le_1"
PART 62 "j_mid_le_1"
PART 63 "j_pinky_le_0"
PART 64 "j_ring_le_0"
PART 65 "j_thumb_le_1"
PART 66 "j_index_ri_1"
PART 67 "j_mid_ri_1"
PART 68 "j_pinky_ri_0"
PART 69 "j_ring_ri_0"
PART 70 "j_thumb_ri_1"
PART 71 "j_index_le_2"
PART 72 "j_mid_le_2"
PART 73 "j_pinky_le_1"
PART 74 "j_ring_le_1"
PART 75 "j_thumb_le_2"
PART 76 "j_index_ri_2"
PART 77 "j_mid_ri_2"
PART 78 "j_pinky_ri_1"
PART 79 "j_ring_ri_1"
PART 80 "j_thumb_ri_2"
PART 81 "j_index_le_3"
PART 82 "j_mid_le_3"
PART 83 "j_pinky_le_2"
PART 84 "j_ring_le_2"
PART 85 "j_thumb_le_3"
PART 86 "j_index_ri_3"
PART 87 "j_mid_ri_3"
PART 88 "j_pinky_ri_2"
PART 89 "j_ring_ri_2"
PART 90 "j_thumb_ri_3"
PART 91 "j_pinky_le_3"
PART 92 "j_ring_le_3"
PART 93 "j_pinky_ri_3"
PART 94 "j_ring_ri_3"

FRAMERATE 30
NUMFRAMES 15

FRAME 0
PART 0
OFFSET 0.000000, 0.000000, 0.000000
SCALE 1.000000, 1.000000, 1.000000
X 1.000000, 0.000000, 0.000000
Y 0.000000, 1.000000, 0.000000
Z 0.000000, 0.000000, 1.000000

PART 1
OFFSET 0.000000, 0.000000, 0.000000
SCALE 1.000000, 1.000000, 1.000000
X 1.000000, 0.000000, 0.000000
Y 0.000000, 1.000000, 0.000000
Z 0.000000, 0.000000, 1.000000

PART 2
OFFSET 0.000000, 0.000000, 0.000000
SCALE 1.000000, 1.000000, 1.000000
X 1.000000, 0.000000, 0.000000
Y 0.000000, 1.000000, 0.000000
Z 0.000000, 0.000000, 1.000000

PART 3
OFFSET -4.631938, 0.000000, -1.376787
SCALE 1.000000, 1.000000, 1.000000
X 1.000000, 0.000000, 0.000000
Y 0.000000, 1.000000, 0.000000
Z 0.000000, 0.000000, 1.000000

PART 4
OFFSET 0.000000, 0.000000, 0.000000
SCALE 1.000000, 1.000000, 1.000000
X 1.000000, 0.000000, -0.000000
Y -0.000000, 1.000000, -0.000610
Z 0.000000, 0.000610, 1.000000

PART 5
OFFSET -3.506371, 6.340800, -6.712299
SCALE 1.000000, 1.000000, 1.000000
X 0.463682, 0.029213, -0.885520
Y 0.353406, -0.922604, 0.154616
Z -0.812467, -0.384641, -0.438119

PART 6
OFFSET -12.853742, -4.812700, -5.406565
SCALE 1.000000, 1.000000, 1.000000
X -0.752481, 0.522238, 0.401298
Y -0.258529, -0.794615, 0.549318
Z 0.605752, 0.309604, 0.732946

PART 7
OFFSET 6.707996, 0.522600, -5.817321
SCALE 1.000000, 1.000000, 1.000000
X 0.718200, 0.626901, -0.301967
Y -0.695708, 0.638581, -0.328945
Z -0.013386, 0.446329, 0.894769

PART 8
OFFSET 10.527864, 0.000000, -8.129507
SCALE 1.000000, 1.000000, 1.000000
X 1.000000, 0.000000, 0.000000
Y 0.000000, 1.000000, 0.000000
Z 0.000000, 0.000000, 1.000000

PART 9
OFFSET 1.540400, 0.002524, 4.135750
SCALE 1.000000, 1.000000, 1.000000
X 1.000000, 0.000000, -0.000000
Y -0.000000, 1.000000, -0.000610
Z 0.000000, 0.000610, 1.000000

PART 10
OFFSET -4.631800, -0.000840, -1.376950
SCALE 1.000000, 1.000000, 1.000000
X 1.000000, 0.000000, -0.000000
Y -0.000000, 1.000000, -0.000610
Z 0.000000, 0.000610, 1.000000

PART 11
OFFSET 2.101546, 6.693992, -17.421583
SCALE 1.000000, 1.000000, 1.000000
X 0.767011, -0.142455, 0.625620
Y -0.632118, -0.000464, 0.774872
Z -0.110094, -0.989801, -0.090405

PART 12
OFFSET -3.753242, -11.128454, -10.259941
SCALE 1.000000, 1.000000, 1.000000
X -0.776180, -0.567966, -0.273787
Y 0.624568, -0.633115, -0.457253
Z 0.086365, -0.525909, 0.846145

PART 13
OFFSET 6.707996, 0.522600, -5.817321
SCALE 1.000000, 1.000000, 1.000000
X 0.718200, 0.626901, -0.301967
Y -0.695708, 0.638581, -0.328945
Z -0.013386, 0.446329, 0.894769

PART 14
OFFSET 10.342747, 7.088289, -11.608596
SCALE 1.000000, 1.000000, 1.000000
X 0.771049, -0.139715, 0.621259
Y 0.117005, 0.990107, 0.077450
Z -0.625934, 0.012972, 0.779768

PART 15
OFFSET 10.116479, 4.615575, -12.504808
SCALE 1.000000, 1.000000, 1.000000
X 0.771049, -0.139715, 0.621259
Y 0.117005, 0.990107, 0.077450
Z -0.625934, 0.012972, 0.779768

PART 16
OFFSET 9.375406, 6.654571, -9.685795
SCALE 1.000000, 1.000000, 1.000000
X 0.771049, -0.139715, 0.621259
Y 0.117005, 0.990107, 0.077450
Z -0.625934, 0.012972, 0.779768

PART 17
OFFSET 9.106140, 5.054711, -9.878815
SCALE 1.000000, 1.000000, 1.000000
X 0.771049, -0.139715, 0.621259
Y 0.117005, 0.990107, 0.077450
Z -0.625934, 0.012972, 0.779768

PART 18
OFFSET 8.843616, 3.690526, -10.477390
SCALE 1.000000, 1.000000, 1.000000
X 0.771049, -0.139715, 0.621259
Y 0.117005, 0.990107, 0.077450
Z -0.625934, 0.012972, 0.779768

PART 19
OFFSET 10.976790, 5.045612, -10.182400
SCALE 1.000000, 1.000000, 1.000000
X 0.852533, 0.509747, -0.115526
Y -0.432657, 0.812262, 0.391200
Z 0.293250, -0.283528, 0.913026

PART 20
OFFSET 8.625365, 5.482337, -12.100364
SCALE 1.000000, 1.000000, 1.000000
X 0.767033, -0.142400, 0.625606
Y -0.329577, 0.749140, 0.574602
Z -0.550490, -0.646924, 0.527684

PART 21
OFFSET 3.595625, -4.900978, -5.934955
SCALE 1.000000, 1.000000, 1.000000
X -0.780108, -0.562744, -0.273405
Y -0.093144, 0.536591, -0.838686
Z 0.618673, -0.628800, -0.471015

PART 22
OFFSET 3.302145, -4.044393, -7.241002
SCALE 1.000000, 1.000000, 1.000000
X -0.780108, -0.562744, -0.273405
Y -0.093144, 0.536591, -0.838686
Z 0.618673, -0.628800, -0.471015

PART 23
OFFSET 3.476190, -4.401613, -8.390685
SCALE 1.000000, 1.000000, 1.000000
X -0.780108, -0.562744, -0.273405
Y -0.093144, 0.536591, -0.838686
Z 0.618673, -0.628800, -0.471015

PART 24
OFFSET 5.228055, -4.556570, -7.091998
SCALE 1.000000, 1.000000, 1.000000
X -0.583363, -0.805990, 0.100337
Y 0.340834, -0.355057, -0.870498
Z 0.737238, -0.473618, 0.481836

PART 25
OFFSET 2.848508, -6.297773, -7.931338
SCALE 1.000000, 1.000000, 1.000000
X -0.776145, -0.567995, -0.273826
Y 0.511750, -0.313703, -0.799814
Z 0.368390, -0.760902, 0.534151

PART 26
OFFSET 10.212034, 3.201908, -8.026920
SCALE 1.000000, 1.000000, 1.000000
X 0.718200, 0.626901, -0.301967
Y -0.695708, 0.638581, -0.328945
Z -0.013386, 0.446329, 0.894769

PART 27
OFFSET 7.785211, 1.272567, -6.639715
SCALE 1.000000, 1.000000, 1.000000
X 0.718200, 0.626901, -0.301967
Y -0.695708, 0.638581, -0.328945
Z -0.013386, 0.446329, 0.894769

PART 28
OFFSET 6.318897, 1.207540, -6.238699
SCALE 1.000000, 1.000000, 1.000000
X 0.718200, 0.626901, -0.301967
Y -0.695708, 0.638581, -0.328945
Z -0.013386, 0.446329, 0.894769

PART 29
OFFSET 10.212034, 3.201908, -8.026920
SCALE 1.000000, 1.000000, 1.000000
X 0.718200, 0.626901, -0.301967
Y -0.695708, 0.638581, -0.328945
Z -0.013386, 0.446329, 0.894769

PART 30
OFFSET 7.785211, 1.272567, -6.639715
SCALE 1.000000, 1.000000, 1.000000
X 0.718200, 0.626901, -0.301967
Y -0.695708, 0.638581, -0.328945
Z -0.013386, 0.446329, 0.894769

PART 31
OFFSET 8.834582, 1.494892, -8.427479
SCALE 1.000000, 1.000000, 1.000000
X 0.718200, 0.626901, -0.301967
Y -0.695708, 0.638581, -0.328945
Z -0.013386, 0.446329, 0.894769

PART 32
OFFSET 13.640252, 7.646570, -7.626769
SCALE 1.000000, 1.000000, 1.000000
X 0.718200, 0.626901, -0.301967
Y -0.695708, 0.638581, -0.328945
Z -0.013386, 0.446329, 0.894769

PART 33
OFFSET 6.686602, 1.418144, -4.033554
SCALE 1.000000, 1.000000, 1.000000
X 0.718200, 0.626901, -0.301967
Y -0.695708, 0.638581, -0.328945
Z -0.013386, 0.446329, 0.894769

PART 34
OFFSET 13.097555, 6.754193, -7.233658
SCALE 1.000000, 1.000000, 1.000000
X 0.574108, -0.288667, 0.766206
Y 0.718207, 0.626896, -0.301961
Z -0.393166, 0.723653, 0.567228

PART 35
OFFSET 10.636476, 3.620347, -8.157921
SCALE 1.000000, 1.000000, 1.000000
X 0.718200, 0.626901, -0.301967
Y -0.695708, 0.638581, -0.328945
Z -0.013386, 0.446329, 0.894769

PART 36
OFFSET 8.165234, 2.725648, -4.622560
SCALE 1.000000, 1.000000, 1.000000
X 0.718200, 0.626901, -0.301967
Y -0.695708, 0.638581, -0.328945
Z -0.013386, 0.446329, 0.894769

PART 37
OFFSET 7.836090, 2.544408, -4.278270
SCALE 1.000000, 1.000000, 1.000000
X 0.718200, 0.626901, -0.301967
Y -0.695708, 0.638581, -0.328945
Z -0.013386, 0.446329, 0.894769

PART 38
OFFSET 25.955628, 17.541950, -13.485831
SCALE 1.000000, 1.000000, 1.000000
X 0.718200, 0.626901, -0.301967
Y -0.695708, 0.638581, -0.328945
Z -0.013386, 0.446329, 0.894769

PART 39
OFFSET 16.046046, 8.416180, -10.243215
SCALE 1.000000, 1.000000, 1.000000
X 0.718200, 0.626901, -0.301967
Y -0.695708, 0.638581, -0.328945
Z -0.013386, 0.446329, 0.894769

PART 40
OFFSET 12.306788, 3.841528, -11.215567
SCALE 1.000000, 1.000000, 1.000000
X 0.718200, 0.626901, -0.301967
Y -0.695708, 0.638581, -0.328945
Z -0.013386, 0.446329, 0.894769

PART 41
OFFSET 17.736354, 9.421840, -11.865880
SCALE 1.000000, 1.000000, 1.000000
X 0.718200, 0.626901, -0.301967
Y -0.695708, 0.638581, -0.328945
Z -0.013386, 0.446329, 0.894769

PART 42
OFFSET 7.427674, 2.038322, -4.396949
SCALE 1.000000, 1.000000, 1.000000
X 0.718200, 0.626901, -0.301967
Y -0.695708, 0.638581, -0.328945
Z -0.013386, 0.446329, 0.894769

PART 43
OFFSET 12.697205, 6.787574, -6.322127
SCALE 1.000000, 1.000000, 1.000000
X 0.718200, 0.626901, -0.301967
Y -0.695708, 0.638581, -0.328945
Z -0.013386, 0.446329, 0.894769

PART 44
OFFSET 25.955628, 17.541950, -13.485831
SCALE 1.000000, 1.000000, 1.000000
X 0.718200, 0.626901, -0.301967
Y -0.695708, 0.638581, -0.328945
Z -0.013386, 0.446329, 0.894769

PART 45
OFFSET 7.251001, 1.844338, -4.399871
SCALE 1.000000, 1.000000, 1.000000
X 0.718200, 0.626901, -0.301967
Y -0.695708, 0.638581, -0.328945
Z -0.013386, 0.446329, 0.894769

PART 46
OFFSET 8.148149, 2.610697, -4.809580
SCALE 1.000000, 1.000000, 1.000000
X 0.718200, 0.626901, -0.301967
Y -0.695708, 0.638581, -0.328945
Z -0.013386, 0.446329, 0.894769

PART 47
OFFSET 7.502961, 2.093509, -4.449045
SCALE 1.000000, 1.000000, 1.000000
X 0.718200, 0.626901, -0.301967
Y -0.695708, 0.638581, -0.328945
Z -0.013386, 0.446329, 0.894769

PART 48
OFFSET 13.863431, 7.749802, -10.676890
SCALE 1.000000, 1.000000, 1.000000
X 0.953495, -0.186140, 0.237063
Y -0.271724, -0.190486, 0.943335
Z -0.130435, -0.963881, -0.232206

PART 49
OFFSET 14.294475, 6.763411, -10.925163
SCALE 1.000000, 1.000000, 1.000000
X 0.672333, -0.145814, 0.725745
Y -0.734759, -0.012277, 0.678217
Z -0.089983, -0.989236, -0.115392

PART 50
OFFSET 12.220733, 4.549904, -10.514504
SCALE 1.000000, 1.000000, 1.000000
X 0.935028, -0.076128, 0.346306
Y -0.351949, -0.080633, 0.932540
Z -0.043069, -0.993832, -0.102187

PART 51
OFFSET 12.079756, 5.241437, -10.407409
SCALE 1.000000, 1.000000, 1.000000
X 0.987531, 0.155941, 0.021571
Y 0.039590, -0.378623, 0.924704
Z 0.152366, -0.912319, -0.380076

PART 52
OFFSET 11.063134, 5.942335, -9.481936
SCALE 1.000000, 1.000000, 1.000000
X 0.628579, 0.777463, 0.020970
Y -0.761321, 0.620592, -0.187765
Z -0.158995, 0.102060, 0.981990

PART 53
OFFSET 13.075108, 7.754727, -9.428067
SCALE 1.000000, 1.000000, 1.000000
X 0.967374, 0.243634, 0.069501
Y -0.049531, 0.450897, -0.891201
Z -0.248464, 0.858682, 0.448253

PART 54
OFFSET 13.968176, 5.557844, -9.315086
SCALE 1.000000, 1.000000, 1.000000
X 0.101780, -0.940322, -0.324707
Y -0.293194, 0.283550, -0.913037
Z 0.950620, 0.188131, -0.246837

PART 55
OFFSET 7.518056, -1.324316, -6.647324
SCALE 1.000000, 1.000000, 1.000000
X -0.696090, -0.700007, 0.159525
Y 0.689422, -0.589702, 0.420653
Z -0.200388, 0.402792, 0.893086

PART 56
OFFSET 7.693376, -1.710441, -7.667437
SCALE 1.000000, 1.000000, 1.000000
X 0.462807, -0.669385, 0.581148
Y 0.884707, 0.389984, -0.255354
Z -0.055708, 0.632325, 0.772697

PART 57
OFFSET 5.937685, -4.159013, -8.206390
SCALE 1.000000, 1.000000, 1.000000
X -0.641168, -0.478489, 0.599960
Y 0.767360, -0.407747, 0.494874
Z 0.007840, 0.777683, 0.628608

PART 58
OFFSET 5.942455, -3.811919, -7.582652
SCALE 1.000000, 1.000000, 1.000000
X -0.655329, -0.660852, 0.365813
Y 0.733439, -0.440936, 0.517342
Z -0.180586, 0.607330, 0.773653

PART 59
OFFSET 4.858874, -3.656912, -6.494922
SCALE 1.000000, 1.000000, 1.000000
X 0.121092, -0.986609, -0.109264
Y 0.284391, 0.139941, -0.948440
Z 0.951030, 0.083774, 0.297529

PART 60
OFFSET 6.066601, -1.238876, -6.293192
SCALE 1.000000, 1.000000, 1.000000
X -0.409766, -0.821378, 0.396774
Y -0.861059, 0.204706, -0.465481
Z 0.301114, -0.532384, -0.791137

PART 61
OFFSET 15.542176, 7.422079, -10.259511
SCALE 1.000000, 1.000000, 1.000000
X 0.206650, -0.303642, 0.930106
Y -0.971030, 0.052928, 0.233022
Z -0.119984, -0.951315, -0.283908

PART 62
OFFSET 15.607905, 6.478558, -9.507391
SCALE 1.000000, 1.000000, 1.000000
X -0.351476, -0.079392, 0.932825
Y 0.776330, 0.532167, 0.337803
Z -0.523237, 0.842909, -0.125410

PART 63
OFFSET 14.284694, 4.513719, -9.607173
SCALE 1.000000, 1.000000, 1.000000
X -0.211948, 0.253330, 0.943876
Y -0.940740, 0.208745, -0.267270
Z -0.264737, -0.944589, 0.194075

PART 64
OFFSET 14.664510, 5.519038, -10.428300
SCALE 1.000000, 1.000000, 1.000000
X 0.304957, -0.163257, 0.938269
Y -0.894542, 0.288960, 0.341023
Z -0.326796, -0.943318, -0.057920

PART 65
OFFSET 12.334693, 7.687678, -9.400777
SCALE 1.000000, 1.000000, 1.000000
X 0.825198, 0.554795, -0.106072
Y -0.555466, 0.831137, 0.025841
Z 0.102497, 0.037595, 0.994023

PART 66
OFFSET 8.743663, -0.091813, -6.928200
SCALE 1.000000, 1.000000, 1.000000
X 0.380047, -0.780916, 0.495716
Y 0.894839, 0.446076, 0.016677
Z -0.234150, 0.437248, 0.868325

PART 67
OFFSET 6.789256, -0.402758, -8.802744
SCALE 1.000000, 1.000000, 1.000000
X 0.984562, 0.161729, -0.066942
Y -0.164950, 0.729350, -0.663958
Z -0.058557, 0.664750, 0.744768

PART 68
OFFSET 7.285326, -2.920620, -9.523537
SCALE 1.000000, 1.000000, 1.000000
X 0.439091, -0.722326, 0.534270
Y 0.860407, 0.166878, -0.481510
Z 0.258649, 0.671116, 0.694768

PART 69
OFFSET 7.686309, -2.196726, -8.635511
SCALE 1.000000, 1.000000, 1.000000
X 0.445367, -0.692649, 0.567349
Y 0.880614, 0.224389, -0.417334
Z 0.161759, 0.685483, 0.709893

PART 70
OFFSET 4.516260, -1.546496, -6.181043
SCALE 1.000000, 1.000000, 1.000000
X -0.409498, -0.675992, 0.612655
Y 0.299608, -0.733942, -0.609561
Z 0.861711, -0.066058, 0.503080

PART 71
OFFSET 15.800688, 7.110717, -9.111538
SCALE 1.000000, 1.000000, 1.000000
X -0.576583, -0.104249, 0.810361
Y -0.807428, 0.224378, -0.545632
Z -0.124946, -0.968910, -0.213546

PART 72
OFFSET 15.094537, 6.362598, -8.144900
SCALE 1.000000, 1.000000, 1.000000
X -0.860134, 0.057814, 0.506781
Y -0.481616, 0.235142, -0.844248
Z -0.167975, -0.970240, -0.174409

PART 73
OFFSET 13.984624, 4.872377, -8.270861
SCALE 1.000000, 1.000000, 1.000000
X -0.566482, 0.350281, 0.745923
Y -0.784587, 0.047583, -0.618190
Z -0.252034, -0.935435, 0.247871

PART 74
OFFSET 15.183696, 5.241095, -8.830907
SCALE 1.000000, 1.000000, 1.000000
X -0.633900, 0.179190, 0.752371
Y -0.708139, 0.256680, -0.657765
Z -0.310984, -0.949740, -0.035818

PART 75
OFFSET 13.711493, 8.537919, -9.462253
SCALE 1.000000, 1.000000, 1.000000
X 0.621632, 0.783231, 0.011087
Y -0.782283, 0.621480, -0.042380
Z -0.040083, 0.017672, 0.999040

PART 76
OFFSET 8.267421, 0.884098, -7.478108
SCALE 1.000000, 1.000000, 1.000000
X 0.725697, -0.562584, 0.396059
Y 0.661584, 0.728624, -0.177240
Z -0.188866, 0.390649, 0.900957

PART 77
OFFSET 5.351183, -0.638982, -8.704967
SCALE 1.000000, 1.000000, 1.000000
X 0.369964, 0.686760, -0.625690
Y -0.924354, 0.204499, -0.322102
Z -0.093254, 0.697525, 0.710467

PART 78
OFFSET 6.663686, -1.897992, -10.279927
SCALE 1.000000, 1.000000, 1.000000
X 0.964132, -0.213274, -0.157999
Y 0.056715, 0.747061, -0.662332
Z 0.259292, 0.629614, 0.732361

PART 79
OFFSET 6.928052, -1.017462, -9.601446
SCALE 1.000000, 1.000000, 1.000000
X 0.962316, 0.051825, -0.266951
Y -0.215242, 0.745106, -0.631259
Z 0.166192, 0.664929, 0.728182

PART 80
OFFSET 5.098669, -0.491610, -7.262807
SCALE 1.000000, 1.000000, 1.000000
X -0.379714, 0.029086, 0.924647
Y -0.033267, -0.999288, 0.017773
Z 0.924506, -0.024012, 0.380411

PART 81
OFFSET 15.149426, 6.992966, -8.196221
SCALE 1.000000, 1.000000, 1.000000
X 0.881374, -0.441275, 0.168689
Y 0.320032, 0.295049, -0.900292
Z 0.347505, 0.847480, 0.401271

PART 82
OFFSET 14.119488, 6.421051, -7.571563
SCALE 1.000000, 1.000000, 1.000000
X 0.978083, -0.131019, 0.161828
Y 0.172024, 0.070583, -0.982561
Z 0.117312, 0.988864, 0.091574

PART 83
OFFSET 13.482377, 5.182939, -7.609521
SCALE 1.000000, 1.000000, 1.000000
X -0.659945, 0.352900, 0.663275
Y -0.689376, 0.066579, -0.721338
Z -0.298721, -0.933289, 0.199343

PART 84
OFFSET 14.305170, 5.489437, -7.788190
SCALE 1.000000, 1.000000, 1.000000
X -0.854353, 0.256426, 0.452026
Y -0.419528, 0.173044, -0.891096
Z -0.306720, -0.950948, -0.040262

PART 85
OFFSET 14.368582, 9.396279, -9.405271
SCALE 1.000000, 1.000000, 1.000000
X 0.323500, 0.694853, -0.642282
Y -0.094277, -0.651735, -0.752564
Z -0.941520, 0.304007, -0.145328

PART 86
OFFSET 7.447702, 1.519570, -7.925480
SCALE 1.000000, 1.000000, 1.000000
X -0.886618, -0.364908, 0.284167
Y -0.462499, 0.697070, -0.547894
Z 0.001847, -0.617199, -0.786805

PART 87
OFFSET 4.932194, -1.421578, -8.001516
SCALE 1.000000, 1.000000, 1.000000
X 0.312754, -0.702587, 0.639184
Y -0.949831, -0.233134, 0.208496
Z 0.002529, -0.672324, -0.740252

PART 88
OFFSET 5.808867, -1.708899, -10.139842
SCALE 1.000000, 1.000000, 1.000000
X 0.599652, 0.447467, -0.663469
Y -0.758948, 0.580922, -0.294154
Z 0.253800, 0.679928, 0.687956

PART 89
OFFSET 5.594396, -1.089285, -9.231483
SCALE 1.000000, 1.000000, 1.000000
X 0.422745, 0.622235, -0.658871
Y -0.891975, 0.414214, -0.181127
Z 0.160210, 0.664267, 0.730125

PART 90
OFFSET 5.467573, -0.504948, -8.280404
SCALE 1.000000, 1.000000, 1.000000
X -0.881024, -0.169039, 0.441841
Y -0.473017, 0.300485, -0.828229
Z 0.007236, -0.938688, -0.344693

PART 91
OFFSET 12.855412, 5.518204, -6.979391
SCALE 1.000000, 1.000000, 1.000000
X 0.980778, -0.176481, -0.083240
Y -0.133336, -0.294689, -0.946245
Z 0.142465, 0.939155, -0.312556

PART 92
OFFSET 13.378603, 5.767537, -7.297957
SCALE 1.000000, 1.000000, 1.000000
X 0.924652, -0.355379, 0.136838
Y 0.159624, 0.035455, -0.986541
Z 0.345745, 0.934049, 0.089511

PART 93
OFFSET 5.239178, -2.134007, -9.509526
SCALE 1.000000, 1.000000, 1.000000
X -0.019297, -0.805195, 0.592696
Y -0.926764, 0.236837, 0.291576
Z -0.375148, -0.543663, -0.750796

PART 94
OFFSET 5.135902, -1.764138, -8.516896
SCALE 1.000000, 1.000000, 1.000000
X 0.170875, -0.714259, 0.678701
Y -0.979149, -0.046295, 0.197797
Z -0.109858, -0.698348, -0.707277

FRAME 1
PART 0
OFFSET 0.000000, 0.000000, 0.000000
SCALE 1.000000, 1.000000, 1.000000
X 1.000000, 0.000000, 0.000000
Y 0.000000, 1.000000, 0.000000
Z 0.000000, 0.000000, 1.000000

PART 1
OFFSET 0.000000, 0.000000, 0.000000
SCALE 1.000000, 1.000000, 1.000000
X 1.000000, 0.000000, 0.000000
Y 0.000000, 1.000000, 0.000000
Z 0.000000, 0.000000, 1.000000

PART 2
OFFSET 0.000000, 0.000000, 0.000000
SCALE 1.000000, 1.000000, 1.000000
X 1.000000, 0.000000, 0.000000
Y 0.000000, 1.000000, 0.000000
Z 0.000000, 0.000000, 1.000000

PART 3
OFFSET -4.631938, 0.000000, -1.376787
SCALE 1.000000, 1.000000, 1.000000
X 1.000000, 0.000000, 0.000000
Y 0.000000, 1.000000, 0.000000
Z 0.000000, 0.000000, 1.000000

PART 4
OFFSET 0.000000, 0.000000, 0.000000
SCALE 1.000000, 1.000000, 1.000000
X 1.000000, 0.000000, -0.000000
Y -0.000000, 1.000000, -0.000610
Z 0.000000, 0.000610, 1.000000

PART 5
OFFSET -3.506371, 6.340800, -6.712299
SCALE 1.000000, 1.000000, 1.000000
X 0.456346, 0.032050, -0.889225
Y 0.348859, -0.925786, 0.145666
Z -0.818563, -0.376688, -0.433660

PART 6
OFFSET -12.853742, -4.812700, -5.406565
SCALE 1.000000, 1.000000, 1.000000
X -0.752004, 0.522232, 0.402198
Y -0.257303, -0.794330, 0.550304
Z 0.606865, 0.310344, 0.731711

PART 7
OFFSET 6.757643, 0.508983, -5.930307
SCALE 1.000000, 1.000000, 1.000000
X 0.716870, 0.621791, -0.315394
Y -0.697202, 0.637650, -0.327585
Z -0.002578, 0.454729, 0.890626

PART 8
OFFSET 10.527864, 0.000000, -8.129507
SCALE 1.000000, 1.000000, 1.000000
X 1.000000, 0.000000, 0.000000
Y 0.000000, 1.000000, 0.000000
Z 0.000000, 0.000000, 1.000000

PART 9
OFFSET 1.540400, 0.002524, 4.135750
SCALE 1.000000, 1.000000, 1.000000
X 1.000000, 0.000000, -0.000000
Y -0.000000, 1.000000, -0.000610
Z 0.000000, 0.000610, 1.000000

PART 10
OFFSET -4.631800, -0.000840, -1.376950
SCALE 1.000000, 1.000000, 1.000000
X 1.000000, 0.000000, -0.000000
Y -0.000000, 1.000000, -0.000610
Z 0.000000, 0.000610, 1.000000

PART 11
OFFSET 2.012827, 6.728292, -17.466394
SCALE 1.000000, 1.000000, 1.000000
X 0.776040, -0.151226, 0.612285
Y -0.619724, -0.002650, 0.784815
Z -0.117062, -0.988496, -0.095775

PART 12
OFFSET -3.759004, -11.128374, -10.270833
SCALE 1.000000, 1.000000, 1.000000
X -0.778511, -0.566383, -0.270425
Y 0.621421, -0.635131, -0.458742
Z 0.088068, -0.525184, 0.846420

PART 13
OFFSET 6.757643, 0.508983, -5.930307
SCALE 1.000000, 1.000000, 1.000000
X 0.716870, 0.621791, -0.315394
Y -0.697202, 0.637650, -0.327585
Z -0.002578, 0.454729, 0.890626

PART 14
OFFSET 10.344312, 7.038594, -11.777622
SCALE 1.000000, 1.000000, 1.000000
X 0.780024, -0.148476, 0.607880
Y 0.123767, 0.988858, 0.082715
Z -0.613388, 0.010716, 0.789709

PART 15
OFFSET 10.093065, 4.570077, -12.692976
SCALE 1.000000, 1.000000, 1.000000
X 0.780024, -0.148476, 0.607880
Y 0.123767, 0.988858, 0.082715
Z -0.613388, 0.010716, 0.789709

PART 16
OFFSET 9.411214, 6.597215, -9.850314
SCALE 1.000000, 1.000000, 1.000000
X 0.780024, -0.148476, 0.607880
Y 0.123767, 0.988858, 0.082715
Z -0.613388, 0.010716, 0.789709

PART 17
OFFSET 9.127037, 4.995573, -10.048130
SCALE 1.000000, 1.000000, 1.000000
X 0.780024, -0.148476, 0.607880
Y 0.123767, 0.988858, 0.082715
Z -0.613388, 0.010716, 0.789709

PART 18
OFFSET 8.834237, 3.616256, -10.640624
SCALE 1.000000, 1.000000, 1.000000
X 0.780024, -0.148476, 0.607880
Y 0.123767, 0.988858, 0.082715
Z -0.613388, 0.010716, 0.789709

PART 19
OFFSET 10.992549, 4.978421, -10.381521
SCALE 1.000000, 1.000000, 1.000000
X 0.852899, 0.505867, -0.129081
Y -0.425936, 0.817207, 0.388267
Z 0.301897, -0.276172, 0.912462

PART 20
OFFSET 8.613444, 5.442036, -12.258601
SCALE 1.000000, 1.000000, 1.000000
X 0.776040, -0.151226, 0.612285
Y -0.304551, 0.760278, 0.573782
Z -0.552277, -0.631750, 0.543950

PART 21
OFFSET 3.620681, -4.915027, -5.978222
SCALE 1.000000, 1.000000, 1.000000
X -0.782425, -0.561152, -0.270036
Y -0.094794, 0.535890, -0.838949
Z 0.615488, -0.630817, -0.472488

PART 22
OFFSET 3.324090, -4.058118, -7.284587
SCALE 1.000000, 1.000000, 1.000000
X -0.782425, -0.561152, -0.270036
Y -0.094794, 0.535890, -0.838949
Z 0.615488, -0.630817, -0.472488

PART 23
OFFSET 3.493421, -4.416893, -8.435399
SCALE 1.000000, 1.000000, 1.000000
X -0.782425, -0.561152, -0.270036
Y -0.094794, 0.535890, -0.838949
Z 0.615488, -0.630817, -0.472488

PART 24
OFFSET 5.249266, -4.574799, -7.141786
SCALE 1.000000, 1.000000, 1.000000
X -0.584579, -0.803278, 0.114066
Y 0.330559, -0.364199, -0.870684
Z 0.740944, -0.471278, 0.478434

PART 25
OFFSET 2.862573, -6.311151, -7.970821
SCALE 1.000000, 1.000000, 1.000000
X -0.778511, -0.566383, -0.270425
Y 0.507848, -0.315284, -0.801678
Z 0.368796, -0.761450, 0.533089

PART 26
OFFSET 10.246266, 3.156480, -8.201776
SCALE 1.000000, 1.000000, 1.000000
X 0.716870, 0.621791, -0.315394
Y -0.697202, 0.637650, -0.327585
Z -0.002578, 0.454729, 0.890626

PART 27
OFFSET 7.791977, 1.215972, -6.755552
SCALE 1.000000, 1.000000, 1.000000
X 0.716870, 0.621791, -0.315394
Y -0.697202, 0.637650, -0.327585
Z -0.002578, 0.454729, 0.890626

PART 28
OFFSET 6.366196, 1.191163, -6.353981
SCALE 1.000000, 1.000000, 1.000000
X 0.716870, 0.621791, -0.315394
Y -0.697202, 0.637650, -0.327585
Z -0.002578, 0.454729, 0.890626

PART 29
OFFSET 10.246266, 3.156480, -8.201776
SCALE 1.000000, 1.000000, 1.000000
X 0.716870, 0.621791, -0.315394
Y -0.697202, 0.637650, -0.327585
Z -0.002578, 0.454729, 0.890626

PART 30
OFFSET 7.791977, 1.215972, -6.755552
SCALE 1.000000, 1.000000, 1.000000
X 0.716870, 0.621791, -0.315394
Y -0.697202, 0.637650, -0.327585
Z -0.002578, 0.454729, 0.890626

PART 31
OFFSET 8.859483, 1.450115, -8.571744
SCALE 1.000000, 1.000000, 1.000000
X 0.716870, 0.621791, -0.315394
Y -0.697202, 0.637650, -0.327585
Z -0.002578, 0.454729, 0.890626

PART 32
OFFSET 13.691997, 7.593925, -7.879549
SCALE 1.000000, 1.000000, 1.000000
X 0.716870, 0.621791, -0.315394
Y -0.697202, 0.637650, -0.327585
Z -0.002578, 0.454729, 0.890626

PART 33
OFFSET 6.757812, 1.421256, -4.154908
SCALE 1.000000, 1.000000, 1.000000
X 0.716870, 0.621791, -0.315394
Y -0.697202, 0.637650, -0.327585
Z -0.002578, 0.454729, 0.890626

PART 34
OFFSET 13.150776, 6.706975, -7.472374
SCALE 1.000000, 1.000000, 1.000000
X 0.581290, -0.283277, 0.762795
Y 0.716877, 0.621786, -0.315388
Z -0.384953, 0.730162, 0.564512

PART 35
OFFSET 10.670568, 3.572342, -8.341168
SCALE 1.000000, 1.000000, 1.000000
X 0.716870, 0.621791, -0.315394
Y -0.697202, 0.637650, -0.327585
Z -0.002578, 0.454729, 0.890626

PART 36
OFFSET 8.234102, 2.718544, -4.771720
SCALE 1.000000, 1.000000, 1.000000
X 0.716870, 0.621791, -0.315394
Y -0.697202, 0.637650, -0.327585
Z -0.002578, 0.454729, 0.890626

PART 37
OFFSET 7.908064, 2.541569, -4.422293
SCALE 1.000000, 1.000000, 1.000000
X 0.716870, 0.621791, -0.315394
Y -0.697202, 0.637650, -0.327585
Z -0.002578, 0.454729, 0.890626

PART 38
OFFSET 25.974785, 17.395339, -13.960752
SCALE 1.000000, 1.000000, 1.000000
X 0.716870, 0.621791, -0.315394
Y -0.697202, 0.637650, -0.327585
Z -0.002578, 0.454729, 0.890626

PART 39
OFFSET 16.072346, 8.331452, -10.528309
SCALE 1.000000, 1.000000, 1.000000
X 0.716870, 0.621791, -0.315394
Y -0.697202, 0.637650, -0.327585
Z -0.002578, 0.454729, 0.890626

PART 40
OFFSET 12.309153, 3.759639, -11.418183
SCALE 1.000000, 1.000000, 1.000000
X 0.716870, 0.621791, -0.315394
Y -0.697202, 0.637650, -0.327585
Z -0.002578, 0.454729, 0.890626

PART 41
OFFSET 17.748465, 9.316565, -12.178069
SCALE 1.000000, 1.000000, 1.000000
X 0.716870, 0.621791, -0.315394
Y -0.697202, 0.637650, -0.327585
Z -0.002578, 0.454729, 0.890626

PART 42
OFFSET 7.496883, 2.035677, -4.531902
SCALE 1.000000, 1.000000, 1.000000
X 0.716870, 0.621791, -0.315394
Y -0.697202, 0.637650, -0.327585
Z -0.002578, 0.454729, 0.890626

PART 43
OFFSET 12.760180, 6.750147, -6.557030
SCALE 1.000000, 1.000000, 1.000000
X 0.716870, 0.621791, -0.315394
Y -0.697202, 0.637650, -0.327585
Z -0.002578, 0.454729, 0.890626

PART 44
OFFSET 25.974785, 17.395339, -13.960752
SCALE 1.000000, 1.000000, 1.000000
X 0.716870, 0.621791, -0.315394
Y -0.697202, 0.637650, -0.327585
Z -0.002578, 0.454729, 0.890626

PART 45
OFFSET 7.319601, 1.842229, -4.531140
SCALE 1.000000, 1.000000, 1.000000
X 0.716870, 0.621791, -0.315394
Y -0.697202, 0.637650, -0.327585
Z -0.002578, 0.454729, 0.890626

PART 46
OFFSET 8.214694, 2.601901, -4.957461
SCALE 1.000000, 1.000000, 1.000000
X 0.716870, 0.621791, -0.315394
Y -0.697202, 0.637650, -0.327585
Z -0.002578, 0.454729, 0.890626

PART 47
OFFSET 7.571783, 2.090137, -4.585304
SCALE 1.000000, 1.000000, 1.000000
X 0.716870, 0.621791, -0.315394
Y -0.697202, 0.637650, -0.327585
Z -0.002578, 0.454729, 0.890626

PART 48
OFFSET 13.882472, 7.668489, -10.930835
SCALE 1.000000, 1.000000, 1.000000
X 0.955328, -0.187111, 0.228774
Y -0.262427, -0.181000, 0.947824
Z -0.135941, -0.965520, -0.222017

PART 49
OFFSET 14.307737, 6.678467, -11.174580
SCALE 1.000000, 1.000000, 1.000000
X 0.679435, -0.141415, 0.719979
Y -0.727645, -0.003688, 0.685944
Z -0.094347, -0.989944, -0.105406

PART 50
OFFSET 12.231354, 4.475622, -10.722069
SCALE 1.000000, 1.000000, 1.000000
X 0.938358, -0.076050, 0.337194
Y -0.342411, -0.070986, 0.936865
Z -0.047312, -0.994574, -0.092650

PART 51
OFFSET 12.093716, 5.168561, -10.619825
SCALE 1.000000, 1.000000, 1.000000
X 0.988196, 0.152881, 0.009822
Y 0.048071, -0.370322, 0.927659
Z 0.145459, -0.916236, -0.373300

PART 52
OFFSET 11.089096, 5.881193, -9.690217
SCALE 1.000000, 1.000000, 1.000000
X 0.631244, 0.775550, 0.007297
Y -0.761261, 0.621359, -0.185457
Z -0.148365, 0.111514, 0.982625

PART 53
OFFSET 13.107303, 7.687371, -9.673937
SCALE 1.000000, 1.000000, 1.000000
X 0.968823, 0.241072, 0.057157
Y -0.057429, 0.442929, -0.894715
Z -0.241008, 0.863538, 0.442964

PART 54
OFFSET 13.994484, 5.488680, -9.550237
SCALE 1.000000, 1.000000, 1.000000
X 0.095366, -0.943568, -0.317151
Y -0.301842, 0.276193, -0.912474
Z 0.948576, 0.182749, -0.258468

PART 55
OFFSET 7.553135, -1.345347, -6.751733
SCALE 1.000000, 1.000000, 1.000000
X -0.696368, -0.696411, 0.173446
Y 0.692148, -0.587787, 0.418853
Z -0.189745, 0.411726, 0.891335

PART 56
OFFSET 7.716513, -1.741521, -7.769974
SCALE 1.000000, 1.000000, 1.000000
X 0.467020, -0.665291, 0.582478
Y 0.883065, 0.384946, -0.268351
Z -0.045691, 0.639691, 0.767273

PART 57
OFFSET 5.948174, -4.189798, -8.267307
SCALE 1.000000, 1.000000, 1.000000
X -0.636140, -0.470946, 0.611176
Y 0.771392, -0.405378, 0.490534
Z 0.016742, 0.783504, 0.621161

PART 58
OFFSET 5.960558, -3.836899, -7.646941
SCALE 1.000000, 1.000000, 1.000000
X -0.653308, -0.655449, 0.378915
Y 0.737616, -0.438254, 0.513669
Z -0.170623, 0.615077, 0.769784

PART 59
OFFSET 4.889027, -3.668500, -6.549310
SCALE 1.000000, 1.000000, 1.000000
X 0.117090, -0.987944, -0.101271
Y 0.274715, 0.130214, -0.952668
Z 0.954370, 0.083727, 0.286650

PART 60
OFFSET 6.105769, -1.252282, -6.383081
SCALE 1.000000, 1.000000, 1.000000
X -0.407892, -0.816408, 0.408781
Y -0.865356, 0.202901, -0.458246
Z 0.291174, -0.540657, -0.789245

PART 61
OFFSET 15.564444, 7.339057, -10.528051
SCALE 1.000000, 1.000000, 1.000000
X 0.215418, -0.295845, 0.930629
Y -0.968360, 0.058240, 0.242666
Z -0.125992, -0.953459, -0.273938

PART 62
OFFSET 15.635040, 6.402207, -9.768072
SCALE 1.000000, 1.000000, 1.000000
X -0.341930, -0.069743, 0.937134
Y 0.781524, 0.532662, 0.324795
Z -0.521828, 0.843449, -0.127627

PART 63
OFFSET 14.304586, 4.440905, -9.836068
SCALE 1.000000, 1.000000, 1.000000
X -0.201232, 0.262604, 0.943687
Y -0.942819, 0.209398, -0.259317
Z -0.265704, -0.941908, 0.205451

PART 64
OFFSET 14.678983, 5.437456, -10.670268
SCALE 1.000000, 1.000000, 1.000000
X 0.314252, -0.155715, 0.936482
Y -0.889991, 0.294992, 0.347702
Z -0.330397, -0.942726, -0.045883

PART 65
OFFSET 12.367004, 7.623008, -9.638297
SCALE 1.000000, 1.000000, 1.000000
X 0.825809, 0.551089, -0.119755
Y -0.552507, 0.833161, 0.024054
Z 0.113031, 0.046301, 0.992512

PART 66
OFFSET 8.779230, -0.119176, -7.057119
SCALE 1.000000, 1.000000, 1.000000
X 0.383039, -0.777370, 0.498976
Y 0.896244, 0.443551, 0.003019
Z -0.223668, 0.446048, 0.866610

PART 67
OFFSET 6.804162, -0.441836, -8.907878
SCALE 1.000000, 1.000000, 1.000000
X 0.984257, 0.158167, -0.078871
Y -0.169887, 0.723592, -0.668993
Z -0.048742, 0.671861, 0.739072

PART 68
OFFSET 7.285320, -2.967797, -9.610208
SCALE 1.000000, 1.000000, 1.000000
X 0.442656, -0.718597, 0.536353
Y 0.855726, 0.159806, -0.492132
Z 0.267932, 0.676816, 0.685661

PART 69
OFFSET 7.697779, -2.236821, -8.733310
SCALE 1.000000, 1.000000, 1.000000
X 0.449369, -0.688631, 0.569083
Y 0.876779, 0.217855, -0.428717
Z 0.171250, 0.691611, 0.701674

PART 70
OFFSET 4.555828, -1.554229, -6.251651
SCALE 1.000000, 1.000000, 1.000000
X -0.404917, -0.669009, 0.623273
Y 0.291014, -0.740501, -0.605779
Z 0.866806, -0.063909, 0.494532

PART 71
OFFSET 15.833980, 7.037305, -9.380047
SCALE 1.000000, 1.000000, 1.000000
X -0.568387, -0.094973, 0.817261
Y -0.812383, 0.222059, -0.539188
Z -0.130272, -0.970397, -0.203370

PART 72
OFFSET 15.135614, 6.300339, -8.399288
SCALE 1.000000, 1.000000, 1.000000
X -0.854585, 0.065252, 0.515195
Y -0.489686, 0.229033, -0.841280
Z -0.172892, -0.971229, -0.163775

PART 73
OFFSET 14.019688, 4.812693, -8.500024
SCALE 1.000000, 1.000000, 1.000000
X -0.557510, 0.358916, 0.748573
Y -0.790868, 0.044537, -0.610364
Z -0.252409, -0.932307, 0.259025

PART 74
OFFSET 15.213995, 5.172353, -9.075917
SCALE 1.000000, 1.000000, 1.000000
X -0.625403, 0.188113, 0.757288
Y -0.714171, 0.253012, -0.652644
Z -0.314374, -0.948998, -0.023889

PART 75
OFFSET 13.745793, 8.468121, -9.721925
SCALE 1.000000, 1.000000, 1.000000
X 0.624213, 0.781250, -0.002565
Y -0.780695, 0.623639, -0.039875
Z -0.029552, 0.026893, 0.999201

PART 76
OFFSET 8.299987, 0.852958, -7.611095
SCALE 1.000000, 1.000000, 1.000000
X 0.728238, -0.561008, 0.393623
Y 0.661757, 0.724964, -0.191063
Z -0.178175, 0.399622, 0.899197

PART 77
OFFSET 5.366534, -0.672859, -8.792677
SCALE 1.000000, 1.000000, 1.000000
X 0.365278, 0.679772, -0.635989
Y -0.927127, 0.204223, -0.314210
Z -0.083707, 0.704417, 0.704833

PART 78
OFFSET 6.658633, -1.950448, -10.369546
SCALE 1.000000, 1.000000, 1.000000
X 0.961785, -0.217608, -0.166182
Y 0.051832, 0.740659, -0.669879
Z 0.268855, 0.635666, 0.723634

PART 79
OFFSET 6.932710, -1.064398, -9.702197
SCALE 1.000000, 1.000000, 1.000000
X 0.959575, 0.046463, -0.277593
Y -0.219784, 0.739803, -0.635914
Z 0.175817, 0.671217, 0.720108

PART 80
OFFSET 5.129757, -0.511248, -7.349373
SCALE 1.000000, 1.000000, 1.000000
X -0.369798, 0.038866, 0.928299
Y -0.035948, -0.998975, 0.027505
Z 0.928416, -0.023199, 0.370817

PART 81
OFFSET 15.191976, 6.930030, -8.456934
SCALE 1.000000, 1.000000, 1.000000
X 0.881680, -0.442619, 0.163491
Y 0.311518, 0.285791, -0.906245
Z 0.354397, 0.849948, 0.389860

PART 82
OFFSET 14.166821, 6.367214, -7.816348
SCALE 1.000000, 1.000000, 1.000000
X 0.979302, -0.132758, 0.152786
Y 0.161940, 0.061073, -0.984909
Z 0.121423, 0.989265, 0.081307

PART 83
OFFSET 13.525395, 5.130911, -7.836334
SCALE 1.000000, 1.000000, 1.000000
X -0.651825, 0.361090, 0.666887
Y -0.696683, 0.062280, -0.714671
Z -0.299594, -0.930449, 0.210970

PART 84
OFFSET 14.347244, 5.433061, -8.026385
SCALE 1.000000, 1.000000, 1.000000
X -0.848744, 0.263338, 0.458570
Y -0.428291, 0.166307, -0.888205
Z -0.310162, -0.950260, -0.028367

PART 85
OFFSET 14.406182, 9.324798, -9.679656
SCALE 1.000000, 1.000000, 1.000000
X 0.318968, 0.687912, -0.651948
Y -0.104242, -0.658242, -0.745554
Z -0.942016, 0.305768, -0.138249

PART 86
OFFSET 7.477398, 1.486650, -8.055716
SCALE 1.000000, 1.000000, 1.000000
X -0.884599, -0.359595, 0.296945
Y -0.466280, 0.693285, -0.549490
Z -0.008274, -0.624538, -0.780951

PART 87
OFFSET 4.952784, -1.447589, -8.077515
SCALE 1.000000, 1.000000, 1.000000
X 0.317497, -0.697502, 0.642407
Y -0.948231, -0.228348, 0.220713
Z -0.007256, -0.679226, -0.733893

PART 88
OFFSET 5.805894, -1.757512, -10.222206
SCALE 1.000000, 1.000000, 1.000000
X 0.593864, 0.439454, -0.673948
Y -0.760354, 0.580398, -0.291548
Z 0.263036, 0.685579, 0.678818

PART 89
OFFSET 5.602853, -1.128791, -9.317485
SCALE 1.000000, 1.000000, 1.000000
X 0.417518, 0.614783, -0.669120
Y -0.892652, 0.415151, -0.175560
Z 0.169854, 0.670591, 0.722120

PART 90
OFFSET 5.487806, -0.535204, -8.370646
SCALE 1.000000, 1.000000, 1.000000
X -0.876769, -0.162277, 0.452706
Y -0.480911, 0.294127, -0.825962
Z 0.000882, -0.941889, -0.335922

PART 91
OFFSET 12.906143, 5.473956, -7.202774
SCALE 1.000000, 1.000000, 1.000000
X 0.979283, -0.180457, -0.091872
Y -0.144188, -0.302846, -0.942069
Z 0.142180, 0.935799, -0.322592

PART 92
OFFSET 13.426761, 5.718658, -7.529055
SCALE 1.000000, 1.000000, 1.000000
X 0.924895, -0.357160, 0.130405
Y 0.149386, 0.025952, -0.988438
Z 0.349646, 0.933683, 0.077357

PART 93
OFFSET 5.241705, -2.175007, -9.581934
SCALE 1.000000, 1.000000, 1.000000
X -0.015323, -0.799553, 0.600401
Y -0.922934, 0.242310, 0.299129
Z -0.384652, -0.549547, -0.741647

PART 94
OFFSET 5.150028, -1.795561, -8.591783
SCALE 1.000000, 1.000000, 1.000000
X 0.176012, -0.708382, 0.683531
Y -0.977125, -0.041531, 0.208572
Z -0.119361, -0.704606, -0.699487

FRAME 2
PART 0
OFFSET 0.000000, 0.000000, 0.000000
SCALE 1.000000, 1.000000, 1.000000
X 1.000000, 0.000000, 0.000000
Y 0.000000, 1.000000, 0.000000
Z 0.000000, 0.000000, 1.000000

PART 1
OFFSET 0.000000, 0.000000, 0.000000
SCALE 1.000000, 1.000000, 1.000000
X 1.000000, 0.000000, 0.000000
Y 0.000000, 1.000000, 0.000000
Z 0.000000, 0.000000, 1.000000

PART 2
OFFSET 0.000000, 0.000000, 0.000000
SCALE 1.000000, 1.000000, 1.000000
X 1.000000, 0.000000, 0.000000
Y 0.000000, 1.000000, 0.000000
Z 0.000000, 0.000000, 1.000000

PART 3
OFFSET -4.631938, 0.000000, -1.376787
SCALE 1.000000, 1.000000, 1.000000
X 1.000000, 0.000000, 0.000000
Y 0.000000, 1.000000, 0.000000
Z 0.000000, 0.000000, 1.000000

PART 4
OFFSET 0.000000, 0.000000, 0.000000
SCALE 1.000000, 1.000000, 1.000000
X 1.000000, 0.000000, -0.000000
Y -0.000000, 1.000000, -0.000610
Z 0.000000, 0.000610, 1.000000

PART 5
OFFSET -3.506371, 6.340800, -6.712299
SCALE 1.000000, 1.000000, 1.000000
X 0.453308, 0.036598, -0.890603
Y 0.332975, -0.933776, 0.131109
Z -0.826825, -0.355981, -0.435474

PART 6
OFFSET -12.853742, -4.812700, -5.406565
SCALE 1.000000, 1.000000, 1.000000
X -0.747680, 0.526166, 0.405123
Y -0.258316, -0.792470, 0.552506
Z 0.611757, 0.308448, 0.728432

PART 7
OFFSET 6.848664, 0.427279, -6.068008
SCALE 1.000000, 1.000000, 1.000000
X 0.722984, 0.604626, -0.334248
Y -0.690457, 0.648984, -0.319515
Z 0.023734, 0.461788, 0.886673

PART 8
OFFSET 10.527864, 0.000000, -8.129507
SCALE 1.000000, 1.000000, 1.000000
X 1.000000, 0.000000, 0.000000
Y 0.000000, 1.000000, 0.000000
Z 0.000000, 0.000000, 1.000000

PART 9
OFFSET 1.540400, 0.002524, 4.135750
SCALE 1.000000, 1.000000, 1.000000
X 1.000000, 0.000000, -0.000000
Y -0.000000, 1.000000, -0.000610
Z 0.000000, 0.000610, 1.000000

PART 10
OFFSET -4.631800, -0.000840, -1.376950
SCALE 1.000000, 1.000000, 1.000000
X 1.000000, 0.000000, -0.000000
Y -0.000000, 1.000000, -0.000610
Z 0.000000, 0.000610, 1.000000

PART 11
OFFSET 1.976075, 6.783296, -17.483057
SCALE 1.000000, 1.000000, 1.000000
X 0.787285, -0.173560, 0.591658
Y -0.601610, -0.006003, 0.798767
Z -0.135082, -0.984805, -0.109142

PART 12
OFFSET -3.811300, -11.175950, -10.306197
SCALE 1.000000, 1.000000, 1.000000
X -0.780195, -0.565374, -0.267669
Y 0.619083, -0.636579, -0.459895
Z 0.089621, -0.524518, 0.846670

PART 13
OFFSET 6.848664, 0.427279, -6.068008
SCALE 1.000000, 1.000000, 1.000000
X 0.722984, 0.604626, -0.334248
Y -0.690457, 0.648984, -0.319515
Z 0.023734, 0.461788, 0.886673

PART 14
OFFSET 10.433763, 6.874845, -11.974247
SCALE 1.000000, 1.000000, 1.000000
X 0.791211, -0.170800, 0.587207
Y 0.141492, 0.985280, 0.095937
Z -0.594950, 0.007179, 0.803731

PART 15
OFFSET 10.127461, 4.419380, -12.933281
SCALE 1.000000, 1.000000, 1.000000
X 0.791211, -0.170800, 0.587207
Y 0.141492, 0.985280, 0.095937
Z -0.594950, 0.007179, 0.803731

PART 16
OFFSET 9.548804, 6.418102, -10.047441
SCALE 1.000000, 1.000000, 1.000000
X 0.791211, -0.170800, 0.587207
Y 0.141492, 0.985280, 0.095937
Z -0.594950, 0.007179, 0.803731

PART 17
OFFSET 9.229020, 4.815856, -10.260253
SCALE 1.000000, 1.000000, 1.000000
X 0.791211, -0.170800, 0.587207
Y 0.141492, 0.985280, 0.095937
Z -0.594950, 0.007179, 0.803731

PART 18
OFFSET 8.876086, 3.412399, -10.846674
SCALE 1.000000, 1.000000, 1.000000
X 0.791211, -0.170800, 0.587207
Y 0.141492, 0.985280, 0.095937
Z -0.594950, 0.007179, 0.803731

PART 19
OFFSET 11.085919, 4.775002, -10.636863
SCALE 1.000000, 1.000000, 1.000000
