// Export filename: 'K:\Juegos\Steam\steamapps\common\Call of Duty Black Ops\xanim_export\ricos\guns\ak12\ak12_reload.xanim_export'
// Source filename: 'K:\01 Ricko0z\Working Gun\AK12\01 Escenas\ak12_handed.mb'
// Export time: Thu Jun 02 2016, 18:46:00

ANIMATION
VERSION 3

NUMPARTS 95
PART 0 "tag_view"
PART 1 "tag_ads"
PART 2 "tag_cambone"
PART 3 "tag_torso"
PART 4 "tag_camera"
PART 5 "j_shoulder_le"
PART 6 "j_shoulder_ri"
PART 7 "tag_weapon"
PART 8 "tag_weapon1"
PART 9 "tag_gasmask"
PART 10 "tag_gasmask2"
PART 11 "j_elbow_le"
PART 12 "j_elbow_ri"
PART 13 "j_gun"
PART 14 "j_sleave_reshape_bottom_le_1"
PART 15 "j_sleave_reshape_bottom_le_2"
PART 16 "j_sleave_reshape_top_le_1"
PART 17 "j_sleave_reshape_top_le_2"
PART 18 "j_sleave_reshape_top_le_3"
PART 19 "j_wrist_le"
PART 20 "j_wristtwist_le"
PART 21 "j_sleave_reshape_top_ri_1"
PART 22 "j_sleave_reshape_top_ri_2"
PART 23 "j_sleave_reshape_top_ri_3"
PART 24 "j_wrist_ri"
PART 25 "j_wristtwist_ri"
PART 26 "j_bullet"
PART 27 "j_bullet1"
PART 28 "j_clip"
PART 29 "j_mag"
PART 30 "j_mag1"
PART 31 "j_magrelease"
PART 32 "j_reload"
PART 33 "tag_acog_2"
PART 34 "tag_brass"
PART 35 "tag_clip"
PART 36 "tag_eclan"
PART 37 "tag_eotech"
PART 38 "tag_flash"
PART 39 "tag_folding_grip"
PART 40 "tag_grenade_launcher"
PART 41 "tag_maul"
PART 42 "tag_red_dot"
PART 43 "tag_sight_on"
PART 44 "tag_silencer"
PART 45 "tag_target_finder"
PART 46 "tag_thermal_scope"
PART 47 "tag_variable_zoom_reflex"
PART 48 "j_index_le_0"
PART 49 "j_mid_le_0"
PART 50 "j_pinkypalm_le"
PART 51 "j_ringpalm_le"
PART 52 "j_thumb_le_0"
PART 53 "j_webbing_le"
PART 54 "tag_knife_attach"
PART 55 "j_index_ri_0"
PART 56 "j_mid_ri_0"
PART 57 "j_pinkypalm_ri"
PART 58 "j_ringpalm_ri"
PART 59 "j_thumb_ri_0"
PART 60 "j_webbing_ri"
PART 61 "j_index_le_1"
PART 62 "j_mid_le_1"
PART 63 "j_pinky_le_0"
PART 64 "j_ring_le_0"
PART 65 "j_thumb_le_1"
PART 66 "j_index_ri_1"
PART 67 "j_mid_ri_1"
PART 68 "j_pinky_ri_0"
PART 69 "j_ring_ri_0"
PART 70 "j_thumb_ri_1"
PART 71 "j_index_le_2"
PART 72 "j_mid_le_2"
PART 73 "j_pinky_le_1"
PART 74 "j_ring_le_1"
PART 75 "j_thumb_le_2"
PART 76 "j_index_ri_2"
PART 77 "j_mid_ri_2"
PART 78 "j_pinky_ri_1"
PART 79 "j_ring_ri_1"
PART 80 "j_thumb_ri_2"
PART 81 "j_index_le_3"
PART 82 "j_mid_le_3"
PART 83 "j_pinky_le_2"
PART 84 "j_ring_le_2"
PART 85 "j_thumb_le_3"
PART 86 "j_index_ri_3"
PART 87 "j_mid_ri_3"
PART 88 "j_pinky_ri_2"
PART 89 "j_ring_ri_2"
PART 90 "j_thumb_ri_3"
PART 91 "j_pinky_le_3"
PART 92 "j_ring_le_3"
PART 93 "j_pinky_ri_3"
PART 94 "j_ring_ri_3"

FRAMERATE 30
NUMFRAMES 98

FRAME 0
PART 0
OFFSET 0.000000, 0.000000, 0.000000
SCALE 1.000000, 1.000000, 1.000000
X 1.000000, 0.000000, 0.000000
Y 0.000000, 1.000000, 0.000000
Z 0.000000, 0.000000, 1.000000

PART 1
OFFSET 0.000000, 0.000000, 0.000000
SCALE 1.000000, 1.000000, 1.000000
X 1.000000, 0.000000, 0.000000
Y 0.000000, 1.000000, 0.000000
Z 0.000000, 0.000000, 1.000000

PART 2
OFFSET 0.000000, 0.000000, 0.000000
SCALE 1.000000, 1.000000, 1.000000
X 1.000000, 0.000000, 0.000000
Y 0.000000, 1.000000, 0.000000
Z 0.000000, 0.000000, 1.000000

PART 3
OFFSET -4.631938, 0.000000, -1.376737
SCALE 1.000000, 1.000000, 1.000000
X 1.000000, 0.000000, 0.000000
Y 0.000000, 1.000000, 0.000000
Z 0.000000, 0.000000, 1.000000

PART 4
OFFSET 0.000000, 0.000000, 0.000000
SCALE 1.000000, 1.000000, 1.000000
X 1.000000, 0.000000, 0.000000
Y 0.000000, 1.000000, 0.000000
Z 0.000000, 0.000000, 1.000000

PART 5
OFFSET -3.506388, 6.340800, -6.712308
SCALE 1.000000, 1.000000, 1.000000
X 0.863629, -0.201554, -0.462083
Y -0.124980, -0.973586, 0.191076
Z -0.488389, -0.107268, -0.866008

PART 6
OFFSET -12.853742, -4.812700, -5.406521
SCALE 1.000000, 1.000000, 1.000000
X -0.705009, 0.555620, 0.440736
Y -0.238748, -0.771125, 0.590225
Z 0.667803, 0.310890, 0.676304

PART 7
OFFSET 8.258024, -2.665399, -4.540030
SCALE 1.000000, 1.000000, 1.000000
X 1.000000, 0.000000, 0.000000
Y 0.000000, 1.000000, 0.000000
Z 0.000000, 0.000000, 1.000000

PART 8
OFFSET 10.527864, 0.000000, -8.129457
SCALE 1.000000, 1.000000, 1.000000
X 1.000000, 0.000000, 0.000000
Y 0.000000, 1.000000, 0.000000
Z 0.000000, 0.000000, 1.000000

PART 9
OFFSET 1.540435, 0.000000, 4.135757
SCALE 1.000000, 1.000000, 1.000000
X 1.000000, 0.000000, 0.000000
Y 0.000000, 1.000000, 0.000000
Z 0.000000, 0.000000, 1.000000

PART 10
OFFSET -4.631846, 0.000000, -1.376973
SCALE 1.000000, 1.000000, 1.000000
X 1.000000, 0.000000, 0.000000
Y 0.000000, 1.000000, 0.000000
Z 0.000000, 0.000000, 1.000000

PART 11
OFFSET 6.938276, 3.903228, -12.300698
SCALE 1.000000, 1.000000, 1.000000
X 0.737761, -0.450743, 0.502533
Y -0.573281, -0.025259, 0.818969
Z -0.356451, -0.892296, -0.277038

PART 12
OFFSET -4.327373, -11.532259, -10.736814
SCALE 1.000000, 1.000000, 1.000000
X -0.753765, -0.610783, -0.242453
Y 0.643129, -0.609849, -0.463108
Z 0.134999, -0.505003, 0.852495

PART 13
OFFSET 8.258024, -2.665399, -4.540030
SCALE 1.000000, 1.000000, 1.000000
X 1.000000, 0.000000, 0.000000
Y 0.000000, 1.000000, 0.000000
Z 0.000000, 0.000000, 1.000000

PART 14
OFFSET 15.327274, 1.047285, -7.473607
SCALE 1.000000, 1.000000, 1.000000
X 0.742149, -0.448193, 0.498334
Y 0.362585, 0.893808, 0.263892
Z -0.563690, -0.015159, 0.825847

PART 15
OFFSET 14.421723, -1.008247, -8.748048
SCALE 1.000000, 1.000000, 1.000000
X 0.742149, -0.448193, 0.498334
Y 0.362585, 0.893808, 0.263892
Z -0.563690, -0.015159, 0.825847

PART 16
OFFSET 14.300412, 0.416928, -5.489707
SCALE 1.000000, 1.000000, 1.000000
X 0.742149, -0.448193, 0.498334
Y 0.362585, 0.893808, 0.263892
Z -0.563690, -0.015159, 0.825847

PART 17
OFFSET 13.683903, -0.937401, -5.998606
SCALE 1.000000, 1.000000, 1.000000
X 0.742149, -0.448193, 0.498334
Y 0.362585, 0.893808, 0.263892
Z -0.563690, -0.015159, 0.825847

PART 18
OFFSET 13.298408, -1.776867, -6.944261
SCALE 1.000000, 1.000000, 1.000000
X 0.742149, -0.448193, 0.498334
Y 0.362585, 0.893808, 0.263892
Z -0.563690, -0.015159, 0.825847

PART 19
OFFSET 15.475034, -1.312395, -6.485804
SCALE 1.000000, 1.000000, 1.000000
X 0.966717, -0.229683, 0.112714
Y 0.080463, 0.691128, 0.718240
Z -0.242867, -0.685265, 0.686606

PART 20
OFFSET 13.213280, 0.069447, -8.026419
SCALE 1.000000, 1.000000, 1.000000
X 0.737761, -0.450743, 0.502533
Y -0.181424, 0.584649, 0.790741
Z -0.650226, -0.674549, 0.349556

PART 21
OFFSET 2.807750, -4.862027, -6.726380
SCALE 1.000000, 1.000000, 1.000000
X -0.757903, -0.605805, -0.242039
Y -0.142080, 0.515395, -0.845092
Z 0.636707, -0.606109, -0.476693

PART 22
OFFSET 2.429815, -4.045033, -8.015495
SCALE 1.000000, 1.000000, 1.000000
X -0.757903, -0.605805, -0.242039
Y -0.142080, 0.515395, -0.845092
Z 0.636707, -0.606109, -0.476693

PART 23
OFFSET 2.601750, -4.422598, -9.179293
SCALE 1.000000, 1.000000, 1.000000
X -0.757903, -0.605805, -0.242039
Y -0.142080, 0.515395, -0.845092
Z 0.636707, -0.606109, -0.476693

PART 24
OFFSET 4.394481, -4.464855, -7.931375
SCALE 1.000000, 1.000000, 1.000000
X -0.954596, -0.141837, -0.261970
Y 0.284878, -0.177452, -0.941995
Z 0.087123, -0.973855, 0.209802

PART 25
OFFSET 2.083697, -6.337307, -8.674653
SCALE 1.000000, 1.000000, 1.000000
X -0.753746, -0.610822, -0.242410
Y 0.487889, -0.273007, -0.829115
Z 0.440262, -0.743212, 0.503792

PART 26
OFFSET 13.121455, -2.666420, -5.368456
SCALE 1.000000, 1.000000, 1.000000
X 1.000000, 0.000000, 0.000000
Y 0.000000, 1.000000, 0.000000
Z 0.000000, 0.000000, 1.000000

PART 27
OFFSET -23.934231, -2.665300, -5.366886
SCALE 1.000000, 1.000000, 1.000000
X 1.000000, 0.000000, 0.000000
Y 0.000000, 1.000000, 0.000000
Z 0.000000, 0.000000, 1.000000

PART 28
OFFSET 8.535205, -1.818701, -4.606149
SCALE 1.000000, 1.000000, 1.000000
X 1.000000, 0.000000, 0.000000
Y 0.000000, 1.000000, 0.000000
Z 0.000000, 0.000000, 1.000000

PART 29
OFFSET 13.121455, -2.666420, -5.368456
SCALE 1.000000, 1.000000, 1.000000
X 1.000000, 0.000000, 0.000000
Y 0.000000, 1.000000, 0.000000
Z 0.000000, 0.000000, 1.000000

PART 30
OFFSET -23.934231, -2.665300, -5.366886
SCALE 1.000000, 1.000000, 1.000000
X 1.000000, 0.000000, 0.000000
Y 0.000000, 1.000000, 0.000000
Z 0.000000, 0.000000, 1.000000

PART 31
OFFSET 11.183050, -2.665399, -6.470022
SCALE 1.000000, 1.000000, 1.000000
X 1.000000, 0.000000, 0.000000
Y 0.000000, 1.000000, 0.000000
Z 0.000000, 0.000000, 1.000000

PART 32
OFFSET 18.249187, -2.343792, -3.072226
SCALE 1.000000, 1.000000, 1.000000
X 1.000000, 0.000000, 0.000000
Y 0.000000, 1.000000, 0.000000
Z 0.000000, 0.000000, 1.000000

PART 33
OFFSET 8.265438, -2.665399, -2.543977
SCALE 1.000000, 1.000000, 1.000000
X 1.000000, 0.000000, 0.000000
Y 0.000000, 1.000000, 0.000000
Z 0.000000, 0.000000, 1.000000

PART 34
OFFSET 17.181283, -2.665399, -3.111512
SCALE 1.000000, 1.000000, 1.000000
X -0.000011, -0.835788, 0.549052
Y 1.000000, -0.000011, 0.000003
Z 0.000003, 0.549052, 0.835788

PART 35
OFFSET 13.728222, -2.650388, -5.304297
SCALE 1.000000, 1.000000, 1.000000
X 1.000000, 0.000000, 0.000000
Y 0.000000, 1.000000, 0.000000
Z 0.000000, 0.000000, 1.000000

PART 36
OFFSET 10.324927, -2.665399, -2.507217
SCALE 1.000000, 1.000000, 1.000000
X 1.000000, 0.000000, 0.000000
Y 0.000000, 1.000000, 0.000000
Z 0.000000, 0.000000, 1.000000

PART 37
OFFSET 9.870951, -2.665399, -2.275644
SCALE 1.000000, 1.000000, 1.000000
X 1.000000, 0.000000, 0.000000
Y 0.000000, 1.000000, 0.000000
Z 0.000000, 0.000000, 1.000000

PART 38
OFFSET 35.066755, -2.665399, -4.062986
SCALE 1.000000, 1.000000, 1.000000
X 1.000000, 0.000000, 0.000000
Y 0.000000, 1.000000, 0.000000
Z 0.000000, 0.000000, 1.000000

PART 39
OFFSET 21.249577, -2.665399, -5.102044
SCALE 1.000000, 1.000000, 1.000000
X 1.000000, 0.000000, 0.000000
Y 0.000000, 1.000000, 0.000000
Z 0.000000, 0.000000, 1.000000

PART 40
OFFSET 15.989806, -2.665399, -7.963822
SCALE 1.000000, 1.000000, 1.000000
X 1.000000, 0.000000, 0.000000
Y 0.000000, 1.000000, 0.000000
Z 0.000000, 0.000000, 1.000000

PART 41
OFFSET 23.583996, -2.665399, -6.127725
SCALE 1.000000, 1.000000, 1.000000
X 1.000000, 0.000000, 0.000000
Y 0.000000, 1.000000, 0.000000
Z 0.000000, 0.000000, 1.000000

PART 42
OFFSET 9.296199, -2.665399, -2.602248
SCALE 1.000000, 1.000000, 1.000000
X 1.000000, 0.000000, 0.000000
Y 0.000000, 1.000000, 0.000000
Z 0.000000, 0.000000, 1.000000

PART 43
OFFSET 16.639426, -2.665399, -2.275644
SCALE 1.000000, 1.000000, 1.000000
X 1.000000, 0.000000, 0.000000
Y 0.000000, 1.000000, 0.000000
Z 0.000000, 0.000000, 1.000000

PART 44
OFFSET 35.066755, -2.665399, -4.062986
SCALE 1.000000, 1.000000, 1.000000
X 1.000000, 0.000000, 0.000000
Y 0.000000, 1.000000, 0.000000
Z 0.000000, 0.000000, 1.000000

PART 45
OFFSET 9.048586, -2.665399, -2.689078
SCALE 1.000000, 1.000000, 1.000000
X 1.000000, 0.000000, 0.000000
Y 0.000000, 1.000000, 0.000000
Z 0.000000, 0.000000, 1.000000

PART 46
OFFSET 10.297068, -2.665399, -2.725634
SCALE 1.000000, 1.000000, 1.000000
X 1.000000, 0.000000, 0.000000
Y 0.000000, 1.000000, 0.000000
Z 0.000000, 0.000000, 1.000000

PART 47
OFFSET 9.400598, -2.665399, -2.625238
SCALE 1.000000, 1.000000, 1.000000
X 1.000000, 0.000000, 0.000000
Y 0.000000, 1.000000, 0.000000
Z 0.000000, 0.000000, 1.000000

PART 48
OFFSET 19.392855, -1.431417, -5.760087
SCALE 1.000000, 1.000000, 1.000000
X 0.496501, -0.860200, 0.116372
Y -0.599400, -0.242782, 0.762742
Z -0.627858, -0.448456, -0.636146

PART 49
OFFSET 19.158872, -2.279666, -6.428076
SCALE 1.000000, 1.000000, 1.000000
X 0.172179, -0.799531, 0.575416
Y -0.740198, 0.280419, 0.611124
Z -0.649970, -0.531145, -0.543529

PART 50
OFFSET 16.157806, -2.385293, -7.020735
SCALE 1.000000, 1.000000, 1.000000
X 0.519208, -0.813004, 0.263529
Y -0.584901, -0.113194, 0.803168
Z -0.623148, -0.571149, -0.534298

PART 51
OFFSET 16.457857, -1.880816, -6.614497
SCALE 1.000000, 1.000000, 1.000000
X 0.800388, -0.594670, 0.075807
Y -0.488230, -0.573239, 0.658049
Z -0.347867, -0.563706, -0.749149

PART 52
OFFSET 15.887830, -1.030113, -5.460049
SCALE 1.000000, 1.000000, 1.000000
X 0.932503, 0.052256, 0.357362
Y -0.100952, 0.987750, 0.118990
Z -0.346766, -0.147035, 0.926355

PART 53
OFFSET 18.452727, -1.290379, -4.629923
SCALE 1.000000, 1.000000, 1.000000
X 0.826499, -0.540303, 0.158025
Y 0.516201, 0.615417, -0.595649
Z 0.224580, 0.573876, 0.787547

PART 54
OFFSET 17.682514, -3.351833, -5.520966
SCALE 1.000000, 1.000000, 1.000000
X -0.418522, -0.564485, -0.711474
Y 0.242903, 0.685274, -0.686584
Z 0.875121, -0.460170, -0.149687

PART 55
OFFSET 7.931599, -4.140281, -6.122197
SCALE 1.000000, 1.000000, 1.000000
X -0.986948, -0.015180, -0.160322
Y -0.001592, -0.994579, 0.103969
Z -0.161031, 0.102868, 0.981574

PART 56
OFFSET 8.123256, -4.173229, -7.209724
SCALE 1.000000, 1.000000, 1.000000
X -0.262599, -0.940648, 0.214997
Y 0.957012, -0.282344, -0.066401
Z 0.123163, 0.188318, 0.974355

PART 57
OFFSET 5.489689, -4.338039, -8.760797
SCALE 1.000000, 1.000000, 1.000000
X -0.941601, -0.056875, 0.331894
Y 0.146076, -0.957054, 0.250418
Z 0.303398, 0.284276, 0.909471

PART 58
OFFSET 5.522486, -4.324890, -8.047801
SCALE 1.000000, 1.000000, 1.000000
X -0.995414, -0.086346, 0.041165
Y 0.094045, -0.962051, 0.256152
Z 0.017485, 0.258849, 0.965760

PART 59
OFFSET 4.513223, -3.829981, -6.990642
SCALE 1.000000, 1.000000, 1.000000
X -0.498646, -0.678305, -0.539679
Y 0.578219, 0.203544, -0.790084
Z 0.645767, -0.706025, 0.290713

PART 60
OFFSET 6.835790, -3.192455, -5.747470
SCALE 1.000000, 1.000000, 1.000000
X -0.929032, -0.369952, -0.005927
Y -0.349572, 0.882879, -0.313568
Z 0.121238, -0.289242, -0.949547

PART 61
OFFSET 20.267018, -2.945923, -5.555198
SCALE 1.000000, 1.000000, 1.000000
X -0.322740, -0.643481, 0.694097
Y -0.734536, 0.632766, 0.245079
Z -0.596905, -0.430742, -0.676879

PART 62
OFFSET 19.495233, -3.841591, -5.303972
SCALE 1.000000, 1.000000, 1.000000
X -0.583892, -0.112903, 0.803942
Y 0.789130, -0.311480, 0.529390
Z 0.190642, 0.943522, 0.270966

PART 63
OFFSET 17.343433, -4.142689, -6.252310
SCALE 1.000000, 1.000000, 1.000000
X -0.278393, -0.001144, 0.960467
Y -0.464039, 0.875703, -0.133460
Z -0.840931, -0.482848, -0.244320

PART 64
OFFSET 18.494260, -3.495262, -6.543538
SCALE 1.000000, 1.000000, 1.000000
X -0.166691, -0.624885, 0.762714
Y -0.564206, 0.694831, 0.445962
Z -0.808632, -0.355990, -0.468386

PART 65
OFFSET 17.870722, -0.826944, -4.625480
SCALE 1.000000, 1.000000, 1.000000
X 0.972482, -0.184962, 0.141660
Y 0.114378, 0.908756, 0.401347
Z -0.202969, -0.374100, 0.904905

PART 66
OFFSET 9.669269, -4.113555, -5.839927
SCALE 1.000000, 1.000000, 1.000000
X -0.366316, -0.926136, 0.089916
Y 0.917292, -0.343212, 0.201943
Z -0.156167, 0.156455, 0.975261

PART 67
OFFSET 8.636264, -2.335599, -7.629738
SCALE 1.000000, 1.000000, 1.000000
X 0.828788, -0.559561, -0.000986
Y 0.539124, 0.798987, -0.266394
Z 0.149852, 0.220253, 0.963864

PART 68
OFFSET 7.631574, -4.051492, -9.404750
SCALE 1.000000, 1.000000, 1.000000
X -0.298728, -0.942528, 0.149678
Y 0.867920, -0.333532, -0.368063
Z 0.396832, 0.019958, 0.917674

PART 69
OFFSET 8.105461, -4.160480, -8.292449
SCALE 1.000000, 1.000000, 1.000000
X -0.285629, -0.938836, 0.192361
Y 0.899160, -0.331979, -0.285133
Z 0.331553, 0.091521, 0.938987

PART 70
OFFSET 5.495614, -2.347260, -5.763336
SCALE 1.000000, 1.000000, 1.000000
X -0.902821, -0.348361, 0.252109
Y -0.060988, -0.476621, -0.876991
Z 0.425670, -0.807141, 0.409058

PART 71
OFFSET 19.910932, -3.702028, -4.670261
SCALE 1.000000, 1.000000, 1.000000
X -0.724082, 0.068148, 0.686339
Y -0.274488, 0.884435, -0.377400
Z -0.632741, -0.461660, -0.621698

PART 72
OFFSET 18.642381, -4.006500, -4.129707
SCALE 1.000000, 1.000000, 1.000000
X -0.734513, 0.468667, 0.490757
Y 0.056331, 0.762810, -0.644164
Z -0.676253, -0.445502, -0.586694

PART 73
OFFSET 16.949286, -4.144308, -4.892487
SCALE 1.000000, 1.000000, 1.000000
X -0.412454, 0.372528, 0.831327
Y -0.346973, 0.779539, -0.521468
Z -0.842313, -0.503530, -0.192267

PART 74
OFFSET 18.210470, -4.559120, -5.245029
SCALE 1.000000, 1.000000, 1.000000
X -0.570033, 0.308093, 0.761670
Y -0.148982, 0.872906, -0.464585
Z -0.808002, -0.378304, -0.451685

PART 75
OFFSET 19.411090, -1.221634, -4.319391
SCALE 1.000000, 1.000000, 1.000000
X 0.934106, 0.064074, 0.351200
Y -0.159410, 0.955101, 0.249742
Z -0.319429, -0.289270, 0.902379

PART 76
OFFSET 10.105112, -2.978160, -5.890012
SCALE 1.000000, 1.000000, 1.000000
X 0.049012, -0.994407, 0.093560
Y 0.985447, 0.063409, 0.157716
Z -0.162767, 0.084468, 0.983042

PART 77
OFFSET 7.425729, -1.518300, -7.628298
SCALE 1.000000, 1.000000, 1.000000
X 0.885098, 0.387103, -0.258364
Y -0.438541, 0.879568, -0.184502
Z 0.155828, 0.276606, 0.948265

PART 78
OFFSET 8.054502, -2.717094, -9.616659
SCALE 1.000000, 1.000000, 1.000000
X 0.606451, -0.754902, -0.249680
Y 0.708991, 0.655552, -0.259969
Z 0.359929, -0.019362, 0.932779

PART 79
OFFSET 8.591750, -2.562093, -8.619948
SCALE 1.000000, 1.000000, 1.000000
X 0.804317, -0.548424, -0.228704
Y 0.503012, 0.833320, -0.229253
Z 0.316311, 0.069351, 0.946117

PART 80
OFFSET 6.901744, -1.722926, -6.268437
SCALE 1.000000, 1.000000, 1.000000
X -0.533533, -0.021455, 0.845507
Y -0.655782, -0.620825, -0.429566
Z 0.534128, -0.783656, 0.317161

PART 81
OFFSET 19.093062, -3.625054, -3.895023
SCALE 1.000000, 1.000000, 1.000000
X 0.305807, -0.950363, -0.057383
Y 0.686795, 0.261935, -0.678014
Z 0.659390, 0.167931, 0.732806

PART 82
OFFSET 17.805669, -3.479397, -3.577594
SCALE 1.000000, 1.000000, 1.000000
X 0.570554, -0.818026, 0.072815
Y 0.464221, 0.248100, -0.850262
Z 0.677471, 0.518923, 0.521299

PART 83
OFFSET 16.583590, -3.814013, -4.155404
SCALE 1.000000, 1.000000, 1.000000
X -0.452979, 0.466403, 0.759788
Y -0.235541, 0.759346, -0.606559
Z -0.859843, -0.453720, -0.234111

PART 84
OFFSET 17.420442, -4.132124, -4.189405
SCALE 1.000000, 1.000000, 1.000000
X -0.589245, 0.609514, 0.530362
Y 0.076203, 0.695424, -0.714548
Z -0.804353, -0.380628, -0.456222

PART 85
OFFSET 20.403899, -1.149350, -3.894049
SCALE 1.000000, 1.000000, 1.000000
X 0.861867, 0.429943, -0.268951
Y -0.249077, -0.103093, -0.962981
Z -0.441754, 0.896951, 0.018236

PART 86
OFFSET 10.049752, -1.854965, -5.995688
SCALE 1.000000, 1.000000, 1.000000
X -0.951312, 0.290278, 0.103655
Y 0.270205, 0.947191, -0.172683
Z -0.148307, -0.136267, -0.979508

PART 87
OFFSET 6.421878, -1.958105, -7.342499
SCALE 1.000000, 1.000000, 1.000000
X -0.408690, -0.876538, 0.254270
Y -0.891306, 0.443252, 0.095407
Z -0.196333, -0.187641, -0.962416

PART 88
OFFSET 7.516796, -2.047766, -9.395282
SCALE 1.000000, 1.000000, 1.000000
X 0.911454, 0.086782, -0.402145
Y -0.091991, 0.995739, 0.006384
Z 0.400985, 0.031175, 0.915554

PART 89
OFFSET 7.477051, -1.802035, -8.302989
SCALE 1.000000, 1.000000, 1.000000
X 0.892567, 0.320209, -0.317476
Y -0.326435, 0.944573, 0.034948
Z 0.311070, 0.072442, 0.947622

PART 90
OFFSET 7.465407, -1.653325, -7.189966
SCALE 1.000000, 1.000000, 1.000000
X -0.872031, 0.359750, 0.331876
Y 0.098734, 0.793414, -0.600621
Z -0.479388, -0.490993, -0.727401

PART 91
OFFSET 16.153254, -3.370923, -3.433595
SCALE 1.000000, 1.000000, 1.000000
X 0.618957, -0.767579, -0.166478
Y 0.005137, 0.215911, -0.976399
Z 0.785408, 0.603494, 0.137583

PART 92
OFFSET 16.781391, -3.471089, -3.614214
SCALE 1.000000, 1.000000, 1.000000
X 0.401146, -0.914757, -0.047979
Y 0.435065, 0.236357, -0.868823
Z 0.806102, 0.327651, 0.492792

PART 93
OFFSET 6.650867, -2.130214, -9.013224
SCALE 1.000000, 1.000000, 1.000000
X -0.697397, -0.696032, 0.170812
Y -0.605502, 0.699732, 0.379134
Z -0.383412, 0.160980, -0.909440

PART 94
OFFSET 6.509023, -2.149316, -7.958672
SCALE 1.000000, 1.000000, 1.000000
X -0.529518, -0.798245, 0.287080
Y -0.791965, 0.586453, 0.169895
Z -0.303977, -0.137395, -0.942720

FRAME 1
PART 0
OFFSET 0.000000, 0.000000, 0.000000
SCALE 1.000000, 1.000000, 1.000000
X 1.000000, 0.000000, 0.000000
Y 0.000000, 1.000000, 0.000000
Z 0.000000, 0.000000, 1.000000

PART 1
OFFSET 0.000000, 0.000000, 0.000000
SCALE 1.000000, 1.000000, 1.000000
X 1.000000, 0.000000, 0.000000
Y 0.000000, 1.000000, 0.000000
Z 0.000000, 0.000000, 1.000000

PART 2
OFFSET 0.000000, 0.000000, 0.000000
SCALE 1.000000, 1.000000, 1.000000
X 1.000000, 0.000000, 0.000000
Y 0.000000, 1.000000, 0.000000
Z 0.000000, 0.000000, 1.000000

PART 3
OFFSET -4.631938, 0.000000, -1.376737
SCALE 1.000000, 1.000000, 1.000000
X 1.000000, 0.000000, 0.000000
Y 0.000000, 1.000000, 0.000000
Z 0.000000, 0.000000, 1.000000

PART 4
OFFSET 0.000000, 0.000000, 0.000000
SCALE 1.000000, 1.000000, 1.000000
X 0.999997, 0.000571, -0.002258
Y -0.000568, 0.999999, 0.001527
Z 0.002259, -0.001525, 0.999996

PART 5
OFFSET -3.506388, 6.340800, -6.893600
SCALE 1.000000, 1.000000, 1.000000
X 0.868648, -0.203865, -0.451542
Y -0.127659, -0.972740, 0.193597
Z -0.478700, -0.110525, -0.870994

PART 6
OFFSET -12.853742, -4.812700, -5.406521
SCALE 1.000000, 1.000000, 1.000000
X -0.701367, 0.538751, 0.466724
Y -0.237174, -0.793852, 0.559953
Z 0.672185, 0.282038, 0.684560

PART 7
OFFSET 8.282780, -2.665399, -4.644484
SCALE 1.000000, 1.000000, 1.000000
X 0.999931, -0.000418, 0.011719
Y 0.000437, 0.999999, -0.001584
Z -0.011719, 0.001589, 0.999930

PART 8
OFFSET 10.527864, 0.000000, -8.129457
SCALE 1.000000, 1.000000, 1.000000
X 1.000000, 0.000000, 0.000000
Y 0.000000, 1.000000, 0.000000
Z 0.000000, 0.000000, 1.000000

PART 9
OFFSET 1.549772, -0.005428, 4.132264
SCALE 1.000000, 1.000000, 1.000000
X 0.999997, 0.000571, -0.002258
Y -0.000568, 0.999999, 0.001527
Z 0.002259, -0.001525, 0.999996

PART 10
OFFSET -4.634944, -0.000546, -1.366509
SCALE 1.000000, 1.000000, 1.000000
X 0.999997, 0.000571, -0.002258
Y -0.000568, 0.999999, 0.001527
Z 0.002259, -0.001525, 0.999996

PART 11
OFFSET 6.998970, 3.875274, -12.354506
SCALE 1.000000, 1.000000, 1.000000
X 0.736627, -0.448913, 0.505825
Y -0.576336, -0.025342, 0.816820
Z -0.353862, -0.893216, -0.277392

PART 12
OFFSET -4.371421, -11.328245, -11.051107
SCALE 1.000000, 1.000000, 1.000000
X -0.763179, -0.592663, -0.257504
Y 0.631161, -0.598251, -0.493692
Z 0.138541, -0.539302, 0.830638

PART 13
OFFSET 8.282780, -2.665399, -4.644484
SCALE 1.000000, 1.000000, 1.000000
X 0.999931, -0.000418, 0.011719
Y 0.000437, 0.999999, -0.001584
Z -0.011719, 0.001589, 0.999930

PART 14
OFFSET 15.374943, 1.037658, -7.494617
SCALE 1.000000, 1.000000, 1.000000
X 0.741026, -0.446360, 0.501640
Y 0.360043, 0.894724, 0.264268
Z -0.566788, -0.015218, 0.823723

PART 15
OFFSET 14.477332, -1.019343, -8.768058
SCALE 1.000000, 1.000000, 1.000000
X 0.741026, -0.446360, 0.501640
Y 0.360043, 0.894724, 0.264268
Z -0.566788, -0.015218, 0.823723

PART 16
OFFSET 14.339826, 0.407219, -5.511529
SCALE 1.000000, 1.000000, 1.000000
X 0.741026, -0.446360, 0.501640
Y 0.360043, 0.894724, 0.264268
Z -0.566788, -0.015218, 0.823723

PART 17
OFFSET 13.728990, -0.946727, -6.021531
SCALE 1.000000, 1.000000, 1.000000
X 0.741026, -0.446360, 0.501640
Y 0.360043, 0.894724, 0.264268
Z -0.566788, -0.015218, 0.823723

PART 18
OFFSET 13.348490, -1.787694, -6.967907
SCALE 1.000000, 1.000000, 1.000000
X 0.741026, -0.446360, 0.501640
Y 0.360043, 0.894724, 0.264268
Z -0.566788, -0.015218, 0.823723

PART 19
OFFSET 15.522601, -1.319170, -6.501523
SCALE 1.000000, 1.000000, 1.000000
X 0.965217, -0.229888, 0.124530
Y 0.072274, 0.692353, 0.717930
Z -0.251262, -0.683958, 0.684885

PART 20
OFFSET 13.264326, 0.057061, -8.052229
SCALE 1.000000, 1.000000, 1.000000
X 0.736639, -0.448922, 0.505798
Y -0.185172, 0.585438, 0.789287
Z -0.650442, -0.675079, 0.348129

PART 21
OFFSET 2.861224, -4.865684, -6.877153
SCALE 1.000000, 1.000000, 1.000000
X -0.767257, -0.587660, -0.256851
Y -0.145424, 0.549474, -0.822758
Z 0.624634, -0.593915, -0.507048

PART 22
OFFSET 2.487359, -4.018929, -8.100163
SCALE 1.000000, 1.000000, 1.000000
X -0.767257, -0.587660, -0.256851
Y -0.145424, 0.549474, -0.822758
Z 0.624634, -0.593915, -0.507048

PART 23
OFFSET 2.645919, -4.365990, -9.259585
SCALE 1.000000, 1.000000, 1.000000
X -0.767257, -0.587660, -0.256851
Y -0.145424, 0.549474, -0.822758
Z 0.624634, -0.593915, -0.507048

PART 24
OFFSET 4.459373, -4.470511, -8.071511
SCALE 1.000000, 1.000000, 1.000000
X -0.951504, -0.141736, -0.273042
Y 0.295927, -0.179147, -0.938261
Z 0.084071, -0.973559, 0.212403

PART 25
OFFSET 2.119726, -6.287412, -8.860931
SCALE 1.000000, 1.000000, 1.000000
X -0.763179, -0.592663, -0.257504
Y 0.489357, -0.269837, -0.829287
Z 0.422003, -0.758906, 0.495958

PART 26
OFFSET 13.155589, -2.669769, -5.415584
SCALE 1.000000, 1.000000, 1.000000
X 0.999931, -0.000418, 0.011719
Y 0.000437, 0.999999, -0.001584
Z -0.011719, 0.001589, 0.999930

PART 27
OFFSET -34.520780, -9.872396, -35.942077
SCALE 1.000000, 1.000000, 1.000000
X 0.348137, -0.861672, -0.369219
Y 0.385460, 0.490599, -0.781494
Z 0.854530, 0.129748, 0.502935

PART 28
OFFSET 8.561087, -1.818923, -4.708691
SCALE 1.000000, 1.000000, 1.000000
X 0.999931, -0.000418, 0.011719
Y 0.000437, 0.999999, -0.001584
Z -0.011719, 0.001589, 0.999930

PART 29
OFFSET 13.155589, -2.669769, -5.415584
SCALE 1.000000, 1.000000, 1.000000
X 0.999931, -0.000418, 0.011719
Y 0.000437, 0.999999, -0.001584
Z -0.011719, 0.001589, 0.999930

PART 30
OFFSET -34.520780, -9.872396, -35.942077
SCALE 1.000000, 1.000000, 1.000000
X 0.348137, -0.861672, -0.369219
Y 0.385460, 0.490599, -0.781494
Z 0.854530, 0.129748, 0.502935

PART 31
OFFSET 11.230222, -2.669690, -6.540061
SCALE 1.000000, 1.000000, 1.000000
X 0.999931, -0.000418, 0.011719
Y 0.000437, 0.999999, -0.001584
Z -0.011719, 0.001589, 0.999930

PART 32
OFFSET 18.256196, -2.345636, -3.060202
SCALE 1.000000, 1.000000, 1.000000
X 0.999931, -0.000418, 0.011719
Y 0.000437, 0.999999, -0.001584
Z -0.011719, 0.001589, 0.999930

PART 33
OFFSET 8.266803, -2.662230, -2.648483
SCALE 1.000000, 1.000000, 1.000000
X 0.999931, -0.000418, 0.011719
Y 0.000437, 0.999999, -0.001584
Z -0.011719, 0.001589, 0.999930

PART 34
OFFSET 17.188686, -2.666858, -3.111490
SCALE 1.000000, 1.000000, 1.000000
X -0.006810, -0.834914, 0.550338
Y 0.999931, -0.000429, 0.011723
Z -0.009551, 0.550380, 0.834860

PART 35
OFFSET 13.761566, -2.653889, -5.344613
SCALE 1.000000, 1.000000, 1.000000
X 0.999931, -0.000418, 0.011719
Y 0.000437, 0.999999, -0.001584
Z -0.011719, 0.001589, 0.999930

PART 36
OFFSET 10.325719, -2.663032, -2.587590
SCALE 1.000000, 1.000000, 1.000000
X 0.999931, -0.000418, 0.011719
Y 0.000437, 0.999999, -0.001584
Z -0.011719, 0.001589, 0.999930

PART 37
OFFSET 9.869062, -2.662474, -2.361353
SCALE 1.000000, 1.000000, 1.000000
X 0.999931, -0.000418, 0.011719
Y 0.000437, 0.999999, -0.001584
Z -0.011719, 0.001589, 0.999930

PART 38
OFFSET 35.084078, -2.675846, -3.853291
SCALE 1.000000, 1.000000, 1.000000
X 0.999931, -0.000418, 0.011719
Y 0.000437, 0.999999, -0.001584
Z -0.011719, 0.001589, 0.999930

PART 39
OFFSET 21.280027, -2.671723, -5.054205
SCALE 1.000000, 1.000000, 1.000000
X 0.999931, -0.000418, 0.011719
Y 0.000437, 0.999999, -0.001584
Z -0.011719, 0.001589, 0.999930

PART 40
OFFSET 16.054153, -2.674073, -7.977424
SCALE 1.000000, 1.000000, 1.000000
X 0.999931, -0.000418, 0.011719
Y 0.000437, 0.999999, -0.001584
Z -0.011719, 0.001589, 0.999930

PART 41
OFFSET 23.626305, -2.674329, -6.052457
SCALE 1.000000, 1.000000, 1.000000
X 0.999931, -0.000418, 0.011719
Y 0.000437, 0.999999, -0.001584
Z -0.011719, 0.001589, 0.999930

PART 42
OFFSET 9.298176, -2.662753, -2.694670
SCALE 1.000000, 1.000000, 1.000000
X 0.999931, -0.000418, 0.011719
Y 0.000437, 0.999999, -0.001584
Z -0.011719, 0.001589, 0.999930

PART 43
OFFSET 16.637071, -2.665303, -2.282031
SCALE 1.000000, 1.000000, 1.000000
X 0.999931, -0.000418, 0.011719
Y 0.000437, 0.999999, -0.001584
Z -0.011719, 0.001589, 0.999930

PART 44
OFFSET 35.084078, -2.675846, -3.853291
SCALE 1.000000, 1.000000, 1.000000
X 0.999931, -0.000418, 0.011719
Y 0.000437, 0.999999, -0.001584
Z -0.011719, 0.001589, 0.999930

PART 45
OFFSET 9.051597, -2.662788, -2.784396
SCALE 1.000000, 1.000000, 1.000000
X 0.999931, -0.000418, 0.011719
Y 0.000437, 0.999999, -0.001584
Z -0.011719, 0.001589, 0.999930

PART 46
OFFSET 10.300422, -2.663368, -2.806318
SCALE 1.000000, 1.000000, 1.000000
X 0.999931, -0.000418, 0.011719
Y 0.000437, 0.999999, -0.001584
Z -0.011719, 0.001589, 0.999930

PART 47
OFFSET 9.402837, -2.662833, -2.716435
SCALE 1.000000, 1.000000, 1.000000
X 0.999931, -0.000418, 0.011719
Y 0.000437, 0.999999, -0.001584
Z -0.011719, 0.001589, 0.999930

PART 48
OFFSET 19.431522, -1.438555, -5.729357
SCALE 1.000000, 1.000000, 1.000000
X 0.494033, -0.861417, 0.117866
Y -0.606591, -0.244374, 0.756524
Z -0.622879, -0.445245, -0.643257

PART 49
OFFSET 19.205077, -2.287877, -6.398579
SCALE 1.000000, 1.000000, 1.000000
X 0.165207, -0.802582, 0.573209
Y -0.746495, 0.278075, 0.604499
Z -0.644556, -0.527765, -0.553184

PART 50
OFFSET 16.211176, -2.393290, -7.026471
SCALE 1.000000, 1.000000, 1.000000
X 0.515704, -0.812760, 0.271053
Y -0.594390, -0.111548, 0.796403
Z -0.617050, -0.571820, -0.540622

PART 51
OFFSET 16.506627, -1.888227, -6.617599
SCALE 1.000000, 1.000000, 1.000000
X 0.799057, -0.595070, 0.086016
Y -0.496214, -0.571890, 0.653234
Z -0.339528, -0.564653, -0.752255

PART 52
OFFSET 15.923373, -1.035262, -5.471457
SCALE 1.000000, 1.000000, 1.000000
X 0.928234, 0.052487, 0.368276
Y -0.101913, 0.988000, 0.116060
Z -0.357765, -0.145263, 0.922444

PART 53
OFFSET 18.478169, -1.295143, -4.610629
SCALE 1.000000, 1.000000, 1.000000
X 0.824337, -0.540370, 0.168725
Y 0.523473, 0.614156, -0.590583
Z 0.215510, 0.575162, 0.789141

PART 54
OFFSET 17.717634, -3.357834, -5.507104
SCALE 1.000000, 1.000000, 1.000000
X -0.410334, -0.565557, -0.715382
Y 0.251298, 0.683967, -0.684863
Z 0.876627, -0.460797, -0.138532

PART 55
OFFSET 7.974973, -4.144942, -6.221042
SCALE 1.000000, 1.000000, 1.000000
X -0.984379, -0.014981, -0.175424
Y -0.003655, -0.994420, 0.105434
Z -0.176025, 0.104428, 0.978831

PART 56
OFFSET 8.179495, -4.179772, -7.306164
SCALE 1.000000, 1.000000, 1.000000
X -0.265669, -0.940150, 0.213397
Y 0.957571, -0.282982, -0.054588
Z 0.111708, 0.189840, 0.975439

PART 57
OFFSET 5.564413, -4.345655, -8.888091
SCALE 1.000000, 1.000000, 1.000000
X -0.945503, -0.055812, 0.320796
Y 0.142548, -0.956725, 0.253689
Z 0.292754, 0.285592, 0.912542

PART 58
OFFSET 5.588759, -4.331360, -8.174779
SCALE 1.000000, 1.000000, 1.000000
X -0.995882, -0.085728, 0.029497
Y 0.090449, -0.961683, 0.258813
Z 0.006179, 0.260415, 0.965477

PART 59
OFFSET 4.567314, -3.834168, -7.130470
SCALE 1.000000, 1.000000, 1.000000
X -0.492599, -0.678909, -0.544452
Y 0.587665, 0.201934, -0.783500
Z 0.641869, -0.705907, 0.299499

PART 60
OFFSET 6.875340, -3.195899, -5.860878
SCALE 1.000000, 1.000000, 1.000000
X -0.929108, -0.369446, -0.016344
Y -0.345323, 0.882559, -0.319126
Z 0.132324, -0.290859, -0.947571

PART 61
OFFSET 20.301340, -2.955203, -5.521837
SCALE 1.000000, 1.000000, 1.000000
X -0.329005, -0.646191, 0.688617
Y -0.736205, 0.632199, 0.241507
Z -0.591403, -0.427506, -0.683726

PART 62
OFFSET 19.527817, -3.855760, -5.278787
SCALE 1.000000, 1.000000, 1.000000
X -0.591573, -0.118179, 0.797543
Y 0.784064, -0.314793, 0.534929
Z 0.187844, 0.941774, 0.278883

PART 63
OFFSET 17.386878, -4.149839, -6.241049
SCALE 1.000000, 1.000000, 1.000000
X -0.278053, 0.028219, 0.960151
Y -0.451040, 0.878686, -0.156442
Z -0.848086, -0.476566, -0.231593

PART 64
OFFSET 18.540992, -3.503881, -6.520501
SCALE 1.000000, 1.000000, 1.000000
X -0.175958, -0.623541, 0.761732
Y -0.568854, 0.695932, 0.438274
Z -0.803395, -0.356196, -0.477159

PART 65
OFFSET 17.896345, -0.831472, -4.613846
SCALE 1.000000, 1.000000, 1.000000
X 0.971002, -0.182139, 0.154855
Y 0.106815, 0.910016, 0.400576
Z -0.213881, -0.372420, 0.903083

PART 66
OFFSET 9.708120, -4.118565, -5.912182
SCALE 1.000000, 1.000000, 1.000000
X -0.396643, -0.914583, 0.078816
Y 0.901879, -0.372244, 0.219199
Z -0.171137, 0.158026, 0.972492

PART 67
OFFSET 8.698500, -2.343114, -7.723052
SCALE 1.000000, 1.000000, 1.000000
X 0.828421, -0.560021, 0.009753
Y 0.542702, 0.798252, -0.261280
Z 0.138537, 0.221743, 0.965214

PART 68
OFFSET 7.713947, -4.061346, -9.507061
SCALE 1.000000, 1.000000, 1.000000
X -0.301022, -0.942116, 0.147657
Y 0.872033, -0.334613, -0.357201
Z 0.385933, 0.021237, 0.922282

PART 69
OFFSET 8.174548, -4.168780, -8.389043
SCALE 1.000000, 1.000000, 1.000000
X -0.288428, -0.938363, 0.190486
Y 0.902288, -0.332942, -0.273909
Z 0.320447, 0.092871, 0.942703

PART 70
OFFSET 5.535931, -2.349989, -5.894012
SCALE 1.000000, 1.000000, 1.000000
X -0.905946, -0.347449, 0.241950
Y -0.050857, -0.478018, -0.876876
Z 0.420327, -0.806708, 0.415389

PART 71
OFFSET 19.937303, -3.714800, -4.643147
SCALE 1.000000, 1.000000, 1.000000
X -0.703476, -0.011753, 0.710622
Y -0.333330, 0.888532, -0.315282
Z -0.627705, -0.458665, -0.628978

PART 72
OFFSET 18.663746, -4.028376, -4.113869
SCALE 1.000000, 1.000000, 1.000000
X -0.739391, 0.463616, 0.488222
Y 0.060699, 0.768093, -0.637455
Z -0.670534, -0.441694, -0.596062

PART 73
OFFSET 16.993213, -4.109887, -4.881672
SCALE 1.000000, 1.000000, 1.000000
X -0.416194, 0.422482, 0.805166
Y -0.323579, 0.758718, -0.565370
Z -0.849752, -0.495839, -0.179067

PART 74
OFFSET 18.241426, -4.565449, -5.223664
SCALE 1.000000, 1.000000, 1.000000
X -0.578594, 0.309715, 0.754524
Y -0.142973, 0.872259, -0.467679
Z -0.802987, -0.378472, -0.460402

PART 75
OFFSET 19.433552, -1.221490, -4.286614
SCALE 1.000000, 1.000000, 1.000000
X 0.928607, 0.071037, 0.364202
Y -0.168718, 0.955010, 0.243906
Z -0.330490, -0.287940, 0.898814

PART 76
OFFSET 10.179922, -2.997120, -5.948940
SCALE 1.000000, 1.000000, 1.000000
X 0.004830, -0.996050, 0.088657
Y 0.983637, 0.020700, 0.178971
Z -0.180099, 0.086342, 0.979852

PART 77
OFFSET 7.488501, -1.525143, -7.737297
SCALE 1.000000, 1.000000, 1.000000
X 0.888322, 0.386190, -0.248478
Y -0.435818, 0.879509, -0.191120
Z 0.144730, 0.278067, 0.949596

PART 78
OFFSET 8.140123, -2.727530, -9.716109
SCALE 1.000000, 1.000000, 1.000000
X 0.608937, -0.755644, -0.241242
Y 0.712399, 0.654734, -0.252608
Z 0.348831, -0.018039, 0.937012

PART 79
OFFSET 8.665602, -2.571199, -8.713350
SCALE 1.000000, 1.000000, 1.000000
X 0.806658, -0.549242, -0.218257
Y 0.506173, 0.832666, -0.224626
Z 0.305109, 0.070720, 0.949688

PART 80
OFFSET 6.948309, -1.727259, -6.383415
SCALE 1.000000, 1.000000, 1.000000
X -0.543535, -0.019780, 0.839154
Y -0.650997, -0.621162, -0.436304
Z 0.529880, -0.783432, 0.324747

PART 81
OFFSET 19.142709, -3.728075, -3.840480
SCALE 1.000000, 1.000000, 1.000000
X 0.353636, -0.927206, -0.123415
Y 0.649056, 0.338248, -0.681406
Z 0.673549, 0.160866, 0.721425

PART 82
OFFSET 17.821545, -3.506970, -3.564698
SCALE 1.000000, 1.000000, 1.000000
X 0.571138, -0.817771, 0.071074
Y 0.471113, 0.255656, -0.844211
Z 0.672201, 0.515645, 0.531277

PART 83
OFFSET 16.624201, -3.735301, -4.167786
SCALE 1.000000, 1.000000, 1.000000
X -0.459689, 0.534475, 0.709240
Y -0.198188, 0.716742, -0.668583
Z -0.865683, -0.447903, -0.223552

PART 84
OFFSET 17.439534, -4.136204, -4.177944
SCALE 1.000000, 1.000000, 1.000000
X -0.594896, 0.610794, 0.522522
Y 0.084983, 0.694213, -0.714735
Z -0.799298, -0.380787, -0.464892

PART 85
OFFSET 20.419751, -1.141616, -3.847473
SCALE 1.000000, 1.000000, 1.000000
X 0.862995, 0.434211, -0.258266
Y -0.234714, -0.108098, -0.966035
Z -0.447381, 0.894302, 0.008628

PART 86
OFFSET 10.174466, -1.872068, -6.049080
SCALE 1.000000, 1.000000, 1.000000
X -0.940168, 0.329894, 0.085167
Y 0.313724, 0.935719, -0.161267
Z -0.132893, -0.124900, -0.983229

PART 87
OFFSET 6.481080, -1.963925, -7.462709
SCALE 1.000000, 1.000000, 1.000000
X -0.412179, -0.875895, 0.250830
Y -0.892120, 0.443900, 0.084109
Z -0.185014, -0.189103, -0.964370

PART 88
OFFSET 7.600213, -2.057544, -9.502214
SCALE 1.000000, 1.000000, 1.000000
X 0.916209, 0.085621, -0.391447
Y -0.091489, 0.995799, 0.003674
Z 0.390117, 0.032447, 0.920193

PART 89
OFFSET 7.547658, -1.810008, -8.410869
SCALE 1.000000, 1.000000, 1.000000
X 0.896452, 0.319196, -0.307388
Y -0.326286, 0.944810, 0.029538
Z 0.299852, 0.073817, 0.951126

PART 90
OFFSET 7.522901, -1.659475, -7.298306
SCALE 1.000000, 1.000000, 1.000000
X -0.875699, 0.360774, 0.320925
Y 0.106304, 0.792378, -0.600697
Z -0.471010, -0.491914, -0.732237

PART 91
OFFSET 16.187490, -3.227542, -3.493997
SCALE 1.000000, 1.000000, 1.000000
X 0.601490, -0.793747, -0.090417
Y 0.036919, 0.140677, -0.989367
Z 0.798027, 0.591756, 0.113920

PART 92
OFFSET 16.794353, -3.473782, -3.611255
SCALE 1.000000, 1.000000, 1.000000
X 0.401001, -0.915121, -0.041859
Y 0.445268, 0.234640, -0.864107
Z 0.800584, 0.327869, 0.501565

PART 93
OFFSET 6.729768, -2.138888, -9.130318
SCALE 1.000000, 1.000000, 1.000000
X -0.699772, -0.695366, 0.163660
Y -0.609555, 0.700685, 0.370788
Z -0.372508, 0.159708, -0.914183

PART 94
OFFSET 6.575416, -2.156190, -8.077493
SCALE 1.000000, 1.000000, 1.000000
X -0.533343, -0.797482, 0.282077
Y -0.793588, 0.587168, 0.159537
Z -0.292854, -0.138765, -0.946034

FRAME 2
PART 0
OFFSET 0.000000, 0.000000, 0.000000
SCALE 1.000000, 1.000000, 1.000000
X 1.000000, 0.000000, 0.000000
Y 0.000000, 1.000000, 0.000000
Z 0.000000, 0.000000, 1.000000

PART 1
OFFSET 0.000000, 0.000000, 0.000000
SCALE 1.000000, 1.000000, 1.000000
X 1.000000, 0.000000, 0.000000
Y 0.000000, 1.000000, 0.000000
Z 0.000000, 0.000000, 1.000000

PART 2
OFFSET 0.000000, 0.000000, 0.000000
SCALE 1.000000, 1.000000, 1.000000
X 1.000000, 0.000000, 0.000000
Y 0.000000, 1.000000, 0.000000
Z 0.000000, 0.000000, 1.000000

PART 3
OFFSET -4.631938, 0.000000, -1.376737
SCALE 1.000000, 1.000000, 1.000000
X 1.000000, 0.000000, 0.000000
Y 0.000000, 1.000000, 0.000000
Z 0.000000, 0.000000, 1.000000

PART 4
OFFSET 0.000000, 0.000000, 0.000000
SCALE 1.000000, 1.000000, 1.000000
X 0.999989, 0.001146, -0.004515
Y -0.001132, 0.999995, 0.003054
Z 0.004518, -0.003049, 0.999985

PART 5
OFFSET -3.506388, 6.340800, -7.323764
SCALE 1.000000, 1.000000, 1.000000
X 0.878136, -0.207063, -0.431280
Y -0.132525, -0.971489, 0.196586
Z -0.459690, -0.115474, -0.880540

PART 6
OFFSET -12.853742, -4.812700, -5.406521
SCALE 1.000000, 1.000000, 1.000000
X -0.690504, 0.489464, 0.532569
Y -0.243062, -0.850473, 0.466494
Z 0.681268, 0.192669, 0.706224

PART 7
OFFSET 8.343985, -2.665399, -4.826843
SCALE 1.000000, 1.000000, 1.000000
X 0.999798, -0.001502, 0.020021
Y 0.001550, 0.999996, -0.002365
Z -0.020018, 0.002396, 0.999797

PART 8
OFFSET 10.527864, 0.000000, -8.129457
SCALE 1.000000, 1.000000, 1.000000
X 1.000000, 0.000000, 0.000000
Y 0.000000, 1.000000, 0.000000
Z 0.000000, 0.000000, 1.000000

PART 9
OFFSET 1.559105, -0.010845, 4.128741
SCALE 1.000000, 1.000000, 1.000000
X 0.999989, 0.001146, -0.004515
Y -0.001132, 0.999995, 0.003054
Z 0.004518, -0.003049, 0.999985

PART 10
OFFSET -4.638017, -0.001110, -1.356040
SCALE 1.000000, 1.000000, 1.000000
X 0.999989, 0.001146, -0.004515
Y -0.001132, 0.999995, 0.003054
Z 0.004518, -0.003049, 0.999985

PART 11
OFFSET 7.113715, 3.836600, -12.539630
SCALE 1.000000, 1.000000, 1.000000
X 0.734044, -0.445905, 0.512199
Y -0.582964, -0.026884, 0.812053
Z -0.348329, -0.894676, -0.279681

PART 12
OFFSET -4.502806, -10.732159, -11.847431
SCALE 1.000000, 1.000000, 1.000000
X -0.782211, -0.541259, -0.308521
Y 0.607506, -0.552848, -0.570347
Z 0.138140, -0.633560, 0.761262

PART 13
OFFSET 8.343985, -2.665399, -4.826843
SCALE 1.000000, 1.000000, 1.000000
X 0.999798, -0.001502, 0.020021
Y 0.001550, 0.999996, -0.002365
Z -0.020018, 0.002396, 0.999797

PART 14
OFFSET 15.460460, 1.029275, -7.613447
SCALE 1.000000, 1.000000, 1.000000
X 0.738469, -0.443340, 0.508049
Y 0.354613, 0.896198, 0.266607
Z -0.573510, -0.016720, 0.819028

PART 15
OFFSET 14.579816, -1.028512, -8.888127
SCALE 1.000000, 1.000000, 1.000000
X 0.738469, -0.443340, 0.508049
Y 0.354613, 0.896198, 0.266607
Z -0.573510, -0.016720, 0.819028

PART 16
OFFSET 14.407222, 0.395288, -5.633299
SCALE 1.000000, 1.000000, 1.000000
X 0.738469, -0.443340, 0.508049
Y 0.354613, 0.896198, 0.266607
Z -0.573510, -0.016720, 0.819028

PART 17
OFFSET 13.808600, -0.956771, -6.147975
SCALE 1.000000, 1.000000, 1.000000
X 0.738469, -0.443340, 0.508049
Y 0.354613, 0.896198, 0.266607
Z -0.573510, -0.016720, 0.819028

PART 18
OFFSET 13.439562, -1.798801, -7.097707
SCALE 1.000000, 1.000000, 1.000000
X 0.738469, -0.443340, 0.508049
Y 0.354613, 0.896198, 0.266607
Z -0.573510, -0.016720, 0.819028

PART 19
OFFSET 15.607461, -1.323045, -6.612886
SCALE 1.000000, 1.000000, 1.000000
