// Export filename: 'H:\01 Ricko0z\CoD World at War MT GCZ\xanim_export\guns\m27\m27_first_raise.xanim_export'
// Source filename: 'C:\Users\Ricardo\Desktop\Working Gun\M27\01 Escenas\m27_handed.mb'
// Export time: Mon Jun 22 2015, 12:50:36

ANIMATION
VERSION 3

NUMPARTS 80
PART 0 "tag_view"
PART 1 "tag_ads"
PART 2 "tag_cambone"
PART 3 "tag_torso"
PART 4 "tag_camera"
PART 5 "j_shoulder_le"
PART 6 "j_shoulder_ri"
PART 7 "tag_weapon"
PART 8 "tag_weapon1"
PART 9 "tag_gasmask"
PART 10 "tag_gasmask2"
PART 11 "j_elbow_le"
PART 12 "j_elbow_ri"
PART 13 "j_gun"
PART 14 "j_sleave_reshape_bottom_le_1"
PART 15 "j_sleave_reshape_bottom_le_2"
PART 16 "j_sleave_reshape_top_le_1"
PART 17 "j_sleave_reshape_top_le_2"
PART 18 "j_sleave_reshape_top_le_3"
PART 19 "j_wrist_le"
PART 20 "j_wristtwist_le"
PART 21 "j_sleave_reshape_top_ri_1"
PART 22 "j_sleave_reshape_top_ri_2"
PART 23 "j_sleave_reshape_top_ri_3"
PART 24 "j_wrist_ri"
PART 25 "j_wristtwist_ri"
PART 26 "j_bolt"
PART 27 "j_handle"
PART 28 "tag_brass"
PART 29 "tag_flash"
PART 30 "tag_sights"
PART 31 "tag_clip"
PART 32 "j_index_le_0"
PART 33 "j_mid_le_0"
PART 34 "j_pinkypalm_le"
PART 35 "j_ringpalm_le"
PART 36 "j_thumb_le_0"
PART 37 "j_webbing_le"
PART 38 "tag_knife_attach"
PART 39 "j_index_ri_0"
PART 40 "j_mid_ri_0"
PART 41 "j_pinkypalm_ri"
PART 42 "j_ringpalm_ri"
PART 43 "j_thumb_ri_0"
PART 44 "j_webbing_ri"
PART 45 "tag_bullet"
PART 46 "j_index_le_1"
PART 47 "j_mid_le_1"
PART 48 "j_pinky_le_0"
PART 49 "j_ring_le_0"
PART 50 "j_thumb_le_1"
PART 51 "j_index_ri_1"
PART 52 "j_mid_ri_1"
PART 53 "j_pinky_ri_0"
PART 54 "j_ring_ri_0"
PART 55 "j_thumb_ri_1"
PART 56 "j_index_le_2"
PART 57 "j_mid_le_2"
PART 58 "j_pinky_le_1"
PART 59 "j_ring_le_1"
PART 60 "j_thumb_le_2"
PART 61 "j_index_ri_2"
PART 62 "j_mid_ri_2"
PART 63 "j_pinky_ri_1"
PART 64 "j_ring_ri_1"
PART 65 "j_thumb_ri_2"
PART 66 "j_index_le_3"
PART 67 "j_mid_le_3"
PART 68 "j_pinky_le_2"
PART 69 "j_ring_le_2"
PART 70 "j_thumb_le_3"
PART 71 "j_index_ri_3"
PART 72 "j_mid_ri_3"
PART 73 "j_pinky_ri_2"
PART 74 "j_ring_ri_2"
PART 75 "j_thumb_ri_3"
PART 76 "j_pinky_le_3"
PART 77 "j_ring_le_3"
PART 78 "j_pinky_ri_3"
PART 79 "j_ring_ri_3"

FRAMERATE 30
NUMFRAMES 59

FRAME 0
PART 0
OFFSET 0.000000, 0.000000, 0.000000
SCALE 1.000000, 1.000000, 1.000000
X 1.000000, 0.000000, 0.000000
Y 0.000000, 1.000000, 0.000000
Z 0.000000, 0.000000, 1.000000

PART 1
OFFSET 0.000000, 0.000000, 0.000000
SCALE 1.000000, 1.000000, 1.000000
X 1.000000, 0.000000, 0.000000
Y 0.000000, 1.000000, 0.000000
Z 0.000000, 0.000000, 1.000000

PART 2
OFFSET 0.000000, 0.000000, 0.000000
SCALE 1.000000, 1.000000, 1.000000
X 1.000000, 0.000000, 0.000000
Y 0.000000, 1.000000, 0.000000
Z 0.000000, 0.000000, 1.000000

PART 3
OFFSET 0.000000, 0.000000, 0.000000
SCALE 1.000000, 1.000000, 1.000000
X 1.000000, 0.000000, 0.000000
Y 0.000000, 1.000000, 0.000000
Z 0.000000, 0.000000, 1.000000

PART 4
OFFSET 0.000000, 0.000000, 0.000000
SCALE 1.000000, 1.000000, 1.000000
X 1.000000, 0.000000, 0.000000
Y 0.000000, 1.000000, 0.000000
Z 0.000000, 0.000000, 1.000000

PART 5
OFFSET 5.536200, -1.065800, -15.526401
SCALE 1.000000, 1.000000, 1.000000
X 0.648548, -0.421819, -0.633604
Y -0.452479, -0.883012, 0.124710
Z -0.612085, 0.205813, -0.763540

PART 6
OFFSET -5.186300, -6.970500, -2.725900
SCALE 1.000000, 1.000000, 1.000000
X -0.578115, 0.173495, 0.797297
Y -0.742487, -0.517069, -0.425856
Z 0.338373, -0.838176, 0.427743

PART 7
OFFSET 15.334298, -14.622800, -14.707299
SCALE 1.000000, 1.000000, 1.000000
X 0.685148, -0.298227, -0.664555
Y -0.014394, 0.906622, -0.421698
Z 0.728262, 0.298491, 0.616878

PART 8
OFFSET 15.159802, 0.000000, -6.752720
SCALE 1.000000, 1.000000, 1.000000
X 1.000000, 0.000000, 0.000000
Y 0.000000, 1.000000, 0.000000
Z 0.000000, 0.000000, 1.000000

PART 9
OFFSET 0.000000, 0.000000, 0.000000
SCALE 1.000000, 1.000000, 1.000000
X 1.000000, 0.000000, 0.000000
Y 0.000000, 1.000000, 0.000000
Z 0.000000, 0.000000, 1.000000

PART 10
OFFSET 0.000000, 0.000000, 0.000000
SCALE 1.000000, 1.000000, 1.000000
X 1.000000, 0.000000, 0.000000
Y 0.000000, 1.000000, 0.000000
Z 0.000000, 0.000000, 1.000000

PART 11
OFFSET 13.379634, -6.167239, -23.189318
SCALE 1.000000, 1.000000, 1.000000
X 0.561968, -0.751115, 0.346436
Y -0.438553, 0.084555, 0.894719
Z -0.701330, -0.654734, -0.281887

PART 12
OFFSET 1.805365, -9.068735, -12.368338
SCALE 1.000000, 1.000000, 1.000000
X -0.882254, 0.470726, 0.006666
Y 0.063986, 0.133928, -0.988923
Z -0.466405, -0.872055, -0.148279

PART 13
OFFSET 15.334298, -14.622800, -14.707299
SCALE 1.000000, 1.000000, 1.000000
X 0.685148, -0.298227, -0.664555
Y -0.014394, 0.906622, -0.421698
Z 0.728262, 0.298491, 0.616878

PART 14
OFFSET 20.558968, -12.432408, -19.836607
SCALE 1.000000, 1.000000, 1.000000
X 0.566484, -0.749824, 0.341849
Y 0.705959, 0.655560, 0.268072
Z -0.425109, 0.089472, 0.900709

PART 15
OFFSET 18.768411, -13.901487, -21.220649
SCALE 1.000000, 1.000000, 1.000000
X 0.566484, -0.749824, 0.341849
Y 0.705959, 0.655560, 0.268072
Z -0.425109, 0.089472, 0.900709

PART 16
OFFSET 19.699760, -12.896328, -17.940009
SCALE 1.000000, 1.000000, 1.000000
X 0.566484, -0.749824, 0.341849
Y 0.705959, 0.655560, 0.268072
Z -0.425109, 0.089472, 0.900709

PART 17
OFFSET 18.423012, -13.908196, -18.349430
SCALE 1.000000, 1.000000, 1.000000
X 0.566484, -0.749824, 0.341849
Y 0.705959, 0.655560, 0.268072
Z -0.425109, 0.089472, 0.900709

PART 18
OFFSET 17.186267, -14.675203, -19.093820
SCALE 1.000000, 1.000000, 1.000000
X 0.566484, -0.749824, 0.341849
Y 0.705959, 0.655560, 0.268072
Z -0.425109, 0.089472, 0.900709

PART 19
OFFSET 19.882299, -14.858326, -19.180647
SCALE 1.000000, 1.000000, 1.000000
X 0.692923, -0.462607, -0.553039
Y 0.557980, 0.829840, 0.004968
Z 0.456635, -0.312026, 0.833141

PART 20
OFFSET 18.159387, -12.555763, -20.242746
SCALE 1.000000, 1.000000, 1.000000
X 0.561984, -0.751140, 0.346355
Y 0.823792, 0.470592, -0.316085
Z 0.074433, 0.462960, 0.883249

PART 21
OFFSET 10.566325, -14.804769, -11.516808
SCALE 1.000000, 1.000000, 1.000000
X -0.881223, 0.472524, 0.012934
Y 0.468112, 0.868538, 0.162829
Z 0.065707, 0.149543, -0.986569

PART 22
OFFSET 11.319084, -13.199893, -10.763628
SCALE 1.000000, 1.000000, 1.000000
X -0.881223, 0.472524, 0.012934
Y 0.468112, 0.868538, 0.162829
Z 0.065707, 0.149543, -0.986569

PART 23
OFFSET 11.322621, -12.363134, -11.712486
SCALE 1.000000, 1.000000, 1.000000
X -0.881223, 0.472524, 0.012934
Y 0.468112, 0.868538, 0.162829
Z 0.065707, 0.149543, -0.986569

PART 24
OFFSET 12.014016, -14.515556, -12.445468
SCALE 1.000000, 1.000000, 1.000000
X -0.758210, 0.342826, 0.554606
Y -0.651191, -0.355536, -0.670480
Z -0.032676, -0.869519, 0.492817

PART 25
OFFSET 9.309310, -13.072462, -12.425033
SCALE 1.000000, 1.000000, 1.000000
X -0.882254, 0.470726, 0.006666
Y -0.253937, -0.463922, -0.848700
Z -0.396413, -0.750462, 0.528832

PART 26
OFFSET 19.513968, -15.660227, -14.693462
SCALE 1.000000, 1.000000, 1.000000
X 0.685148, -0.298227, -0.664555
Y -0.014394, 0.906622, -0.421698
Z 0.728262, 0.298491, 0.616878

PART 27
OFFSET 16.734511, -13.333198, -11.983318
SCALE 1.000000, 1.000000, 1.000000
X 0.685148, -0.298227, -0.664555
Y -0.014394, 0.906622, -0.421698
Z 0.728262, 0.298491, 0.616878

PART 28
OFFSET 19.634518, -15.155263, -15.655781
SCALE 1.000000, 1.000000, 1.000000
X 0.429502, -0.571469, 0.699250
Y 0.685146, -0.298219, -0.664561
Z 0.588306, 0.764518, 0.263454

PART 29
OFFSET 32.641041, -20.662157, -28.278065
SCALE 1.000000, 1.000000, 1.000000
X 0.685148, -0.298227, -0.664555
Y -0.014394, 0.906622, -0.421698
Z 0.728262, 0.298491, 0.616878

PART 30
OFFSET 26.584936, -16.687297, -19.529851
SCALE 1.000000, 1.000000, 1.000000
X 0.685148, -0.298227, -0.664555
Y -0.014394, 0.906622, -0.421698
Z 0.728262, 0.298491, 0.616878

PART 31
OFFSET 17.681066, -15.644286, -16.983529
SCALE 1.000000, 1.000000, 1.000000
X 0.685148, -0.298227, -0.664555
Y -0.014394, 0.906622, -0.421698
Z 0.728262, 0.298491, 0.616878

PART 32
OFFSET 22.833424, -15.919077, -21.641526
SCALE 1.000000, 1.000000, 1.000000
X 0.316634, -0.940862, -0.120508
Y 0.397761, 0.016365, 0.917343
Z -0.861121, -0.338396, 0.379420

PART 33
OFFSET 22.236144, -16.825948, -21.438445
SCALE 1.000000, 1.000000, 1.000000
X 0.448734, -0.893204, 0.028721
Y 0.424752, 0.241446, 0.872519
Z -0.786272, -0.379329, 0.487736

PART 34
OFFSET 19.963496, -16.201400, -19.485573
SCALE 1.000000, 1.000000, 1.000000
X 0.525583, -0.848713, -0.058721
Y 0.373735, 0.168334, 0.912133
Z -0.764255, -0.501347, 0.405667

PART 35
OFFSET 20.422963, -15.708105, -19.720243
SCALE 1.000000, 1.000000, 1.000000
X 0.576982, -0.714539, -0.395635
Y 0.339475, -0.230772, 0.911867
Z -0.742865, -0.660438, 0.109417

PART 36
OFFSET 20.919971, -14.393722, -19.082544
SCALE 1.000000, 1.000000, 1.000000
X 0.866701, -0.145528, -0.477129
Y -0.096291, 0.889700, -0.446276
Z 0.489447, 0.432731, 0.757090

PART 37
OFFSET 23.149122, -15.134074, -20.431094
SCALE 1.000000, 1.000000, 1.000000
X 0.671034, -0.682506, -0.289652
Y -0.213380, 0.196365, -0.957032
Z 0.710058, 0.704007, -0.013866

PART 38
OFFSET 22.156127, -17.035265, -19.413114
SCALE 1.000000, 1.000000, 1.000000
X -0.767714, -0.611442, 0.191710
Y -0.456526, 0.311957, -0.833227
Z 0.449665, -0.727201, -0.518633

PART 39
OFFSET 15.447382, -15.906368, -13.917680
SCALE 1.000000, 1.000000, 1.000000
X -0.715416, 0.177662, 0.675733
Y 0.156126, -0.902029, 0.402454
Z 0.681032, 0.393421, 0.617588

PART 40
OFFSET 14.665929, -16.099565, -14.674328
SCALE 1.000000, 1.000000, 1.000000
X -0.026129, -0.696903, 0.716689
Y 0.526523, -0.619024, -0.582738
Z 0.849759, 0.362127, 0.383110

PART 41
OFFSET 11.964926, -15.010671, -13.732301
SCALE 1.000000, 1.000000, 1.000000
X -0.252690, 0.490169, 0.834195
Y 0.023370, -0.858832, 0.511725
Z 0.967265, 0.148803, 0.205563

PART 42
OFFSET 12.559883, -14.971157, -13.339857
SCALE 1.000000, 1.000000, 1.000000
X -0.521755, 0.465546, 0.714869
Y -0.010117, -0.841289, 0.540491
Z 0.853035, 0.274772, 0.443657

PART 43
OFFSET 12.996892, -13.969681, -12.250266
SCALE 1.000000, 1.000000, 1.000000
X -0.722540, -0.425014, 0.545251
Y -0.281704, -0.539246, -0.793635
Z 0.631330, -0.727033, 0.269899

PART 44
OFFSET 9.391550, -13.254174, -9.306112
SCALE 1.000000, 1.000000, 1.000000
X -0.596576, 0.149621, 0.788487
Y -0.214473, 0.917015, -0.336282
Z -0.773369, -0.369727, -0.514979

PART 45
OFFSET 19.313403, -14.911891, -15.464520
SCALE 1.000000, 1.000000, 1.000000
X 0.685148, -0.298227, -0.664555
Y -0.014394, 0.906622, -0.421698
Z 0.728262, 0.298491, 0.616878

PART 46
OFFSET 23.390902, -17.575592, -21.853697
SCALE 1.000000, 1.000000, 1.000000
X 0.420524, -0.736064, 0.530443
Y 0.065444, 0.607737, 0.791437
Z -0.904918, -0.298104, 0.303738

PART 47
OFFSET 23.112762, -18.570855, -21.382336
SCALE 1.000000, 1.000000, 1.000000
X 0.580066, -0.191134, 0.791828
Y -0.167563, 0.923293, 0.345618
Z -0.797148, -0.333163, 0.503544

PART 48
OFFSET 21.301532, -18.014691, -19.564749
SCALE 1.000000, 1.000000, 1.000000
X 0.554858, -0.088773, 0.827195
Y -0.013202, 0.993226, 0.115447
Z -0.831840, -0.074978, 0.549927

PART 49
OFFSET 21.802625, -17.655622, -20.750928
SCALE 1.000000, 1.000000, 1.000000
X 0.568013, -0.636673, 0.521545
Y 0.249479, 0.737076, 0.628075
Z -0.784297, -0.226640, 0.577506

PART 50
OFFSET 22.807844, -14.594905, -20.114588
SCALE 1.000000, 1.000000, 1.000000
X 0.642902, -0.562515, -0.519860
Y 0.389230, 0.824478, -0.410774
Z 0.659680, 0.061742, 0.749006

PART 51
OFFSET 16.707004, -16.219175, -15.107434
SCALE 1.000000, 1.000000, 1.000000
X -0.722007, 0.228619, 0.653023
Y 0.152471, -0.868054, 0.472477
Z 0.674876, 0.440699, 0.591884

PART 52
OFFSET 14.716974, -14.738131, -16.074415
SCALE 1.000000, 1.000000, 1.000000
X 0.505002, -0.736632, -0.449829
Y 0.083569, 0.560449, -0.823962
Z 0.859063, 0.378511, 0.344588

PART 53
OFFSET 12.670709, -15.985021, -15.639451
SCALE 1.000000, 1.000000, 1.000000
X -0.203166, -0.804003, 0.558840
Y 0.304905, -0.594315, -0.744193
Z 0.930460, 0.019198, 0.365889

PART 54
OFFSET 13.787121, -16.238783, -15.249177
SCALE 1.000000, 1.000000, 1.000000
X -0.066168, -0.711538, 0.699526
Y 0.330299, -0.677157, -0.657542
Z 0.941554, 0.187544, 0.279826

PART 55
OFFSET 14.549058, -12.958249, -13.362677
SCALE 1.000000, 1.000000, 1.000000
X -0.346972, 0.379463, 0.857682
Y -0.726091, -0.687520, 0.010442
Z 0.593635, -0.619132, 0.514075

PART 56
OFFSET 23.957134, -18.452287, -21.227313
SCALE 1.000000, 1.000000, 1.000000
X 0.440546, -0.088214, 0.893385
Y -0.298463, 0.924159, 0.238430
Z -0.846663, -0.371682, 0.380806

PART 57
OFFSET 23.960041, -18.850036, -20.225747
SCALE 1.000000, 1.000000, 1.000000
X 0.311058, 0.507173, 0.803753
Y -0.482107, 0.813024, -0.326444
Z -0.819034, -0.285952, 0.497409

PART 58
OFFSET 22.087084, -18.140374, -18.393629
SCALE 1.000000, 1.000000, 1.000000
X 0.531468, 0.325484, 0.782050
Y -0.272225, 0.939886, -0.206175
Z -0.802144, -0.103318, 0.588124

PART 59
OFFSET 22.769654, -18.739544, -19.863010
SCALE 1.000000, 1.000000, 1.000000
X 0.525340, 0.270791, 0.806653
Y -0.361113, 0.929354, -0.076803
Z -0.770464, -0.250945, 0.586013

PART 60
OFFSET 23.896396, -15.545269, -20.845453
SCALE 1.000000, 1.000000, 1.000000
X 0.859542, -0.220583, -0.461010
Y 0.039731, 0.928170, -0.370030
Z 0.509518, 0.299740, 0.806565

PART 61
OFFSET 17.625733, -16.470344, -15.865371
SCALE 1.000000, 1.000000, 1.000000
X -0.779447, 0.320880, 0.538051
Y 0.028462, -0.839839, 0.542089
Z 0.625822, 0.437843, 0.645477

PART 62
OFFSET 13.979366, -13.662204, -15.417394
SCALE 1.000000, 1.000000, 1.000000
X 0.425964, -0.200444, -0.882257
Y -0.313861, 0.881854, -0.351888
Z 0.848555, 0.426798, 0.312727

PART 63
OFFSET 12.958350, -14.846721, -16.430651
SCALE 1.000000, 1.000000, 1.000000
X 0.215271, -0.844254, -0.490809
Y 0.350874, 0.535899, -0.767919
Z 0.911343, -0.006901, 0.411591

PART 64
OFFSET 13.899773, -15.027384, -16.440126
SCALE 1.000000, 1.000000, 1.000000
X 0.315271, -0.797335, -0.514647
Y 0.152524, 0.577826, -0.801782
Z 0.936665, 0.174283, 0.303784

PART 65
OFFSET 14.999385, -13.542500, -14.804191
SCALE 1.000000, 1.000000, 1.000000
X 0.183068, 0.594883, 0.782688
Y -0.788827, -0.386256, 0.478078
Z 0.586718, -0.704926, 0.398549

PART 66
OFFSET 24.454737, -18.551926, -20.218220
SCALE 1.000000, 1.000000, 1.000000
X -0.112226, -0.910122, -0.398852
Y -0.392374, 0.409357, -0.823692
Z 0.912934, 0.064060, -0.403049

PART 67
OFFSET 24.306872, -18.278201, -19.311663
SCALE 1.000000, 1.000000, 1.000000
X 0.121011, -0.890203, -0.439198
Y -0.628942, 0.273547, -0.727739
Z 0.767977, 0.364294, -0.526784

PART 68
OFFSET 22.558288, -17.851797, -17.700258
SCALE 1.000000, 1.000000, 1.000000
X 0.344926, 0.753651, 0.559496
Y -0.450706, 0.655847, -0.605581
Z -0.823341, -0.043288, 0.565894

PART 69
OFFSET 23.497740, -18.364246, -18.745043
SCALE 1.000000, 1.000000, 1.000000
X 0.228583, 0.744366, 0.627431
Y -0.590412, 0.618438, -0.518602
Z -0.774057, -0.251899, 0.580847

PART 70
OFFSET 24.849923, -15.754310, -21.313359
SCALE 1.000000, 1.000000, 1.000000
X 0.315400, -0.164075, -0.934667
Y -0.895231, -0.378157, -0.235709
Z -0.314776, 0.911086, -0.266156

PART 71
OFFSET 18.506120, -16.832778, -16.473101
SCALE 1.000000, 1.000000, 1.000000
X 0.404116, 0.776896, -0.482829
Y 0.661351, -0.612816, -0.432517
Z -0.631905, -0.144532, -0.761450

PART 72
OFFSET 13.490710, -13.437623, -14.420596
SCALE 1.000000, 1.000000, 1.000000
X -0.181408, -0.437308, 0.880825
Y -0.450108, 0.833282, 0.321004
Z -0.874353, -0.338234, -0.348000

PART 73
OFFSET 12.767480, -14.098166, -15.995477
SCALE 1.000000, 1.000000, 1.000000
X 0.365689, -0.108028, -0.924446
Y 0.005522, 0.993476, -0.113910
Z 0.930721, 0.036551, 0.363900

PART 74
OFFSET 13.462840, -13.922362, -15.726880
SCALE 1.000000, 1.000000, 1.000000
X 0.347817, -0.278764, -0.895162
Y -0.074570, 0.943525, -0.322799
Z 0.934592, 0.179027, 0.307386

PART 75
OFFSET 14.787992, -14.146992, -15.676937
SCALE 1.000000, 1.000000, 1.000000
X -0.404249, 0.812366, 0.420291
Y -0.315314, 0.307566, -0.897764
Z -0.858580, -0.495443, 0.131817

PART 76
OFFSET 22.885975, -17.135812, -17.168724
SCALE 1.000000, 1.000000, 1.000000
X 0.137790, -0.981960, -0.129494
Y -0.666351, 0.004824, -0.745622
Z 0.732796, 0.189028, -0.653666

PART 77
OFFSET 23.745643, -17.556961, -18.064578
SCALE 1.000000, 1.000000, 1.000000
X 0.111560, -0.975636, -0.188914
Y -0.581014, 0.090189, -0.808881
Z 0.806211, 0.200001, -0.556797

PART 78
OFFSET 12.420063, -13.995536, -15.117222
SCALE 1.000000, 1.000000, 1.000000
X -0.417475, -0.546333, 0.726109
Y -0.113276, 0.824131, 0.554957
Z -0.901600, 0.149430, -0.405941

PART 79
OFFSET 13.085619, -13.620031, -14.756040
SCALE 1.000000, 1.000000, 1.000000
X -0.196148, -0.301774, 0.932983
Y -0.300648, 0.924149, 0.235709
Z -0.933347, -0.234266, -0.271998

FRAME 1
PART 0
OFFSET 0.000000, 0.000000, 0.000000
SCALE 1.000000, 1.000000, 1.000000
X 1.000000, 0.000000, 0.000000
Y 0.000000, 1.000000, 0.000000
Z 0.000000, 0.000000, 1.000000

PART 1
OFFSET 0.000000, 0.000000, 0.000000
SCALE 1.000000, 1.000000, 1.000000
X 1.000000, 0.000000, 0.000000
Y 0.000000, 1.000000, 0.000000
Z 0.000000, 0.000000, 1.000000

PART 2
OFFSET 0.000000, 0.000000, 0.000000
SCALE 1.000000, 1.000000, 1.000000
X 1.000000, 0.000000, 0.000000
Y 0.000000, 1.000000, 0.000000
Z 0.000000, 0.000000, 1.000000

PART 3
OFFSET 0.000000, 0.000000, 0.000000
SCALE 1.000000, 1.000000, 1.000000
X 1.000000, 0.000000, 0.000000
Y 0.000000, 1.000000, 0.000000
Z 0.000000, 0.000000, 1.000000

PART 4
OFFSET 0.000000, 0.000000, 0.000000
SCALE 1.000000, 1.000000, 1.000000
X 0.999998, 0.000548, -0.001791
Y -0.000551, 0.999999, -0.001566
Z 0.001790, 0.001567, 0.999997

PART 5
OFFSET 5.517000, -1.015011, -15.440808
SCALE 1.000000, 1.000000, 1.000000
X 0.639925, -0.387741, -0.663441
Y -0.440941, -0.892363, 0.096220
Z -0.629339, 0.230965, -0.742016

PART 6
OFFSET -5.186300, -6.970500, -2.725900
SCALE 1.000000, 1.000000, 1.000000
X -0.570580, 0.163906, 0.804720
Y -0.738683, -0.530621, -0.415680
Z 0.358869, -0.831611, 0.423836

PART 7
OFFSET 15.320829, -14.406932, -14.418784
SCALE 1.000000, 1.000000, 1.000000
X 0.688005, -0.301721, -0.660010
Y -0.003485, 0.908089, -0.418763
Z 0.725698, 0.290411, 0.623718

PART 8
OFFSET 15.159802, 0.000000, -6.752720
SCALE 1.000000, 1.000000, 1.000000
X 1.000000, 0.000000, 0.000000
Y 0.000000, 1.000000, 0.000000
Z 0.000000, 0.000000, 1.000000

PART 9
OFFSET 0.000000, 0.000000, 0.000000
SCALE 1.000000, 1.000000, 1.000000
X 0.999998, 0.000548, -0.001791
Y -0.000551, 0.999999, -0.001566
Z 0.001790, 0.001567, 0.999997

PART 10
OFFSET 0.000000, 0.000000, 0.000000
SCALE 1.000000, 1.000000, 1.000000
X 0.999998, 0.000548, -0.001791
Y -0.000551, 0.999999, -0.001566
Z 0.001790, 0.001567, 0.999997

PART 11
OFFSET 13.256144, -5.704305, -23.464561
SCALE 1.000000, 1.000000, 1.000000
X 0.530397, -0.750483, 0.394277
Y -0.477993, 0.119363, 0.870216
Z -0.700145, -0.650021, -0.295416

PART 12
OFFSET 1.714238, -8.952759, -12.458104
SCALE 1.000000, 1.000000, 1.000000
X -0.887488, 0.460220, -0.023696
Y 0.085995, 0.114878, -0.989650
Z -0.452735, -0.880341, -0.141530

PART 13
OFFSET 15.320829, -14.406932, -14.418784
SCALE 1.000000, 1.000000, 1.000000
X 0.688005, -0.301721, -0.660010
Y -0.003485, 0.908089, -0.418763
Z 0.725698, 0.290411, 0.623718

PART 14
OFFSET 20.147240, -11.995462, -19.596219
SCALE 1.000000, 1.000000, 1.000000
X 0.535145, -0.749413, 0.389872
Y 0.705428, 0.650347, 0.281817
Z -0.464749, 0.124214, 0.876686

PART 15
OFFSET 18.394767, -13.472809, -21.019567
SCALE 1.000000, 1.000000, 1.000000
X 0.535145, -0.749413, 0.389872
Y 0.705428, 0.650347, 0.281817
Z -0.464749, 0.124214, 0.876686

PART 16
OFFSET 19.191743, -12.386496, -17.729488
SCALE 1.000000, 1.000000, 1.000000
X 0.535145, -0.749413, 0.389872
Y 0.705428, 0.650347, 0.281817
Z -0.464749, 0.124214, 0.876686

PART 17
OFFSET 17.915861, -13.386795, -18.168937
SCALE 1.000000, 1.000000, 1.000000
X 0.535145, -0.749413, 0.389872
Y 0.705428, 0.650347, 0.281817
Z -0.464749, 0.124214, 0.876686

PART 18
OFFSET 16.700387, -14.153254, -18.948050
SCALE 1.000000, 1.000000, 1.000000
X 0.535145, -0.749413, 0.389872
Y 0.705428, 0.650347, 0.281817
Z -0.464749, 0.124214, 0.876686

PART 19
OFFSET 19.393498, -14.388079, -18.902322
SCALE 1.000000, 1.000000, 1.000000
X 0.675397, -0.486366, -0.554334
Y 0.606895, 0.793611, 0.043133
Z 0.418947, -0.365555, 0.831176

PART 20
OFFSET 17.767372, -12.087453, -20.111086
SCALE 1.000000, 1.000000, 1.000000
X 0.530417, -0.750510, 0.394197
Y 0.847410, 0.456493, -0.271129
Z 0.023537, 0.477858, 0.878121

PART 21
OFFSET 10.516306, -14.567516, -11.269183
SCALE 1.000000, 1.000000, 1.000000
X -0.886627, 0.462156, -0.017441
Y 0.454136, 0.877135, 0.156185
Z 0.087480, 0.130557, -0.987574

PART 22
OFFSET 11.224717, -12.954454, -10.542918
SCALE 1.000000, 1.000000, 1.000000
X -0.886627, 0.462156, -0.017441
Y 0.454136, 0.877135, 0.156185
Z 0.087480, 0.130557, -0.987574

PART 23
OFFSET 11.241286, -12.136726, -11.504950
SCALE 1.000000, 1.000000, 1.000000
X -0.886627, 0.462156, -0.017441
Y 0.454136, 0.877135, 0.156185
Z 0.087480, 0.130557, -0.987574

PART 24
OFFSET 11.983456, -14.278016, -12.183917
SCALE 1.000000, 1.000000, 1.000000
X -0.759789, 0.347198, 0.549703
Y -0.648690, -0.347811, -0.676926
Z -0.043835, -0.870908, 0.489487

PART 25
OFFSET 9.262704, -12.867129, -12.256561
SCALE 1.000000, 1.000000, 1.000000
X -0.887488, 0.460220, -0.023696
Y -0.217747, -0.464111, -0.858596
Z -0.406141, -0.756834, 0.512105

PART 26
OFFSET 19.491525, -15.479055, -14.374764
SCALE 1.000000, 1.000000, 1.000000
X 0.688005, -0.301721, -0.660010
Y -0.003485, 0.908089, -0.418763
Z 0.725698, 0.290411, 0.623718

PART 27
OFFSET 16.709607, -13.137941, -11.679314
SCALE 1.000000, 1.000000, 1.000000
X 0.688005, -0.301721, -0.660010
Y -0.003485, 0.908089, -0.418763
Z 0.725698, 0.290411, 0.623718

PART 28
OFFSET 19.624020, -14.971952, -15.334385
SCALE 1.000000, 1.000000, 1.000000
X 0.419095, -0.577305, 0.700769
Y 0.688002, -0.301713, -0.660017
Z 0.592463, 0.758741, 0.270741

PART 29
OFFSET 32.686102, -20.545167, -27.869890
SCALE 1.000000, 1.000000, 1.000000
X 0.688005, -0.301721, -0.660010
Y -0.003485, 0.908089, -0.418763
Z 0.725698, 0.290411, 0.623718

PART 30
OFFSET 26.592601, -16.548902, -19.157469
SCALE 1.000000, 1.000000, 1.000000
X 0.688005, -0.301721, -0.660010
Y -0.003485, 0.908089, -0.418763
Z 0.725698, 0.290411, 0.623718

PART 31
OFFSET 17.677381, -15.440387, -16.679450
SCALE 1.000000, 1.000000, 1.000000
X 0.688005, -0.301721, -0.660010
Y -0.003485, 0.908089, -0.418763
Z 0.725698, 0.290411, 0.623718

PART 32
OFFSET 22.327231, -15.548836, -21.338734
SCALE 1.000000, 1.000000, 1.000000
X 0.273517, -0.945607, -0.176111
Y 0.372085, -0.064821, 0.925932
Z -0.886984, -0.318787, 0.334117

PART 33
OFFSET 21.671994, -16.423475, -21.177270
SCALE 1.000000, 1.000000, 1.000000
X 0.394366, -0.918803, -0.016617
Y 0.418226, 0.163350, 0.893534
Z -0.818268, -0.359330, 0.448687

PART 34
OFFSET 19.399871, -15.723284, -19.249607
SCALE 1.000000, 1.000000, 1.000000
X 0.472682, -0.877966, -0.075817
Y 0.363885, 0.116101, 0.924180
Z -0.802596, -0.464432, 0.374357

PART 35
OFFSET 19.893253, -15.251818, -19.458924
SCALE 1.000000, 1.000000, 1.000000
X 0.541967, -0.733995, -0.409296
Y 0.305166, -0.281900, 0.909619
Z -0.783036, -0.617886, 0.071210

PART 36
OFFSET 20.455016, -13.991104, -18.768777
SCALE 1.000000, 1.000000, 1.000000
X 0.872207, -0.170642, -0.458406
Y -0.036498, 0.911856, -0.408883
Z 0.487774, 0.373362, 0.789099

PART 37
OFFSET 22.663759, -14.823285, -20.097217
SCALE 1.000000, 1.000000, 1.000000
X 0.634605, -0.712739, -0.298798
Y -0.180528, 0.239218, -0.954036
Z 0.751456, 0.659377, 0.023140

PART 38
OFFSET 21.536015, -16.691481, -19.161864
SCALE 1.000000, 1.000000, 1.000000
X -0.807213, -0.569136, 0.156494
Y -0.418843, 0.365480, -0.831261
Z 0.415905, -0.736551, -0.533399

PART 39
OFFSET 15.416942, -15.692204, -13.633402
SCALE 1.000000, 1.000000, 1.000000
X -0.719341, 0.181267, 0.670590
Y 0.145413, -0.904673, 0.400526
Z 0.679267, 0.385628, 0.624410

PART 40
OFFSET 14.640037, -15.876305, -14.396967
SCALE 1.000000, 1.000000, 1.000000
X -0.037660, -0.699125, 0.714007
Y 0.526061, -0.621361, -0.580663
Z 0.849613, 0.353744, 0.391183

PART 41
OFFSET 11.940636, -14.768277, -13.472830
SCALE 1.000000, 1.000000, 1.000000
X -0.255338, 0.489376, 0.833855
Y 0.012144, -0.860752, 0.508880
Z 0.966776, 0.140063, 0.213840

PART 42
OFFSET 12.532720, -14.735053, -13.075489
SCALE 1.000000, 1.000000, 1.000000
X -0.523627, 0.467398, 0.712288
Y -0.021428, -0.843031, 0.537438
Z 0.851678, 0.266154, 0.451449

PART 43
OFFSET 12.969210, -13.740992, -11.978922
SCALE 1.000000, 1.000000, 1.000000
X -0.730398, -0.420876, 0.537942
Y -0.279755, -0.534156, -0.797756
Z 0.623102, -0.733171, 0.272405

PART 44
OFFSET 9.346320, -13.005716, -9.061300
SCALE 1.000000, 1.000000, 1.000000
X -0.601647, 0.151852, 0.784195
Y -0.204165, 0.919915, -0.334772
Z -0.772229, -0.361520, -0.522461

PART 45
OFFSET 19.303394, -14.726553, -15.144903
SCALE 1.000000, 1.000000, 1.000000
X 0.688005, -0.301721, -0.660010
Y -0.003485, 0.908089, -0.418763
Z 0.725698, 0.290411, 0.623718

PART 46
OFFSET 22.808795, -17.213707, -21.648802
SCALE 1.000000, 1.000000, 1.000000
X 0.366887, -0.803820, 0.468260
Y 0.083326, 0.529735, 0.844060
Z -0.926526, -0.270657, 0.261332

PART 47
OFFSET 22.442404, -18.218391, -21.209733
SCALE 1.000000, 1.000000, 1.000000
X 0.553309, -0.301436, 0.776521
Y -0.102769, 0.900400, 0.422752
Z -0.826612, -0.313715, 0.467221

PART 48
OFFSET 20.623422, -17.614082, -19.361158
SCALE 1.000000, 1.000000, 1.000000
X 0.535492, -0.183002, 0.824475
Y 0.052958, 0.981596, 0.183481
Z -0.842878, -0.054590, 0.535328

PART 49
OFFSET 21.176827, -17.242384, -20.530691
SCALE 1.000000, 1.000000, 1.000000
X 0.515934, -0.702862, 0.489691
Y 0.282103, 0.679170, 0.677603
Z -0.808845, -0.211455, 0.548686

PART 50
OFFSET 22.360645, -14.247572, -19.754908
SCALE 1.000000, 1.000000, 1.000000
X 0.629535, -0.571037, -0.526879
Y 0.442050, 0.820907, -0.361529
Z 0.638965, -0.005312, 0.769217

PART 51
OFFSET 16.683475, -16.011358, -14.814099
SCALE 1.000000, 1.000000, 1.000000
X -0.725327, 0.232353, 0.648007
Y 0.141478, -0.870910, 0.470638
Z 0.673709, 0.433045, 0.598822

PART 52
OFFSET 14.713608, -14.510530, -15.791815
SCALE 1.000000, 1.000000, 1.000000
X 0.502499, -0.739245, -0.448344
Y 0.094831, 0.562568, -0.821295
Z 0.859361, 0.370183, 0.352793

PART 53
OFFSET 12.653675, -15.741882, -15.377660
SCALE 1.000000, 1.000000, 1.000000
X -0.214302, -0.804207, 0.554369
Y 0.305963, -0.594261, -0.743801
Z 0.927611, 0.010219, 0.373409

PART 54
OFFSET 13.764766, -16.006244, -14.979334
SCALE 1.000000, 1.000000, 1.000000
X -0.077683, -0.713367, 0.696472
Y 0.329970, -0.677608, -0.657242
Z 0.940789, 0.178758, 0.288029

PART 55
OFFSET 14.538596, -12.738655, -13.075289
SCALE 1.000000, 1.000000, 1.000000
X -0.350716, 0.379378, 0.856196
Y -0.731813, -0.681502, 0.002205
Z 0.584335, -0.625802, 0.516647

PART 56
OFFSET 23.311137, -18.174440, -21.095434
SCALE 1.000000, 1.000000, 1.000000
X 0.423302, -0.219901, 0.878896
Y -0.238136, 0.908980, 0.342121
Z -0.874132, -0.354117, 0.332407

PART 57
OFFSET 23.250599, -18.658685, -20.075502
SCALE 1.000000, 1.000000, 1.000000
X 0.345608, 0.393610, 0.851837
Y -0.408392, 0.880388, -0.241109
Z -0.844849, -0.264554, 0.465016

PART 58
OFFSET 21.381556, -17.873171, -18.193890
SCALE 1.000000, 1.000000, 1.000000
X 0.540633, 0.236030, 0.807469
Y -0.205573, 0.967802, -0.145257
Z -0.815754, -0.087463, 0.571747

PART 59
OFFSET 22.055193, -18.438990, -19.697003
SCALE 1.000000, 1.000000, 1.000000
X 0.532462, 0.159273, 0.831334
Y -0.285610, 0.958346, -0.000676
Z -0.796813, -0.237078, 0.555773

PART 60
OFFSET 23.422150, -15.218991, -20.497779
SCALE 1.000000, 1.000000, 1.000000
X 0.859860, -0.254150, -0.442773
Y 0.106755, 0.937618, -0.330872
Z 0.499243, 0.237236, 0.833352

PART 61
OFFSET 17.606169, -16.267531, -15.565516
SCALE 1.000000, 1.000000, 1.000000
X -0.781074, 0.325483, 0.532901
Y 0.017149, -0.841906, 0.539351
Z 0.624203, 0.430412, 0.652009

PART 62
OFFSET 13.979656, -13.430787, -15.136962
SCALE 1.000000, 1.000000, 1.000000
X 0.431380, -0.200934, -0.879509
Y -0.303714, 0.885634, -0.351298
Z 0.849511, 0.418663, 0.321019

PART 63
OFFSET 12.957081, -14.603292, -16.162531
SCALE 1.000000, 1.000000, 1.000000
X 0.212229, -0.844318, -0.492023
Y 0.361467, 0.535608, -0.763195
Z 0.907910, -0.015878, 0.418864

PART 64
OFFSET 13.897022, -14.791730, -16.165084
SCALE 1.000000, 1.000000, 1.000000
X 0.312799, -0.798148, -0.514894
Y 0.163751, 0.579296, -0.798500
Z 0.935597, 0.165456, 0.311900

PART 65
OFFSET 14.995667, -13.321662, -14.515183
SCALE 1.000000, 1.000000, 1.000000
X 0.181674, 0.590648, 0.786212
Y -0.795819, -0.381338, 0.470377
Z 0.577639, -0.711137, 0.400770

PART 66
OFFSET 23.789263, -18.422822, -20.102707
SCALE 1.000000, 1.000000, 1.000000
X -0.168799, -0.848614, -0.501360
Y -0.354370, 0.526897, -0.772529
Z 0.919744, 0.047265, -0.389663

PART 67
OFFSET 23.636328, -18.215366, -19.107246
SCALE 1.000000, 1.000000, 1.000000
X 0.049065, -0.847491, -0.528537
Y -0.596790, 0.399449, -0.695904
Z 0.800896, 0.349570, -0.486175

PART 68
OFFSET 21.860885, -17.663906, -17.477982
SCALE 1.000000, 1.000000, 1.000000
X 0.389902, 0.683410, 0.617193
Y -0.393420, 0.729616, -0.559358
Z -0.832585, -0.024721, 0.553346

PART 69
OFFSET 22.793149, -18.218249, -18.544831
SCALE 1.000000, 1.000000, 1.000000
X 0.284044, 0.658562, 0.696861
Y -0.527982, 0.714110, -0.459654
Z -0.800346, -0.237368, 0.550547

PART 70
OFFSET 24.376690, -15.467033, -20.944071
SCALE 1.000000, 1.000000, 1.000000
X 0.336047, -0.146758, -0.930341
Y -0.907674, -0.314121, -0.278308
Z -0.251396, 0.937971, -0.238768

PART 71
OFFSET 18.488394, -16.635166, -16.167430
SCALE 1.000000, 1.000000, 1.000000
X 0.414402, 0.775172, -0.476843
Y 0.659722, -0.616791, -0.429342
Z -0.626927, -0.136663, -0.766998

PART 72
OFFSET 13.484866, -13.205591, -14.143334
SCALE 1.000000, 1.000000, 1.000000
X -0.192092, -0.438810, 0.877808
Y -0.445766, 0.835882, 0.320304
Z -0.874296, -0.329769, -0.356173

PART 73
OFFSET 12.768910, -13.854681, -15.726281
SCALE 1.000000, 1.000000, 1.000000
X 0.372216, -0.107878, -0.921855
Y 0.014655, 0.993782, -0.110378
Z 0.928030, 0.027575, 0.371483

PART 74
OFFSET 13.463516, -13.685581, -15.451496
SCALE 1.000000, 1.000000, 1.000000
X 0.352696, -0.278557, -0.893315
Y -0.064162, 0.945218, -0.320074
Z 0.933536, 0.170205, 0.315502

PART 75
OFFSET 14.786315, -13.921374, -15.391710
SCALE 1.000000, 1.000000, 1.000000
X -0.400886, 0.814244, 0.419878
Y -0.305520, 0.313258, -0.899181
Z -0.863683, -0.488750, 0.123188

PART 76
OFFSET 22.231301, -17.014651, -16.891635
SCALE 1.000000, 1.000000, 1.000000
X 0.068769, -0.977207, -0.200840
Y -0.653202, 0.108059, -0.749433
Z 0.754054, 0.182727, -0.630883

PART 77
OFFSET 23.101202, -17.504021, -17.789066
SCALE 1.000000, 1.000000, 1.000000
X 0.029171, -0.959268, -0.280987
Y -0.560584, 0.217039, -0.799150
Z 0.827584, 0.180828, -0.531419

PART 78
OFFSET 12.415292, -13.752193, -14.850488
SCALE 1.000000, 1.000000, 1.000000
X -0.427821, -0.545343, 0.720813
Y -0.110926, 0.823129, 0.556914
Z -0.897031, 0.158302, -0.412645

PART 79
OFFSET 13.081003, -13.383474, -14.482659
SCALE 1.000000, 1.000000, 1.000000
X -0.206136, -0.303345, 0.930317
Y -0.294875, 0.925797, 0.236534
Z -0.933036, -0.225569, -0.280289

FRAME 2
PART 0
OFFSET 0.000000, 0.000000, 0.000000
SCALE 1.000000, 1.000000, 1.000000
X 1.000000, 0.000000, 0.000000
Y 0.000000, 1.000000, 0.000000
Z 0.000000, 0.000000, 1.000000

PART 1
OFFSET 0.000000, 0.000000, 0.000000
SCALE 1.000000, 1.000000, 1.000000
X 1.000000, 0.000000, 0.000000
Y 0.000000, 1.000000, 0.000000
Z 0.000000, 0.000000, 1.000000

PART 2
OFFSET 0.000000, 0.000000, 0.000000
SCALE 1.000000, 1.000000, 1.000000
X 1.000000, 0.000000, 0.000000
Y 0.000000, 1.000000, 0.000000
Z 0.000000, 0.000000, 1.000000

PART 3
OFFSET 0.000000, 0.000000, 0.000000
SCALE 1.000000, 1.000000, 1.000000
X 1.000000, 0.000000, 0.000000
Y 0.000000, 1.000000, 0.000000
Z 0.000000, 0.000000, 1.000000

PART 4
OFFSET 0.000000, 0.000000, 0.000000
SCALE 1.000000, 1.000000, 1.000000
X 0.999993, 0.001093, -0.003583
Y -0.001104, 0.999994, -0.003131
Z 0.003579, 0.003135, 0.999989

PART 5
OFFSET 5.462188, -0.870151, -15.196434
SCALE 1.000000, 1.000000, 1.000000
X 0.621257, -0.299432, -0.724141
Y -0.412308, -0.910757, 0.022869
Z -0.666364, 0.284362, -0.689273

PART 6
OFFSET -5.186300, -6.970500, -2.725900
SCALE 1.000000, 1.000000, 1.000000
X -0.552872, 0.142459, 0.820998
Y -0.725464, -0.566994, -0.390153
Z 0.409920, -0.811309, 0.416824

PART 7
OFFSET 15.280422, -13.826966, -13.648471
SCALE 1.000000, 1.000000, 1.000000
X 0.696578, -0.311812, -0.646182
Y 0.026478, 0.911185, -0.411146
Z 0.716992, 0.269286, 0.642968

PART 8
OFFSET 15.159802, 0.000000, -6.752720
SCALE 1.000000, 1.000000, 1.000000
X 1.000000, 0.000000, 0.000000
Y 0.000000, 1.000000, 0.000000
Z 0.000000, 0.000000, 1.000000

PART 9
OFFSET 0.000000, 0.000000, 0.000000
SCALE 1.000000, 1.000000, 1.000000
X 0.999993, 0.001093, -0.003583
Y -0.001104, 0.999994, -0.003131
Z 0.003579, 0.003135, 0.999989

PART 10
OFFSET 0.000000, 0.000000, 0.000000
SCALE 1.000000, 1.000000, 1.000000
X 0.999993, 0.001093, -0.003583
Y -0.001104, 0.999994, -0.003131
Z 0.003579, 0.003135, 0.999989

PART 11
OFFSET 12.975563, -4.491428, -23.954287
SCALE 1.000000, 1.000000, 1.000000
X 0.445140, -0.743375, 0.499243
Y -0.565323, 0.199078, 0.800486
Z -0.694450, -0.638562, -0.331630

PART 12
OFFSET 1.500085, -8.693388, -12.654973
SCALE 1.000000, 1.000000, 1.000000
X -0.898333, 0.427638, -0.100621
Y 0.143386, 0.068911, -0.987265
Z -0.415258, -0.901320, -0.123223

PART 13
OFFSET 15.280422, -13.826966, -13.648471
SCALE 1.000000, 1.000000, 1.000000
X 0.696578, -0.311812, -0.646182
Y 0.026478, 0.911185, -0.411146
Z 0.716992, 0.269286, 0.642968

PART 14
OFFSET 19.070906, -10.787595, -18.931430
SCALE 1.000000, 1.000000, 1.000000
X 0.450395, -0.742813, 0.495351
Y 0.701224, 0.637727, 0.318732
Z -0.552657, 0.203797, 0.808107

PART 15
OFFSET 17.416385, -12.284017, -20.448921
SCALE 1.000000, 1.000000, 1.000000
X 0.450395, -0.742813, 0.495351
Y 0.701224, 0.637727, 0.318732
Z -0.552657, 0.203797, 0.808107

PART 16
OFFSET 17.895300, -11.008491, -17.165151
SCALE 1.000000, 1.000000, 1.000000
X 0.450395, -0.742813, 0.495351
Y 0.701224, 0.637727, 0.318732
Z -0.552657, 0.203797, 0.808107

PART 17
OFFSET 16.627985, -11.981722, -17.683144
SCALE 1.000000, 1.000000, 1.000000
X 0.450395, -0.742813, 0.495351
Y 0.701224, 0.637727, 0.318732
Z -0.552657, 0.203797, 0.808107

PART 18
OFFSET 15.470043, -12.747727, -18.545885
SCALE 1.000000, 1.000000, 1.000000
X 0.450395, -0.742813, 0.495351
Y 0.701224, 0.637727, 0.318732
Z -0.552657, 0.203797, 0.808107

PART 19
OFFSET 18.126406, -13.092959, -18.177474
SCALE 1.000000, 1.000000, 1.000000
X 0.628579, -0.545201, -0.554657
Y 0.720061, 0.677484, 0.150092
Z 0.293941, -0.493731, 0.818430

PART 20
OFFSET 16.761650, -10.814122, -19.708035
SCALE 1.000000, 1.000000, 1.000000
X 0.445140, -0.743375, 0.499243
Y 0.877004, 0.474534, -0.075379
Z -0.180873, 0.471392, 0.863177

PART 21
OFFSET 10.378907, -13.938503, -10.617017
SCALE 1.000000, 1.000000, 1.000000
X -0.897920, 0.429909, -0.094431
Y 0.415851, 0.898889, 0.138081
Z 0.144245, 0.084716, -0.985909

PART 22
OFFSET 10.974434, -12.306890, -9.960266
SCALE 1.000000, 1.000000, 1.000000
X -0.897920, 0.429909, -0.094431
Y 0.415851, 0.898889, 0.138081
Z 0.144245, 0.084716, -0.985909

PART 23
OFFSET 11.024288, -11.536746, -10.952494
SCALE 1.000000, 1.000000, 1.000000
X -0.897920, 0.429909, -0.094431
Y 0.415851, 0.898889, 0.138081
Z 0.144245, 0.084716, -0.985909

PART 24
OFFSET 11.894783, -13.641626, -11.490680
SCALE 1.000000, 1.000000, 1.000000
X -0.764737, 0.359694, 0.534600
Y -0.640001, -0.327875, -0.694908
Z -0.074673, -0.873566, 0.480943

PART 25
OFFSET 9.140786, -12.330627, -11.799151
SCALE 1.000000, 1.000000, 1.000000
X -0.898333, 0.427638, -0.100621
Y -0.123454, -0.465543, -0.876372
Z -0.421613, -0.774852, 0.471006

PART 26
OFFSET 19.424204, -14.992078, -13.515569
SCALE 1.000000, 1.000000, 1.000000
X 0.696578, -0.311812, -0.646182
Y 0.026478, 0.911185, -0.411146
Z 0.716992, 0.269286, 0.642968

PART 27
OFFSET 16.631757, -12.610683, -10.866696
SCALE 1.000000, 1.000000, 1.000000
X 0.696578, -0.311812, -0.646182
Y 0.026478, 0.911185, -0.411146
Z 0.716992, 0.269286, 0.642968

PART 28
OFFSET 19.590518, -14.480567, -14.467558
SCALE 1.000000, 1.000000, 1.000000
X 0.389558, -0.591958, 0.705571
Y 0.696576, -0.311804, -0.646188
Z 0.602516, 0.743212, 0.290878

PART 29
OFFSET 32.818918, -20.245371, -26.739235
SCALE 1.000000, 1.000000, 1.000000
X 0.696578, -0.311812, -0.646182
Y 0.026478, 0.911185, -0.411146
Z 0.716992, 0.269286, 0.642968

PART 30
OFFSET 26.610973, -16.182497, -18.139140
SCALE 1.000000, 1.000000, 1.000000
X 0.696578, -0.311812, -0.646182
Y 0.026478, 0.911185, -0.411146
Z 0.716992, 0.269286, 0.642968

PART 31
OFFSET 17.666340, -14.894985, -15.861772
SCALE 1.000000, 1.000000, 1.000000
X 0.696578, -0.311812, -0.646182
Y 0.026478, 0.911185, -0.411146
Z 0.716992, 0.269286, 0.642968

PART 32
OFFSET 21.009519, -14.522911, -20.529738
SCALE 1.000000, 1.000000, 1.000000
X 0.176666, -0.931339, -0.318427
Y 0.262240, -0.267284, 0.927248
Z -0.948693, -0.247318, 0.197015

PART 33
OFFSET 20.214083, -15.288297, -20.486558
SCALE 1.000000, 1.000000, 1.000000
X 0.254617, -0.956807, -0.140326
Y 0.357869, -0.041579, 0.932846
Z -0.898388, -0.287737, 0.331825

PART 34
OFFSET 17.946725, -14.379515, -18.642134
SCALE 1.000000, 1.000000, 1.000000
X 0.330086, -0.935538, -0.125750
Y 0.309463, -0.018604, 0.950730
Z -0.891783, -0.352737, 0.283373

PART 35
OFFSET 18.522468, -13.980266, -18.778661
SCALE 1.000000, 1.000000, 1.000000
X 0.448646, -0.776708, -0.442087
Y 0.189046, -0.400994, 0.896362
Z -0.873486, -0.485724, -0.033071

PART 36
OFFSET 19.224744, -12.887146, -17.946089
SCALE 1.000000, 1.000000, 1.000000
X 0.884400, -0.245426, -0.396992
Y 0.127499, 0.945271, -0.300344
Z 0.448977, 0.215008, 0.867289

PART 37
OFFSET 21.365017, -13.962625, -19.210367
SCALE 1.000000, 1.000000, 1.000000
X 0.533910, -0.781280, -0.323329
Y -0.070192, 0.340120, -0.937759
Z 0.842623, 0.523374, 0.126754

PART 38
OFFSET 19.890505, -15.688621, -18.514955
SCALE 1.000000, 1.000000, 1.000000
X -0.896367, -0.439681, 0.056624
Y -0.293847, 0.493647, -0.818515
Z 0.331933, -0.750329, -0.571688

PART 39
OFFSET 15.329534, -15.120531, -12.870930
SCALE 1.000000, 1.000000, 1.000000
X -0.730845, 0.191947, 0.654997
Y 0.115837, -0.910840, 0.396172
Z 0.672642, 0.365414, 0.643448

PART 40
OFFSET 14.567058, -15.281193, -13.654082
SCALE 1.000000, 1.000000, 1.000000
X -0.070019, -0.703751, 0.706988
Y 0.525803, -0.628317, -0.573366
Z 0.847720, 0.331590, 0.414028

PART 41
OFFSET 11.871684, -14.120577, -12.784342
SCALE 1.000000, 1.000000, 1.000000
X -0.264142, 0.488323, 0.831727
Y -0.018959, -0.864816, 0.501730
Z 0.964297, 0.116760, 0.237693

PART 42
OFFSET 12.454776, -14.103721, -12.372922
SCALE 1.000000, 1.000000, 1.000000
X -0.529893, 0.473302, 0.703704
Y -0.052798, -0.846578, 0.529640
Z 0.846420, 0.243498, 0.473585

PART 43
OFFSET 12.887039, -13.128371, -11.258032
SCALE 1.000000, 1.000000, 1.000000
X -0.752070, -0.408728, 0.517042
Y -0.272518, -0.521441, -0.808600
Z 0.600104, -0.749027, 0.280774

PART 44
OFFSET 9.213180, -12.335601, -8.420294
SCALE 1.000000, 1.000000, 1.000000
X -0.616554, 0.159015, 0.771087
Y -0.175778, 0.926867, -0.331691
Z -0.767439, -0.340046, -0.543513

PART 45
OFFSET 19.271002, -14.229572, -14.283611
SCALE 1.000000, 1.000000, 1.000000
X 0.696578, -0.311812, -0.646182
Y 0.026478, 0.911185, -0.411146
Z 0.716992, 0.269286, 0.642968

PART 46
OFFSET 21.320564, -16.162662, -21.090373
SCALE 1.000000, 1.000000, 1.000000
X 0.213490, -0.934905, 0.283504
Y 0.073865, 0.304810, 0.949544
Z -0.974149, -0.181778, 0.134131

PART 47
OFFSET 20.711486, -17.157455, -20.760690
SCALE 1.000000, 1.000000, 1.000000
X 0.432263, -0.567782, 0.700551
Y 0.031264, 0.785851, 0.617625
Z -0.901205, -0.245075, 0.357445

PART 48
OFFSET 18.856197, -16.432452, -18.849372
SCALE 1.000000, 1.000000, 1.000000
X 0.439692, -0.419406, 0.794210
Y 0.204567, 0.907797, 0.366137
Z -0.874542, 0.001481, 0.484947

PART 49
