// Export filename: 'H:\01 Ricko0z\CoD World at War MT GCZ\xanim_export\guns\m27\m27_putaway.xanim_export'
// Source filename: 'C:\Users\Ricardo\Desktop\Working Gun\M27\01 Escenas\m27_handed.mb'
// Export time: Mon Jun 22 2015, 12:44:12

ANIMATION
VERSION 3

NUMPARTS 80
PART 0 "tag_view"
PART 1 "tag_ads"
PART 2 "tag_cambone"
PART 3 "tag_torso"
PART 4 "tag_camera"
PART 5 "j_shoulder_le"
PART 6 "j_shoulder_ri"
PART 7 "tag_weapon"
PART 8 "tag_weapon1"
PART 9 "tag_gasmask"
PART 10 "tag_gasmask2"
PART 11 "j_elbow_le"
PART 12 "j_elbow_ri"
PART 13 "j_gun"
PART 14 "j_sleave_reshape_bottom_le_1"
PART 15 "j_sleave_reshape_bottom_le_2"
PART 16 "j_sleave_reshape_top_le_1"
PART 17 "j_sleave_reshape_top_le_2"
PART 18 "j_sleave_reshape_top_le_3"
PART 19 "j_wrist_le"
PART 20 "j_wristtwist_le"
PART 21 "j_sleave_reshape_top_ri_1"
PART 22 "j_sleave_reshape_top_ri_2"
PART 23 "j_sleave_reshape_top_ri_3"
PART 24 "j_wrist_ri"
PART 25 "j_wristtwist_ri"
PART 26 "j_bolt"
PART 27 "j_handle"
PART 28 "tag_brass"
PART 29 "tag_flash"
PART 30 "tag_sights"
PART 31 "tag_clip"
PART 32 "j_index_le_0"
PART 33 "j_mid_le_0"
PART 34 "j_pinkypalm_le"
PART 35 "j_ringpalm_le"
PART 36 "j_thumb_le_0"
PART 37 "j_webbing_le"
PART 38 "tag_knife_attach"
PART 39 "j_index_ri_0"
PART 40 "j_mid_ri_0"
PART 41 "j_pinkypalm_ri"
PART 42 "j_ringpalm_ri"
PART 43 "j_thumb_ri_0"
PART 44 "j_webbing_ri"
PART 45 "tag_bullet"
PART 46 "j_index_le_1"
PART 47 "j_mid_le_1"
PART 48 "j_pinky_le_0"
PART 49 "j_ring_le_0"
PART 50 "j_thumb_le_1"
PART 51 "j_index_ri_1"
PART 52 "j_mid_ri_1"
PART 53 "j_pinky_ri_0"
PART 54 "j_ring_ri_0"
PART 55 "j_thumb_ri_1"
PART 56 "j_index_le_2"
PART 57 "j_mid_le_2"
PART 58 "j_pinky_le_1"
PART 59 "j_ring_le_1"
PART 60 "j_thumb_le_2"
PART 61 "j_index_ri_2"
PART 62 "j_mid_ri_2"
PART 63 "j_pinky_ri_1"
PART 64 "j_ring_ri_1"
PART 65 "j_thumb_ri_2"
PART 66 "j_index_le_3"
PART 67 "j_mid_le_3"
PART 68 "j_pinky_le_2"
PART 69 "j_ring_le_2"
PART 70 "j_thumb_le_3"
PART 71 "j_index_ri_3"
PART 72 "j_mid_ri_3"
PART 73 "j_pinky_ri_2"
PART 74 "j_ring_ri_2"
PART 75 "j_thumb_ri_3"
PART 76 "j_pinky_le_3"
PART 77 "j_ring_le_3"
PART 78 "j_pinky_ri_3"
PART 79 "j_ring_ri_3"

FRAMERATE 30
NUMFRAMES 21

FRAME 0
PART 0
OFFSET 0.000000, 0.000000, 0.000000
SCALE 1.000000, 1.000000, 1.000000
X 1.000000, 0.000000, 0.000000
Y 0.000000, 1.000000, 0.000000
Z 0.000000, 0.000000, 1.000000

PART 1
OFFSET 0.000000, 0.000000, 0.000000
SCALE 1.000000, 1.000000, 1.000000
X 1.000000, 0.000000, 0.000000
Y 0.000000, 1.000000, 0.000000
Z 0.000000, 0.000000, 1.000000

PART 2
OFFSET 0.000000, 0.000000, 0.000000
SCALE 1.000000, 1.000000, 1.000000
X 1.000000, 0.000000, 0.000000
Y 0.000000, 1.000000, 0.000000
Z 0.000000, 0.000000, 1.000000

PART 3
OFFSET 0.000000, 0.000000, 0.000000
SCALE 1.000000, 1.000000, 1.000000
X 1.000000, 0.000000, 0.000000
Y 0.000000, 1.000000, 0.000000
Z 0.000000, 0.000000, 1.000000

PART 4
OFFSET 0.000000, 0.000000, 0.000000
SCALE 1.000000, 1.000000, 1.000000
X 1.000000, 0.000000, 0.000000
Y 0.000000, 1.000000, 0.000000
Z 0.000000, 0.000000, 1.000000

PART 5
OFFSET 0.462600, 4.302200, -5.020600
SCALE 1.000000, 1.000000, 1.000000
X 0.963120, 0.112508, -0.244421
Y -0.002020, -0.905338, -0.424688
Z -0.269064, 0.409519, -0.871722

PART 6
OFFSET -5.186300, -6.970500, -2.725900
SCALE 1.000000, 1.000000, 1.000000
X -0.537759, 0.021019, 0.842836
Y -0.202545, -0.973633, -0.104950
Z 0.818407, -0.227150, 0.527837

PART 7
OFFSET 12.832400, -2.968800, -4.013638
SCALE 1.000000, 1.000000, 1.000000
X 1.000000, 0.000000, 0.000000
Y 0.000000, 1.000000, 0.000000
Z 0.000000, 0.000000, 1.000000

PART 8
OFFSET 15.159802, 0.000000, -6.752720
SCALE 1.000000, 1.000000, 1.000000
X 1.000000, 0.000000, 0.000000
Y 0.000000, 1.000000, 0.000000
Z 0.000000, 0.000000, 1.000000

PART 9
OFFSET 0.000000, 0.000000, 0.000000
SCALE 1.000000, 1.000000, 1.000000
X 1.000000, 0.000000, 0.000000
Y 0.000000, 1.000000, 0.000000
Z 0.000000, 0.000000, 1.000000

PART 10
OFFSET 0.000000, 0.000000, 0.000000
SCALE 1.000000, 1.000000, 1.000000
X 1.000000, 0.000000, 0.000000
Y 0.000000, 1.000000, 0.000000
Z 0.000000, 0.000000, 1.000000

PART 11
OFFSET 12.110428, 5.662739, -7.976643
SCALE 1.000000, 1.000000, 1.000000
X 0.711537, -0.626147, 0.318833
Y -0.688779, -0.531838, 0.492679
Z -0.138922, -0.570165, -0.809699

PART 12
OFFSET 1.317336, -7.224701, -12.919128
SCALE 1.000000, 1.000000, 1.000000
X -0.665856, -0.297958, -0.684000
Y 0.705421, 0.047092, -0.707223
Z 0.242934, -0.953417, 0.178829

PART 13
OFFSET 12.832400, -2.968800, -4.013638
SCALE 1.000000, 1.000000, 1.000000
X 1.000000, 0.000000, 0.000000
Y 0.000000, 1.000000, 0.000000
Z 0.000000, 0.000000, 1.000000

PART 14
OFFSET 19.883889, 0.894596, -3.634150
SCALE 1.000000, 1.000000, 1.000000
X 0.715980, -0.621453, 0.318071
Y 0.146806, 0.579449, 0.801677
Z -0.682511, -0.527290, 0.506107

PART 15
OFFSET 19.647038, -0.046070, -6.151841
SCALE 1.000000, 1.000000, 1.000000
X 0.715980, -0.621453, 0.318071
Y 0.146806, 0.579449, 0.801677
Z -0.682511, -0.527290, 0.506107

PART 16
OFFSET 18.802451, -0.726871, -2.765907
SCALE 1.000000, 1.000000, 1.000000
X 0.715980, -0.621453, 0.318071
Y 0.146806, 0.579449, 0.801677
Z -0.682511, -0.527290, 0.506107

PART 17
OFFSET 18.424896, -1.676264, -4.099253
SCALE 1.000000, 1.000000, 1.000000
X 0.715980, -0.621453, 0.318071
Y 0.146806, 0.579449, 0.801677
Z -0.682511, -0.527290, 0.506107

PART 18
OFFSET 18.067853, -2.239771, -5.590774
SCALE 1.000000, 1.000000, 1.000000
X 0.715980, -0.621453, 0.318071
Y 0.146806, 0.579449, 0.801677
Z -0.682511, -0.527290, 0.506107

PART 19
OFFSET 20.343625, -1.582415, -4.287421
SCALE 1.000000, 1.000000, 1.000000
X 0.954661, -0.196470, 0.223655
Y -0.004177, 0.742375, 0.669971
Z -0.297665, -0.640530, 0.707896

PART 20
OFFSET 18.162282, 0.337151, -5.264861
SCALE 1.000000, 1.000000, 1.000000
X 0.711499, -0.626195, 0.318825
Y 0.259317, 0.655683, 0.709108
Z -0.653088, -0.421853, 0.628901

PART 21
OFFSET 7.484417, -4.933483, -4.677385
SCALE 1.000000, 1.000000, 1.000000
X -0.670803, -0.295312, -0.680304
Y -0.251213, 0.953553, -0.166221
Z 0.697793, 0.059400, -0.713832

PART 22
OFFSET 6.861898, -3.579909, -4.804944
SCALE 1.000000, 1.000000, 1.000000
X -0.670803, -0.295312, -0.680304
Y -0.251213, 0.953553, -0.166221
Z 0.697793, 0.059400, -0.713832

PART 23
OFFSET 7.153102, -3.073457, -5.870498
SCALE 1.000000, 1.000000, 1.000000
X -0.670803, -0.295312, -0.680304
Y -0.251213, 0.953553, -0.166221
Z 0.697793, 0.059400, -0.713832

PART 24
OFFSET 9.022027, -3.776878, -5.004483
SCALE 1.000000, 1.000000, 1.000000
X -0.990289, 0.087828, -0.107768
Y 0.105495, -0.030131, -0.993963
Z -0.090545, -0.995680, 0.020573

PART 25
OFFSET 6.980720, -4.690334, -7.101415
SCALE 1.000000, 1.000000, 1.000000
X -0.665856, -0.297958, -0.684000
Y 0.737851, -0.127197, -0.662870
Z 0.110505, -0.946067, 0.304544

PART 26
OFFSET 16.020469, -3.975476, -1.271046
SCALE 1.000000, 1.000000, 1.000000
X 1.000000, 0.000000, 0.000000
Y 0.000000, 1.000000, 0.000000
Z 0.000000, 0.000000, 1.000000

PART 27
OFFSET 11.596669, -2.968610, -0.928702
SCALE 1.000000, 1.000000, 1.000000
X 1.000000, 0.000000, 0.000000
Y 0.000000, 1.000000, 0.000000
Z 0.000000, 0.000000, 1.000000

PART 28
OFFSET 16.567800, -3.113467, -1.625986
SCALE 1.000000, 1.000000, 1.000000
X 0.000010, -0.819161, 0.573563
Y 1.000000, 0.000010, -0.000003
Z -0.000003, 0.573563, 0.819161

PART 29
OFFSET 35.509695, -2.970566, -1.584002
SCALE 1.000000, 1.000000, 1.000000
X 1.000000, 0.000000, 0.000000
Y 0.000000, 1.000000, 0.000000
Z 0.000000, 0.000000, 1.000000

PART 30
OFFSET 24.361291, -2.968800, 0.588609
SCALE 1.000000, 1.000000, 1.000000
X 1.000000, 0.000000, 0.000000
Y 0.000000, 1.000000, 0.000000
Z 0.000000, 0.000000, 1.000000

PART 31
OFFSET 16.257597, -2.968800, -4.013638
SCALE 1.000000, 1.000000, 1.000000
X 1.000000, 0.000000, 0.000000
Y 0.000000, 1.000000, 0.000000
Z 0.000000, 0.000000, 1.000000

PART 32
OFFSET 24.170956, -1.549975, -3.173720
SCALE 1.000000, 1.000000, 1.000000
X 0.664269, -0.746749, -0.033338
Y -0.418539, -0.408524, 0.811131
Z -0.619331, -0.524856, -0.583914

PART 33
OFFSET 24.020302, -2.449294, -3.797390
SCALE 1.000000, 1.000000, 1.000000
X 0.384743, -0.861996, 0.330053
Y -0.632597, 0.014142, 0.774352
Z -0.672156, -0.506717, -0.539856

PART 34
OFFSET 21.095788, -2.673055, -4.672446
SCALE 1.000000, 1.000000, 1.000000
X 0.694052, -0.689446, 0.207256
Y -0.520711, -0.281946, 0.805833
Z -0.497144, -0.667211, -0.554687

PART 35
OFFSET 21.344537, -2.133422, -4.276837
SCALE 1.000000, 1.000000, 1.000000
X 0.860609, -0.489510, 0.140471
Y -0.448672, -0.598305, 0.663871
Z -0.240927, -0.634359, -0.734536

PART 36
OFFSET 20.646845, -1.217386, -3.249580
SCALE 1.000000, 1.000000, 1.000000
X 0.855916, 0.191260, 0.480445
Y -0.133869, 0.979368, -0.151387
Z -0.499487, 0.065258, 0.863860

PART 37
OFFSET 23.120369, -1.352608, -2.154742
SCALE 1.000000, 1.000000, 1.000000
X 0.816274, -0.506524, 0.277723
Y 0.561819, 0.584284, -0.585638
Z 0.134371, 0.634071, 0.761511

PART 38
OFFSET 22.480527, -3.491236, -2.963305
SCALE 1.000000, 1.000000, 1.000000
X -0.335074, -0.624324, -0.705652
Y 0.297702, 0.640425, -0.707976
Z 0.893924, -0.447298, -0.028727

PART 39
OFFSET 12.767470, -4.466423, -3.827327
SCALE 1.000000, 1.000000, 1.000000
X -0.992190, -0.113706, -0.051288
Y 0.108643, -0.989762, 0.092565
Z -0.061288, 0.086269, 0.994385

PART 40
OFFSET 12.792554, -4.311122, -4.920766
SCALE 1.000000, 1.000000, 1.000000
X -0.286098, -0.933765, 0.215012
Y 0.932720, -0.322792, -0.160744
Z 0.219501, 0.154557, 0.963292

PART 41
OFFSET 9.991245, -3.682241, -5.981789
SCALE 1.000000, 1.000000, 1.000000
X -0.873802, 0.096090, 0.476693
Y -0.067830, -0.994784, 0.076188
Z 0.481527, 0.034239, 0.875762

PART 42
OFFSET 10.126324, -3.820550, -5.294623
SCALE 1.000000, 1.000000, 1.000000
X -0.971418, 0.128019, 0.199894
Y -0.115157, -0.990531, 0.074749
Z 0.207571, 0.049593, 0.976962

PART 43
OFFSET 9.402848, -3.378498, -4.005249
SCALE 1.000000, 1.000000, 1.000000
X -0.730554, -0.604901, -0.316836
Y 0.495325, -0.150040, -0.855653
Z 0.470047, -0.782037, 0.409235

PART 44
OFFSET 4.762747, -3.919562, -4.601436
SCALE 1.000000, 1.000000, 1.000000
X -0.977336, -0.188410, 0.096518
Y -0.197066, 0.976277, -0.089713
Z -0.077326, -0.106700, -0.991280

PART 45
OFFSET 16.147907, -2.968800, -1.669374
SCALE 1.000000, 1.000000, 1.000000
X 1.000000, 0.000000, 0.000000
Y 0.000000, 1.000000, 0.000000
Z 0.000000, 0.000000, 1.000000

PART 46
OFFSET 25.340513, -2.864752, -3.232418
SCALE 1.000000, 1.000000, 1.000000
X 0.182752, -0.877348, 0.443691
Y -0.772048, 0.151352, 0.617280
Z -0.608723, -0.455360, -0.649695

PART 47
OFFSET 24.771918, -4.133250, -3.152613
SCALE 1.000000, 1.000000, 1.000000
X -0.535105, -0.157223, 0.830026
Y -0.471679, 0.870721, -0.139153
Z -0.700843, -0.465968, -0.540086

PART 48
OFFSET 22.663784, -4.159514, -4.027191
SCALE 1.000000, 1.000000, 1.000000
X -0.269272, -0.346832, 0.898443
Y -0.487666, 0.853561, 0.183348
Z -0.830467, -0.388770, -0.398978

PART 49
OFFSET 23.552225, -3.484877, -4.036019
SCALE 1.000000, 1.000000, 1.000000
X 0.081922, -0.781371, 0.618666
Y -0.622013, 0.444931, 0.644310
Z -0.778709, -0.437602, -0.449574

PART 50
OFFSET 22.452690, -0.703299, -2.179876
SCALE 1.000000, 1.000000, 1.000000
X 0.970732, -0.184411, 0.153858
Y 0.133047, 0.946267, 0.294748
Z -0.199945, -0.265651, 0.943107

PART 51
OFFSET 14.514378, -4.266224, -3.737026
SCALE 1.000000, 1.000000, 1.000000
X -0.996813, -0.057897, -0.054875
Y 0.049518, -0.988431, 0.143357
Z -0.062541, 0.140182, 0.988149

PART 52
OFFSET 13.351463, -2.486959, -5.340804
SCALE 1.000000, 1.000000, 1.000000
X 0.864720, -0.485256, -0.129558
Y 0.437526, 0.854458, -0.280131
Z 0.246637, 0.185550, 0.951179

PART 53
OFFSET 12.032992, -3.771158, -6.934612
SCALE 1.000000, 1.000000, 1.000000
X -0.270702, -0.961691, -0.043245
Y 0.880793, -0.229302, -0.414276
Z 0.388489, -0.150235, 0.909124

PART 54
OFFSET 12.614204, -4.182024, -5.956859
SCALE 1.000000, 1.000000, 1.000000
X -0.297956, -0.939183, 0.170753
Y 0.865286, -0.341268, -0.367173
Z 0.403115, 0.038348, 0.914346

PART 55
OFFSET 10.903778, -2.014646, -3.258927
SCALE 1.000000, 1.000000, 1.000000
X -0.920885, -0.012731, 0.389628
Y -0.299319, -0.617248, -0.727608
Z 0.249760, -0.786666, 0.564603

PART 56
OFFSET 25.599683, -3.903686, -2.653528
SCALE 1.000000, 1.000000, 1.000000
X -0.332906, -0.485982, 0.808081
Y -0.729168, 0.676047, 0.106180
Z -0.597903, -0.553879, -0.579422

PART 57
OFFSET 23.990309, -4.362900, -1.940223
SCALE 1.000000, 1.000000, 1.000000
X -0.540407, -0.195665, 0.818337
Y -0.456296, 0.885300, -0.089649
Z -0.706933, -0.421851, -0.567704

PART 58
OFFSET 22.282554, -4.650553, -2.755192
SCALE 1.000000, 1.000000, 1.000000
X -0.512523, 0.336840, 0.789848
Y -0.216330, 0.839524, -0.498399
Z -0.830976, -0.426308, -0.357407

PART 59
OFFSET 23.691698, -4.815161, -2.982742
SCALE 1.000000, 1.000000, 1.000000
X -0.568520, 0.188903, 0.800688
Y -0.288099, 0.865930, -0.408857
Z -0.770574, -0.463120, -0.437876

PART 60
OFFSET 23.989488, -1.087197, -1.843460
SCALE 1.000000, 1.000000, 1.000000
X 0.955762, -0.036837, 0.291824
Y -0.010655, 0.987140, 0.159503
Z -0.293947, -0.155556, 0.943079

PART 61
OFFSET 15.722416, -4.187330, -3.610335
SCALE 1.000000, 1.000000, 1.000000
X -0.987285, 0.075124, -0.140091
Y -0.090176, -0.990441, 0.104383
Z -0.130910, 0.115689, 0.984621

PART 62
OFFSET 12.088416, -1.778174, -5.151566
SCALE 1.000000, 1.000000, 1.000000
X 0.937885, 0.184416, -0.293875
Y -0.244401, 0.952374, -0.182349
Z 0.246251, 0.242846, 0.938289

PART 63
OFFSET 12.416246, -2.409617, -6.873387
SCALE 1.000000, 1.000000, 1.000000
X 0.725574, -0.561484, -0.397841
Y 0.590854, 0.804685, -0.058087
Z 0.352752, -0.192919, 0.915614

PART 64
OFFSET 13.121486, -2.583030, -6.247571
SCALE 1.000000, 1.000000, 1.000000
X 0.795877, -0.510279, -0.325876
Y 0.464964, 0.859855, -0.210851
Z 0.387799, 0.016290, 0.921600

PART 65
OFFSET 12.344594, -1.942805, -3.994529
SCALE 1.000000, 1.000000, 1.000000
X -0.572184, 0.206612, 0.793673
Y -0.742940, -0.540443, -0.394919
Z 0.347340, -0.815618, 0.462734

PART 66
OFFSET 25.223654, -4.452621, -1.740770
SCALE 1.000000, 1.000000, 1.000000
X 0.598452, -0.607833, -0.521914
Y 0.176395, 0.735431, -0.654237
Z 0.781498, 0.299467, 0.547339

PART 67
OFFSET 23.373571, -4.588131, -1.017316
SCALE 1.000000, 1.000000, 1.000000
X 0.750609, -0.388693, -0.534326
Y -0.054182, 0.769738, -0.636056
Z 0.658522, 0.506380, 0.556712

PART 68
OFFSET 21.828135, -4.351900, -2.054889
SCALE 1.000000, 1.000000, 1.000000
X -0.499136, 0.234874, 0.834085
Y -0.217293, 0.897882, -0.382873
Z -0.838837, -0.372346, -0.397129

PART 69
OFFSET 22.903777, -4.553357, -1.873056
SCALE 1.000000, 1.000000, 1.000000
X -0.573072, 0.185144, 0.798317
Y -0.288140, 0.866424, -0.407781
Z -0.767179, -0.463715, -0.443176

PART 70
OFFSET 25.009447, -1.117380, -1.482018
SCALE 1.000000, 1.000000, 1.000000
X 0.892131, 0.276152, -0.357551
Y -0.325515, -0.155890, -0.932598
Z -0.313277, 0.948387, -0.049183

PART 71
OFFSET 16.837585, -4.272185, -3.452098
SCALE 1.000000, 1.000000, 1.000000
X 0.365908, 0.902176, 0.228451
Y 0.923356, -0.382607, 0.032023
Z 0.116297, 0.199224, -0.973029

PART 72
OFFSET 11.024294, -1.988138, -4.825450
SCALE 1.000000, 1.000000, 1.000000
X -0.578974, -0.765224, 0.281462
Y -0.770180, 0.626581, 0.119238
Z -0.267602, -0.147741, -0.952135

PART 73
OFFSET 11.772925, -1.911785, -6.520646
SCALE 1.000000, 1.000000, 1.000000
X 0.897143, 0.286716, -0.336048
Y -0.216917, 0.948640, 0.230279
Z 0.384813, -0.133699, 0.913260

PART 74
OFFSET 12.018487, -1.875839, -5.795942
SCALE 1.000000, 1.000000, 1.000000
X 0.916332, 0.120016, -0.382010
Y -0.118181, 0.992587, 0.028358
Z 0.382581, 0.019161, 0.923723

PART 75
OFFSET 12.960084, -2.119731, -4.867245
SCALE 1.000000, 1.000000, 1.000000
X -0.798527, 0.565118, 0.207355
Y 0.288884, 0.661972, -0.691620
Z -0.528110, -0.492376, -0.691857

PART 76
OFFSET 21.353945, -4.128764, -1.262489
SCALE 1.000000, 1.000000, 1.000000
X 0.639690, -0.689287, -0.340118
Y 0.051182, 0.479714, -0.875931
Z 0.766927, 0.542917, 0.342148

PART 77
OFFSET 22.282260, -4.352562, -1.007255
SCALE 1.000000, 1.000000, 1.000000
X 0.596959, -0.669190, -0.442522
Y 0.126013, 0.622950, -0.772046
Z 0.792314, 0.405116, 0.456202

PART 78
OFFSET 10.920600, -2.184178, -6.201386
SCALE 1.000000, 1.000000, 1.000000
X -0.605770, -0.795395, -0.019725
Y -0.692406, 0.514798, 0.505527
Z -0.391939, 0.319891, -0.862585

PART 79
OFFSET 11.024665, -2.006004, -5.381628
SCALE 1.000000, 1.000000, 1.000000
X -0.664097, -0.664392, 0.342868
Y -0.638228, 0.742637, 0.202868
Z -0.389411, -0.084104, -0.917216

FRAME 1
PART 0
OFFSET 0.000000, 0.000000, 0.000000
SCALE 1.000000, 1.000000, 1.000000
X 1.000000, 0.000000, 0.000000
Y 0.000000, 1.000000, 0.000000
Z 0.000000, 0.000000, 1.000000

PART 1
OFFSET 0.000000, 0.000000, 0.000000
SCALE 1.000000, 1.000000, 1.000000
X 1.000000, 0.000000, 0.000000
Y 0.000000, 1.000000, 0.000000
Z 0.000000, 0.000000, 1.000000

PART 2
OFFSET 0.000000, 0.000000, 0.000000
SCALE 1.000000, 1.000000, 1.000000
X 1.000000, 0.000000, 0.000000
Y 0.000000, 1.000000, 0.000000
Z 0.000000, 0.000000, 1.000000

PART 3
OFFSET 0.000000, 0.000000, 0.000000
SCALE 1.000000, 1.000000, 1.000000
X 1.000000, 0.000000, 0.000000
Y 0.000000, 1.000000, 0.000000
Z 0.000000, 0.000000, 1.000000

PART 4
OFFSET 0.000000, 0.000000, 0.000000
SCALE 1.000000, 1.000000, 1.000000
X 1.000000, 0.000000, 0.000000
Y 0.000000, 1.000000, 0.000000
Z 0.000000, 0.000000, 1.000000

PART 5
OFFSET 0.462600, 4.302200, -5.022116
SCALE 1.000000, 1.000000, 1.000000
X 0.960569, 0.105926, -0.257075
Y -0.004236, -0.918904, -0.394459
Z -0.278010, 0.379994, -0.882222

PART 6
OFFSET -5.186300, -6.970500, -2.725900
SCALE 1.000000, 1.000000, 1.000000
X -0.541509, 0.020560, 0.840443
Y -0.201991, -0.973598, -0.106328
Z 0.816068, -0.227340, 0.531365

PART 7
OFFSET 12.801863, -2.995505, -3.935722
SCALE 1.000000, 1.000000, 1.000000
X 0.999920, -0.011314, -0.005693
Y 0.011269, 0.999905, -0.007967
Z 0.005782, 0.007902, 0.999952

PART 8
OFFSET 15.159802, 0.000000, -6.752720
SCALE 1.000000, 1.000000, 1.000000
X 1.000000, 0.000000, 0.000000
Y 0.000000, 1.000000, 0.000000
Z 0.000000, 0.000000, 1.000000

PART 9
OFFSET 0.000000, 0.000000, 0.000000
SCALE 1.000000, 1.000000, 1.000000
X 1.000000, 0.000000, 0.000000
Y 0.000000, 1.000000, 0.000000
Z 0.000000, 0.000000, 1.000000

PART 10
OFFSET 0.000000, 0.000000, 0.000000
SCALE 1.000000, 1.000000, 1.000000
X 1.000000, 0.000000, 0.000000
Y 0.000000, 1.000000, 0.000000
Z 0.000000, 0.000000, 1.000000

PART 11
OFFSET 12.079571, 5.583142, -8.131185
SCALE 1.000000, 1.000000, 1.000000
X 0.738045, -0.596552, 0.315302
Y -0.658894, -0.536465, 0.527318
Z -0.145424, -0.596935, -0.789000

PART 12
OFFSET 1.362688, -7.219156, -12.890187
SCALE 1.000000, 1.000000, 1.000000
X -0.658569, -0.297301, -0.691302
Y 0.712498, 0.049253, -0.699943
Z 0.242142, -0.953513, 0.179390

PART 13
OFFSET 12.801863, -2.995505, -3.935722
SCALE 1.000000, 1.000000, 1.000000
X 0.999920, -0.011314, -0.005693
Y 0.011269, 0.999905, -0.007967
Z 0.005782, 0.007902, 0.999952

PART 14
OFFSET 20.114686, 1.135894, -3.950426
SCALE 1.000000, 1.000000, 1.000000
X 0.742330, -0.591754, 0.314283
Y 0.152801, 0.606205, 0.780492
Z -0.652379, -0.531359, 0.540425

PART 15
OFFSET 19.826232, 0.142310, -6.368376
SCALE 1.000000, 1.000000, 1.000000
X 0.742330, -0.591754, 0.314283
Y 0.152801, 0.606205, 0.780492
Z -0.652379, -0.531359, 0.540425

PART 16
OFFSET 19.085422, -0.497673, -2.973975
SCALE 1.000000, 1.000000, 1.000000
X 0.742330, -0.591754, 0.314283
Y 0.152801, 0.606205, 0.780492
Z -0.652379, -0.531359, 0.540425

PART 17
OFFSET 18.704230, -1.472110, -4.241158
SCALE 1.000000, 1.000000, 1.000000
X 0.742330, -0.591754, 0.314283
Y 0.152801, 0.606205, 0.780492
Z -0.652379, -0.531359, 0.540425

PART 18
OFFSET 18.357002, -2.033334, -5.685511
SCALE 1.000000, 1.000000, 1.000000
X 0.742330, -0.591754, 0.314283
Y 0.152801, 0.606205, 0.780492
Z -0.652379, -0.531359, 0.540425

PART 19
OFFSET 20.619494, -1.319565, -4.482826
SCALE 1.000000, 1.000000, 1.000000
X 0.950304, -0.175946, 0.256836
Y -0.062199, 0.701050, 0.710394
Z -0.305046, -0.691065, 0.655267

PART 20
OFFSET 18.356886, 0.509272, -5.449440
SCALE 1.000000, 1.000000, 1.000000
X 0.738045, -0.596552, 0.315302
Y 0.181532, 0.625606, 0.758725
Z -0.649874, -0.502736, 0.570019

PART 21
OFFSET 7.450985, -4.937414, -4.589296
SCALE 1.000000, 1.000000, 1.000000
X -0.663555, -0.294672, -0.687651
Y -0.250549, 0.953614, -0.166872
Z 0.704926, 0.061561, -0.706605

PART 22
OFFSET 6.820540, -3.571994, -4.718279
SCALE 1.000000, 1.000000, 1.000000
X -0.663555, -0.294672, -0.687651
Y -0.250549, 0.953614, -0.166872
Z 0.704926, 0.061561, -0.706605

PART 23
OFFSET 7.123626, -3.063385, -5.781321
SCALE 1.000000, 1.000000, 1.000000
X -0.663555, -0.294672, -0.687651
Y -0.250549, 0.953614, -0.166872
Z 0.704926, 0.061561, -0.706605

PART 24
OFFSET 8.983057, -3.778937, -4.891048
SCALE 1.000000, 1.000000, 1.000000
X -0.989825, 0.098341, -0.102840
Y 0.099400, -0.039279, -0.994272
Z -0.101818, -0.994377, 0.029104

PART 25
OFFSET 6.964090, -4.690379, -7.010366
SCALE 1.000000, 1.000000, 1.000000
X -0.658569, -0.297301, -0.691302
Y 0.746471, -0.141844, -0.650124
Z 0.095225, -0.944189, 0.315341

PART 26
OFFSET 15.994190, -4.016484, -1.203389
SCALE 1.000000, 1.000000, 1.000000
X 0.999920, -0.011314, -0.005693
Y 0.011269, 0.999905, -0.007967
Z 0.005782, 0.007902, 0.999952

PART 27
OFFSET 11.584071, -2.956956, -0.843901
SCALE 1.000000, 1.000000, 1.000000
X 0.999920, -0.011314, -0.005693
Y 0.011269, 0.999905, -0.007967
Z 0.005782, 0.007902, 0.999952

PART 28
OFFSET 16.549139, -3.163554, -1.568296
SCALE 1.000000, 1.000000, 1.000000
X -0.005905, -0.814551, 0.580062
Y 0.999920, -0.011305, -0.005696
Z 0.011197, 0.579982, 0.814552

PART 29
OFFSET 35.491368, -3.234650, -1.635280
SCALE 1.000000, 1.000000, 1.000000
X 0.999920, -0.011314, -0.005693
Y 0.011269, 0.999905, -0.007967
Z 0.005782, 0.007902, 0.999952

PART 30
OFFSET 24.356440, -3.089579, 0.600676
SCALE 1.000000, 1.000000, 1.000000
X 0.999920, -0.011314, -0.005693
Y 0.011269, 0.999905, -0.007967
Z 0.005782, 0.007902, 0.999952

PART 31
OFFSET 16.226785, -3.034259, -3.955220
SCALE 1.000000, 1.000000, 1.000000
X 0.999920, -0.011314, -0.005693
Y 0.011269, 0.999905, -0.007967
Z 0.005782, 0.007902, 0.999952

PART 32
OFFSET 24.388828, -1.219541, -3.189784
SCALE 1.000000, 1.000000, 1.000000
X 0.778320, -0.626495, -0.041493
Y -0.409811, -0.556969, 0.722386
Z -0.475681, -0.545243, -0.690245

PART 33
OFFSET 24.300259, -2.085283, -3.870285
SCALE 1.000000, 1.000000, 1.000000
X 0.508105, -0.825199, 0.246730
Y -0.658444, -0.187490, 0.728903
Z -0.555231, -0.532817, -0.638612

PART 34
OFFSET 21.428605, -2.358803, -4.893694
SCALE 1.000000, 1.000000, 1.000000
X 0.710057, -0.678662, 0.187715
Y -0.543290, -0.358434, 0.759184
Z -0.447946, -0.641048, -0.623219

PART 35
OFFSET 21.638864, -1.835065, -4.456572
SCALE 1.000000, 1.000000, 1.000000
X 0.877662, -0.455589, 0.148819
Y -0.445041, -0.659429, 0.605881
Z -0.177897, -0.597990, -0.781512

PART 36
OFFSET 20.861729, -1.005934, -3.412659
SCALE 1.000000, 1.000000, 1.000000
X 0.785092, 0.192576, 0.588680
Y -0.190219, 0.979471, -0.066730
Z -0.589446, -0.059589, 0.805607

PART 37
OFFSET 23.286721, -1.119193, -2.211882
SCALE 1.000000, 1.000000, 1.000000
X 0.821341, -0.493277, 0.286492
Y 0.565346, 0.636947, -0.524101
Z 0.076047, 0.592432, 0.802023

PART 38
OFFSET 22.764599, -3.227485, -3.170733
SCALE 1.000000, 1.000000, 1.000000
X -0.279289, -0.592978, -0.755231
Y 0.305093, 0.690969, -0.655347
Z 0.910448, -0.413447, -0.012067

PART 39
OFFSET 12.727098, -4.502064, -3.729688
SCALE 1.000000, 1.000000, 1.000000
X -0.993707, -0.102696, -0.044731
Y 0.097834, -0.990175, 0.099912
Z -0.054552, 0.094907, 0.993990

PART 40
OFFSET 12.747641, -4.355798, -4.824467
SCALE 1.000000, 1.000000, 1.000000
X -0.295524, -0.928670, 0.224139
Y 0.928019, -0.334765, -0.163442
Z 0.226817, 0.159704, 0.960754

PART 41
OFFSET 9.947633, -3.703254, -5.874577
SCALE 1.000000, 1.000000, 1.000000
X -0.869875, 0.109930, 0.480867
Y -0.078773, -0.993298, 0.084577
Z 0.486942, 0.035692, 0.872705

PART 42
OFFSET 10.085087, -3.837615, -5.187099
SCALE 1.000000, 1.000000, 1.000000
X -0.968718, 0.140767, 0.204378
Y -0.126053, -0.988514, 0.083375
Z 0.213767, 0.055005, 0.975335

PART 43
OFFSET 9.374179, -3.376994, -3.897234
SCALE 1.000000, 1.000000, 1.000000
X -0.739252, -0.598973, -0.307796
Y 0.488621, -0.162553, -0.857220
Z 0.463418, -0.784097, 0.412839

PART 44
OFFSET 4.724822, -3.869432, -4.462659
SCALE 1.000000, 1.000000, 1.000000
X -0.978855, -0.176387, 0.103591
Y -0.186392, 0.977730, -0.096453
Z -0.084271, -0.113722, -0.989932

PART 45
OFFSET 16.130659, -3.014493, -1.610444
SCALE 1.000000, 1.000000, 1.000000
X 0.999920, -0.011314, -0.005693
Y 0.011269, 0.999905, -0.007967
Z 0.005782, 0.007902, 0.999952

PART 46
OFFSET 25.759190, -2.322590, -3.262839
SCALE 1.000000, 1.000000, 1.000000
X 0.349872, -0.877312, 0.328501
Y -0.807740, -0.104903, 0.580130
Z -0.474495, -0.468315, -0.745343

PART 47
OFFSET 25.292869, -3.697354, -3.388286
SCALE 1.000000, 1.000000, 1.000000
X -0.446379, -0.453853, 0.771209
Y -0.672138, 0.739004, 0.045864
Z -0.590742, -0.497886, -0.634928

PART 48
OFFSET 23.022627, -3.834220, -4.288082
SCALE 1.000000, 1.000000, 1.000000
X -0.181726, -0.533519, 0.826034
Y -0.613230, 0.718158, 0.328934
Z -0.768716, -0.446773, -0.457679

PART 49
OFFSET 23.900092, -3.091734, -4.199786
SCALE 1.000000, 1.000000, 1.000000
X 0.189113, -0.835781, 0.515467
Y -0.691556, 0.259315, 0.674171
Z -0.697127, -0.483968, -0.528950

PART 50
OFFSET 22.504116, -0.495940, -2.104185
SCALE 1.000000, 1.000000, 1.000000
X 0.959429, -0.128612, 0.250910
Y 0.020374, 0.919201, 0.393261
Z -0.281215, -0.372194, 0.884528

PART 51
OFFSET 14.476677, -4.321250, -3.650933
SCALE 1.000000, 1.000000, 1.000000
X -0.997711, -0.046868, -0.048740
Y 0.039023, -0.987760, 0.151023
Z -0.055222, 0.148776, 0.987328

PART 52
OFFSET 13.324965, -2.541590, -5.262335
SCALE 1.000000, 1.000000, 1.000000
X 0.858347, -0.496179, -0.130565
Y 0.445651, 0.847111, -0.289477
Z 0.254236, 0.190286, 0.948238

PART 53
OFFSET 11.982686, -3.823239, -6.838255
SCALE 1.000000, 1.000000, 1.000000
X -0.281938, -0.958831, -0.033968
Y 0.875701, -0.242707, -0.417421
Z 0.391992, -0.147433, 0.908078

PART 54
OFFSET 12.564799, -4.232932, -5.860541
SCALE 1.000000, 1.000000, 1.000000
X -0.307699, -0.934302, 0.180000
Y 0.859185, -0.354114, -0.369329
Z 0.408806, 0.041011, 0.911699

PART 55
OFFSET 10.894917, -2.024572, -3.170466
SCALE 1.000000, 1.000000, 1.000000
X -0.918705, 0.000969, 0.394944
Y -0.310564, -0.619555, -0.720903
Z 0.243991, -0.784953, 0.569489

PART 56
OFFSET 26.213374, -3.360694, -2.818175
SCALE 1.000000, 1.000000, 1.000000
X -0.141907, -0.714628, 0.684959
Y -0.883987, 0.402877, 0.237187
Z -0.445455, -0.571836, -0.688893

PART 57
OFFSET 24.640859, -4.360280, -2.261808
SCALE 1.000000, 1.000000, 1.000000
X -0.448868, -0.482115, 0.752385
Y -0.654458, 0.750656, 0.090561
Z -0.608443, -0.451754, -0.652469

PART 58
OFFSET 22.765342, -4.589566, -3.118598
SCALE 1.000000, 1.000000, 1.000000
X -0.519789, 0.073015, 0.851169
Y -0.386505, 0.868440, -0.310526
Z -0.761862, -0.490389, -0.423185

PART 59
OFFSET 24.222057, -4.514650, -3.322205
SCALE 1.000000, 1.000000, 1.000000
X -0.537096, -0.129308, 0.833551
Y -0.491857, 0.850807, -0.184941
Z -0.685277, -0.509319, -0.520566

PART 60
OFFSET 24.020286, -0.800076, -1.623527
SCALE 1.000000, 1.000000, 1.000000
X 0.909641, -0.018580, 0.414980
Y -0.092513, 0.964847, 0.245990
Z -0.404963, -0.262154, 0.875946

PART 61
OFFSET 15.686251, -4.255242, -3.531750
SCALE 1.000000, 1.000000, 1.000000
X -0.987152, 0.085351, -0.135076
Y -0.100908, -0.988473, 0.112862
Z -0.123886, 0.125043, 0.984386

PART 62
OFFSET 12.071228, -1.816851, -5.071627
SCALE 1.000000, 1.000000, 1.000000
X 0.938222, 0.171273, -0.300676
Y -0.234531, 0.953636, -0.188611
Z 0.254431, 0.247477, 0.934890

PART 63
OFFSET 12.381848, -2.465748, -6.790164
SCALE 1.000000, 1.000000, 1.000000
X 0.716790, -0.572940, -0.397432
Y 0.599677, 0.797355, -0.067921
Z 0.355809, -0.189646, 0.915114

PART 64
OFFSET 13.088668, -2.642248, -6.166997
SCALE 1.000000, 1.000000, 1.000000
X 0.788085, -0.521981, -0.326280
Y 0.473553, 0.852741, -0.220407
Z 0.393281, 0.019189, 0.919218

PART 65
OFFSET 12.332190, -1.975177, -3.914798
SCALE 1.000000, 1.000000, 1.000000
X -0.565189, 0.219502, 0.795224
Y -0.751345, -0.535006, -0.386328
Z 0.340650, -0.815836, 0.467301

PART 66
OFFSET 26.053085, -4.167893, -2.044488
SCALE 1.000000, 1.000000, 1.000000
X 0.718897, -0.291853, -0.630880
Y -0.070751, 0.872153, -0.484091
Z 0.691507, 0.392647, 0.606339

PART 67
OFFSET 24.128638, -4.910060, -1.414328
SCALE 1.000000, 1.000000, 1.000000
X 0.800773, -0.081112, -0.593450
Y -0.256805, 0.848610, -0.462507
Z 0.541122, 0.522764, 0.658714

PART 68
OFFSET 22.304481, -4.524829, -2.363926
SCALE 1.000000, 1.000000, 1.000000
X -0.500549, 0.002070, 0.865706
Y -0.373023, 0.901887, -0.217838
Z -0.781220, -0.431967, -0.450666

PART 69
OFFSET 23.477687, -4.693861, -2.166973
SCALE 1.000000, 1.000000, 1.000000
X -0.551497, -0.114683, 0.826256
Y -0.479952, 0.853758, -0.201851
Z -0.682274, -0.507884, -0.525887

PART 70
OFFSET 24.983898, -0.815771, -1.130503
SCALE 1.000000, 1.000000, 1.000000
X 0.912536, 0.353510, -0.205693
Y -0.190062, -0.078791, -0.978605
Z -0.362154, 0.932106, -0.004711

PART 71
OFFSET 16.801270, -4.351649, -3.379178
SCALE 1.000000, 1.000000, 1.000000
X 0.377529, 0.899704, 0.219099
Y 0.919083, -0.392931, 0.029852
Z 0.112949, 0.190100, -0.975246

PART 72
OFFSET 11.006673, -2.011961, -4.737789
SCALE 1.000000, 1.000000, 1.000000
X -0.586066, -0.756261, 0.290856
Y -0.762264, 0.636315, 0.118559
Z -0.274737, -0.152225, -0.949393

PART 73
OFFSET 11.746316, -1.957758, -6.437786
SCALE 1.000000, 1.000000, 1.000000
X 0.898408, 0.273696, -0.343442
Y -0.204712, 0.952879, 0.223864
Z 0.388530, -0.130815, 0.912103

PART 74
OFFSET 11.996468, -1.918840, -5.714809
SCALE 1.000000, 1.000000, 1.000000
X 0.915423, 0.106416, -0.388169
Y -0.106639, 0.994075, 0.021037
Z 0.388108, 0.022136, 0.921348

PART 75
OFFSET 12.940564, -2.166124, -4.789546
SCALE 1.000000, 1.000000, 1.000000
X -0.790797, 0.575894, 0.207330
Y 0.292447, 0.653066, -0.698555
Z -0.537694, -0.491782, -0.684862

PART 76
OFFSET 21.828948, -4.522863, -1.541485
SCALE 1.000000, 1.000000, 1.000000
X 0.730164, -0.505099, -0.460148
Y -0.058210, 0.625015, -0.778440
Z 0.680788, 0.595173, 0.426961

PART 77
OFFSET 22.879571, -4.818238, -1.270871
SCALE 1.000000, 1.000000, 1.000000
X 0.692990, -0.418446, -0.587084
Y -0.047001, 0.786369, -0.615967
Z 0.719413, 0.454453, 0.525279

PART 78
OFFSET 10.892789, -2.217782, -6.111501
SCALE 1.000000, 1.000000, 1.000000
X -0.614930, -0.788520, -0.009878
Y -0.683543, 0.526733, 0.505294
Z -0.393231, 0.317473, -0.862891

PART 79
OFFSET 11.003633, -2.034255, -5.293814
SCALE 1.000000, 1.000000, 1.000000
X -0.669690, -0.653947, 0.351951
Y -0.628501, 0.751528, 0.200479
Z -0.395604, -0.086943, -0.914297

FRAME 2
PART 0
OFFSET 0.000000, 0.000000, 0.000000
SCALE 1.000000, 1.000000, 1.000000
X 1.000000, 0.000000, 0.000000
Y 0.000000, 1.000000, 0.000000
Z 0.000000, 0.000000, 1.000000

PART 1
OFFSET 0.000000, 0.000000, 0.000000
SCALE 1.000000, 1.000000, 1.000000
X 1.000000, 0.000000, 0.000000
Y 0.000000, 1.000000, 0.000000
Z 0.000000, 0.000000, 1.000000

PART 2
OFFSET 0.000000, 0.000000, 0.000000
SCALE 1.000000, 1.000000, 1.000000
X 1.000000, 0.000000, 0.000000
Y 0.000000, 1.000000, 0.000000
Z 0.000000, 0.000000, 1.000000

PART 3
OFFSET 0.000000, 0.000000, 0.000000
SCALE 1.000000, 1.000000, 1.000000
X 1.000000, 0.000000, 0.000000
Y 0.000000, 1.000000, 0.000000
Z 0.000000, 0.000000, 1.000000

PART 4
OFFSET 0.000000, 0.000000, 0.000000
SCALE 1.000000, 1.000000, 1.000000
X 1.000000, 0.000000, 0.000000
Y 0.000000, 1.000000, 0.000000
Z 0.000000, 0.000000, 1.000000

PART 5
OFFSET 0.462600, 4.302200, -5.026518
SCALE 1.000000, 1.000000, 1.000000
X 0.952601, 0.102552, -0.286416
Y 0.002090, -0.943655, -0.330926
Z -0.304214, 0.314641, -0.899141

PART 6
OFFSET -5.186300, -6.970500, -2.725900
SCALE 1.000000, 1.000000, 1.000000
X -0.548891, 0.020064, 0.835653
Y -0.200668, -0.973640, -0.108430
Z 0.811450, -0.227205, 0.538449

PART 7
OFFSET 12.740789, -3.102326, -3.753917
SCALE 1.000000, 1.000000, 1.000000
X 0.998999, -0.040007, -0.020010
Y 0.039435, 0.998825, -0.028171
Z 0.021114, 0.027353, 0.999403

PART 8
OFFSET 15.159802, 0.000000, -6.752720
SCALE 1.000000, 1.000000, 1.000000
X 1.000000, 0.000000, 0.000000
Y 0.000000, 1.000000, 0.000000
Z 0.000000, 0.000000, 1.000000

PART 9
OFFSET 0.000000, 0.000000, 0.000000
SCALE 1.000000, 1.000000, 1.000000
X 1.000000, 0.000000, 0.000000
Y 0.000000, 1.000000, 0.000000
Z 0.000000, 0.000000, 1.000000

PART 10
OFFSET 0.000000, 0.000000, 0.000000
SCALE 1.000000, 1.000000, 1.000000
X 1.000000, 0.000000, 0.000000
Y 0.000000, 1.000000, 0.000000
Z 0.000000, 0.000000, 1.000000

PART 11
OFFSET 11.983215, 5.542327, -8.490427
SCALE 1.000000, 1.000000, 1.000000
X 0.787195, -0.535017, 0.306727
Y -0.597356, -0.537890, 0.594845
Z -0.153267, -0.651484, -0.743019

PART 12
OFFSET 1.451967, -7.213147, -12.832251
SCALE 1.000000, 1.000000, 1.000000
X -0.642107, -0.296602, -0.706913
Y 0.727762, 0.054000, -0.683701
Z 0.240960, -0.953473, 0.181181

PART 13
OFFSET 12.740789, -3.102326, -3.753917
SCALE 1.000000, 1.000000, 1.000000
X 0.998999, -0.040007, -0.020010
Y 0.039435, 0.998825, -0.028171
Z 0.021114, 0.027353, 0.999403

PART 14
OFFSET 20.486934, 1.741917, -4.661517
SCALE 1.000000, 1.000000, 1.000000
X 0.791136, -0.530060, 0.305188
Y 0.159621, 0.660602, 0.733571
Z -0.590444, -0.531640, 0.607235

PART 15
OFFSET 20.114720, 0.649203, -6.860446
SCALE 1.000000, 1.000000, 1.000000
X 0.791136, -0.530060, 0.305188
Y 0.159621, 0.660602, 0.733571
Z -0.590444, -0.531640, 0.607235

PART 16
OFFSET 19.573484, 0.112153, -3.455502
SCALE 1.000000, 1.000000, 1.000000
X 0.791136, -0.530060, 0.305188
Y 0.159621, 0.660602, 0.733571
Z -0.590444, -0.531640, 0.607235

PART 17
OFFSET 19.189065, -0.919004, -4.592225
SCALE 1.000000, 1.000000, 1.000000
X 0.791136, -0.530060, 0.305188
Y 0.159621, 0.660602, 0.733571
Z -0.590444, -0.531640, 0.607235

PART 18
OFFSET 18.864561, -1.469863, -5.951540
SCALE 1.000000, 1.000000, 1.000000
X 0.791136, -0.530060, 0.305188
Y 0.159621, 0.660602, 0.733571
Z -0.590444, -0.531640, 0.607235

PART 19
OFFSET 21.091848, -0.648356, -4.941287
SCALE 1.000000, 1.000000, 1.000000
X 0.936159, -0.134417, 0.324867
Y -0.186382, 0.593754, 0.782763
Z -0.298108, -0.793340, 0.530795

PART 20
OFFSET 18.678563, 0.991833, -5.881613
SCALE 1.000000, 1.000000, 1.000000
X 0.787217, -0.535017, 0.306670
Y 0.031685, 0.531730, 0.846321
Z -0.615862, -0.656522, 0.435538

PART 21
OFFSET 7.366582, -4.943930, -4.407895
SCALE 1.000000, 1.000000, 1.000000
X -0.647180, -0.294005, -0.703363
Y -0.249644, 0.953501, -0.168860
Z 0.720303, 0.066307, -0.690483

PART 22
OFFSET 6.714958, -3.549387, -4.540203
SCALE 1.000000, 1.000000, 1.000000
X -0.647180, -0.294005, -0.703363
Y -0.249644, 0.953501, -0.168860
Z 0.720303, 0.066307, -0.690483

PART 23
OFFSET 7.044331, -3.036522, -5.597971
SCALE 1.000000, 1.000000, 1.000000
X -0.647180, -0.294005, -0.703363
Y -0.249644, 0.953501, -0.168860
Z 0.720303, 0.066307, -0.690483

PART 24
OFFSET 8.881851, -3.781021, -4.652479
SCALE 1.000000, 1.000000, 1.000000
X -0.988086, 0.124245, -0.090821
Y 0.083727, -0.061183, -0.994609
Z -0.129131, -0.990364, 0.050051

PART 25
OFFSET 6.913352, -4.690319, -6.819654
SCALE 1.000000, 1.000000, 1.000000
X -0.642098, -0.296660, -0.706897
Y 0.764398, -0.177561, -0.619812
Z 0.058356, -0.938331, 0.340777

PART 26
OFFSET 15.943875, -4.160343, -1.048398
SCALE 1.000000, 1.000000, 1.000000
X 0.998999, -0.040007, -0.020010
Y 0.039435, 0.998825, -0.028171
Z 0.021114, 0.027353, 0.999403

PART 27
OFFSET 11.571438, -2.968315, -0.646101
SCALE 1.000000, 1.000000, 1.000000
X 0.998999, -0.040007, -0.020010
Y 0.039435, 0.998825, -0.028171
Z 0.021114, 0.027353, 0.999403

PART 28
OFFSET 16.517158, -3.330953, -1.438362
SCALE 1.000000, 1.000000, 1.000000
X -0.020184, -0.802510, 0.596297
Y 0.998999, -0.039997, -0.020014
Z 0.039911, 0.595296, 0.802515

PART 29
OFFSET 35.446615, -3.944871, -1.779463
SCALE 1.000000, 1.000000, 1.000000
X 0.998999, -0.040007, -0.020010
Y 0.039435, 0.998825, -0.028171
Z 0.021114, 0.027353, 0.999403

PART 30
OFFSET 24.355312, -3.437670, 0.614885
SCALE 1.000000, 1.000000, 1.000000
X 0.998999, -0.040007, -0.020010
Y 0.039435, 0.998825, -0.028171
Z 0.021114, 0.027353, 0.999403

PART 31
OFFSET 16.162558, -3.239356, -3.822456
SCALE 1.000000, 1.000000, 1.000000
X 0.998999, -0.040007, -0.020010
Y 0.039435, 0.998825, -0.028171
Z 0.021114, 0.027353, 0.999403

PART 32
OFFSET 24.709823, -0.429430, -3.282319
SCALE 1.000000, 1.000000, 1.000000
X 0.946368, -0.317342, 0.060679
Y -0.304970, -0.815382, 0.492083
Z -0.106682, -0.484197, -0.868431

PART 33
OFFSET 24.758726, -1.201547, -4.070912
SCALE 1.000000, 1.000000, 1.000000
X 0.764530, -0.624899, 0.158101
Y -0.593378, -0.586484, 0.551306
Z -0.251787, -0.515303, -0.819186

PART 34
OFFSET 22.023362, -1.558236, -5.397236
SCALE 1.000000, 1.000000, 1.000000
X 0.754559, -0.641094, 0.140140
Y -0.563247, -0.523120, 0.639607
Z -0.336738, -0.561555, -0.755820

PART 35
OFFSET 22.147007, -1.082393, -4.879673
SCALE 1.000000, 1.000000, 1.000000
X 0.911878, -0.373064, 0.171179
Y -0.408347, -0.782239, 0.470484
Z -0.041618, -0.498924, -0.865646

PART 36
OFFSET 21.210727, -0.461583, -3.821785
SCALE 1.000000, 1.000000, 1.000000
X 0.607878, 0.124667, 0.784182
Y -0.340410, 0.933153, 0.115528
Z -0.717360, -0.337170, 0.609681

PART 37
OFFSET 23.522007, -0.545150, -2.412431
SCALE 1.000000, 1.000000, 1.000000
X 0.833974, -0.461896, 0.301894
Y 0.549755, 0.742604, -0.382504
Z -0.047510, 0.484966, 0.873242

PART 38
OFFSET 23.276096, -2.541722, -3.673433
SCALE 1.000000, 1.000000, 1.000000
X -0.158177, -0.507423, -0.847055
Y 0.298170, 0.793261, -0.530878
Z 0.941315, -0.336539, 0.025823

PART 39
OFFSET 12.620787, -4.587068, -3.529913
SCALE 1.000000, 1.000000, 1.000000
X -0.996736, -0.075444, -0.028727
Y 0.071568, -0.990437, 0.117948
Z -0.037351, 0.115507, 0.992604

PART 40
OFFSET 12.629414, -4.462522, -4.627533
SCALE 1.000000, 1.000000, 1.000000
X -0.318058, -0.915477, 0.246456
Y 0.915814, -0.363907, -0.169874
Z 0.245203, 0.171678, 0.954150

PART 41
OFFSET 9.833694, -3.751523, -5.650773
SCALE 1.000000, 1.000000, 1.000000
X -0.859343, 0.143666, 0.490806
Y -0.105258, -0.988869, 0.105161
Z 0.500451, 0.038708, 0.864899

PART 42
OFFSET 9.977368, -3.876464, -4.962790
SCALE 1.000000, 1.000000, 1.000000
X -0.961316, 0.171956, 0.215180
Y -0.152396, -0.982776, 0.104532
Z 0.229449, 0.067696, 0.970964

PART 43
OFFSET 9.298531, -3.371239, -3.672348
SCALE 1.000000, 1.000000, 1.000000
X -0.760123, -0.583675, -0.285548
Y 0.471309, -0.192738, -0.860651
Z 0.447304, -0.788781, 0.421596

PART 44
OFFSET 4.629463, -3.743033, -4.162554
SCALE 1.000000, 1.000000, 1.000000
X -0.981784, -0.146662, 0.120795
Y -0.160384, 0.980565, -0.113005
Z -0.101874, -0.130320, -0.986224

PART 45
OFFSET 16.102474, -3.170844, -1.477397
SCALE 1.000000, 1.000000, 1.000000
X 0.998999, -0.040007, -0.020010
Y 0.039435, 0.998825, -0.028171
Z 0.021114, 0.027353, 0.999403

PART 46
OFFSET 26.376061, -0.988164, -3.175484
SCALE 1.000000, 1.000000, 1.000000
X 0.705829, -0.678908, 0.202209
Y -0.696382, -0.612686, 0.373722
Z -0.129832, -0.404599, -0.905231

PART 47
OFFSET 26.252275, -2.422321, -3.762054
SCALE 1.000000, 1.000000, 1.000000
X 0.000088, -0.852265, 0.523109
Y -0.954387, 0.156115, 0.254508
Z -0.298574, -0.499271, -0.813377

PART 48
OFFSET 23.698730, -2.981010, -4.893864
SCALE 1.000000, 1.000000, 1.000000
X 0.135363, -0.790974, 0.596688
Y -0.794076, 0.273562, 0.542778
Z -0.592555, -0.547287, -0.591063

PART 49
OFFSET 24.516467, -2.107459, -4.574363
SCALE 1.000000, 1.000000, 1.000000
X 0.473236, -0.822467, 0.315589
Y -0.740540, -0.177383, 0.648180
Z -0.477126, -0.540448, -0.693013

PART 50
OFFSET 22.448598, -0.118196, -2.084145
SCALE 1.000000, 1.000000, 1.000000
X 0.887469, -0.060477, 0.456883
Y -0.237743, 0.789190, 0.566266
