// Export filename: 'H:\01 Ricko0z\CoD World at War MT GCZ\xanim_export\guns\m27\m27_fire.xanim_export'
// Source filename: 'C:\Users\Ricardo\Desktop\Working Gun\M27\01 Escenas\m27_handed.mb'
// Export time: Mon Jun 22 2015, 12:59:25

ANIMATION
VERSION 3

NUMPARTS 80
PART 0 "tag_view"
PART 1 "tag_ads"
PART 2 "tag_cambone"
PART 3 "tag_torso"
PART 4 "tag_camera"
PART 5 "j_shoulder_le"
PART 6 "j_shoulder_ri"
PART 7 "tag_weapon"
PART 8 "tag_weapon1"
PART 9 "tag_gasmask"
PART 10 "tag_gasmask2"
PART 11 "j_elbow_le"
PART 12 "j_elbow_ri"
PART 13 "j_gun"
PART 14 "j_sleave_reshape_bottom_le_1"
PART 15 "j_sleave_reshape_bottom_le_2"
PART 16 "j_sleave_reshape_top_le_1"
PART 17 "j_sleave_reshape_top_le_2"
PART 18 "j_sleave_reshape_top_le_3"
PART 19 "j_wrist_le"
PART 20 "j_wristtwist_le"
PART 21 "j_sleave_reshape_top_ri_1"
PART 22 "j_sleave_reshape_top_ri_2"
PART 23 "j_sleave_reshape_top_ri_3"
PART 24 "j_wrist_ri"
PART 25 "j_wristtwist_ri"
PART 26 "j_bolt"
PART 27 "j_handle"
PART 28 "tag_brass"
PART 29 "tag_flash"
PART 30 "tag_sights"
PART 31 "tag_clip"
PART 32 "j_index_le_0"
PART 33 "j_mid_le_0"
PART 34 "j_pinkypalm_le"
PART 35 "j_ringpalm_le"
PART 36 "j_thumb_le_0"
PART 37 "j_webbing_le"
PART 38 "tag_knife_attach"
PART 39 "j_index_ri_0"
PART 40 "j_mid_ri_0"
PART 41 "j_pinkypalm_ri"
PART 42 "j_ringpalm_ri"
PART 43 "j_thumb_ri_0"
PART 44 "j_webbing_ri"
PART 45 "tag_bullet"
PART 46 "j_index_le_1"
PART 47 "j_mid_le_1"
PART 48 "j_pinky_le_0"
PART 49 "j_ring_le_0"
PART 50 "j_thumb_le_1"
PART 51 "j_index_ri_1"
PART 52 "j_mid_ri_1"
PART 53 "j_pinky_ri_0"
PART 54 "j_ring_ri_0"
PART 55 "j_thumb_ri_1"
PART 56 "j_index_le_2"
PART 57 "j_mid_le_2"
PART 58 "j_pinky_le_1"
PART 59 "j_ring_le_1"
PART 60 "j_thumb_le_2"
PART 61 "j_index_ri_2"
PART 62 "j_mid_ri_2"
PART 63 "j_pinky_ri_1"
PART 64 "j_ring_ri_1"
PART 65 "j_thumb_ri_2"
PART 66 "j_index_le_3"
PART 67 "j_mid_le_3"
PART 68 "j_pinky_le_2"
PART 69 "j_ring_le_2"
PART 70 "j_thumb_le_3"
PART 71 "j_index_ri_3"
PART 72 "j_mid_ri_3"
PART 73 "j_pinky_ri_2"
PART 74 "j_ring_ri_2"
PART 75 "j_thumb_ri_3"
PART 76 "j_pinky_le_3"
PART 77 "j_ring_le_3"
PART 78 "j_pinky_ri_3"
PART 79 "j_ring_ri_3"

FRAMERATE 30
NUMFRAMES 11

FRAME 0
PART 0
OFFSET 0.000000, 0.000000, 0.000000
SCALE 1.000000, 1.000000, 1.000000
X 1.000000, 0.000000, 0.000000
Y 0.000000, 1.000000, 0.000000
Z 0.000000, 0.000000, 1.000000

PART 1
OFFSET 0.000000, 0.000000, 0.000000
SCALE 1.000000, 1.000000, 1.000000
X 1.000000, 0.000000, 0.000000
Y 0.000000, 1.000000, 0.000000
Z 0.000000, 0.000000, 1.000000

PART 2
OFFSET 0.000000, 0.000000, 0.000000
SCALE 1.000000, 1.000000, 1.000000
X 1.000000, 0.000000, 0.000000
Y 0.000000, 1.000000, 0.000000
Z 0.000000, 0.000000, 1.000000

PART 3
OFFSET 0.000000, 0.000000, 0.000000
SCALE 1.000000, 1.000000, 1.000000
X 1.000000, 0.000000, 0.000000
Y 0.000000, 1.000000, 0.000000
Z 0.000000, 0.000000, 1.000000

PART 4
OFFSET 0.000000, 0.000000, 0.000000
SCALE 1.000000, 1.000000, 1.000000
X 1.000000, 0.000000, 0.000000
Y 0.000000, 1.000000, 0.000000
Z 0.000000, 0.000000, 1.000000

PART 5
OFFSET 0.462600, 4.302200, -5.020600
SCALE 1.000000, 1.000000, 1.000000
X 0.963120, 0.112508, -0.244421
Y -0.002020, -0.905338, -0.424688
Z -0.269064, 0.409519, -0.871722

PART 6
OFFSET -5.186300, -6.970500, -2.725900
SCALE 1.000000, 1.000000, 1.000000
X -0.537759, 0.021019, 0.842836
Y -0.202545, -0.973633, -0.104950
Z 0.818407, -0.227150, 0.527837

PART 7
OFFSET 12.834278, -2.968794, -4.013665
SCALE 1.000000, 1.000000, 1.000000
X 1.000000, 0.000000, 0.000000
Y 0.000000, 1.000000, 0.000000
Z 0.000000, 0.000000, 1.000000

PART 8
OFFSET 15.159802, 0.000000, -6.752720
SCALE 1.000000, 1.000000, 1.000000
X 1.000000, 0.000000, 0.000000
Y 0.000000, 1.000000, 0.000000
Z 0.000000, 0.000000, 1.000000

PART 9
OFFSET 0.000000, 0.000000, 0.000000
SCALE 1.000000, 1.000000, 1.000000
X 1.000000, 0.000000, 0.000000
Y 0.000000, 1.000000, 0.000000
Z 0.000000, 0.000000, 1.000000

PART 10
OFFSET 0.000000, 0.000000, 0.000000
SCALE 1.000000, 1.000000, 1.000000
X 1.000000, 0.000000, 0.000000
Y 0.000000, 1.000000, 0.000000
Z 0.000000, 0.000000, 1.000000

PART 11
OFFSET 12.110361, 5.662781, -7.976444
SCALE 1.000000, 1.000000, 1.000000
X 0.711537, -0.626147, 0.318833
Y -0.688779, -0.531838, 0.492679
Z -0.138922, -0.570165, -0.809699

PART 12
OFFSET 1.317323, -7.224700, -12.919108
SCALE 1.000000, 1.000000, 1.000000
X -0.665856, -0.297958, -0.684000
Y 0.705421, 0.047092, -0.707223
Z 0.242934, -0.953417, 0.178829

PART 13
OFFSET 12.834278, -2.968794, -4.013665
SCALE 1.000000, 1.000000, 1.000000
X 1.000000, 0.000000, 0.000000
Y 0.000000, 1.000000, 0.000000
Z 0.000000, 0.000000, 1.000000

PART 14
OFFSET 19.883902, 0.894296, -3.633722
SCALE 1.000000, 1.000000, 1.000000
X 0.715980, -0.621453, 0.318071
Y 0.146806, 0.579449, 0.801677
Z -0.682511, -0.527290, 0.506107

PART 15
OFFSET 19.647020, -0.046526, -6.151451
SCALE 1.000000, 1.000000, 1.000000
X 0.715980, -0.621453, 0.318071
Y 0.146806, 0.579449, 0.801677
Z -0.682511, -0.527290, 0.506107

PART 16
OFFSET 18.802509, -0.727219, -2.765465
SCALE 1.000000, 1.000000, 1.000000
X 0.715980, -0.621453, 0.318071
Y 0.146806, 0.579449, 0.801677
Z -0.682511, -0.527290, 0.506107

PART 17
OFFSET 18.424915, -1.676710, -4.098727
SCALE 1.000000, 1.000000, 1.000000
X 0.715980, -0.621453, 0.318071
Y 0.146806, 0.579449, 0.801677
Z -0.682511, -0.527290, 0.506107

PART 18
OFFSET 18.067795, -2.240221, -5.590174
SCALE 1.000000, 1.000000, 1.000000
X 0.715980, -0.621453, 0.318071
Y 0.146806, 0.579449, 0.801677
Z -0.682511, -0.527290, 0.506107

PART 19
OFFSET 20.343398, -1.582453, -4.287531
SCALE 1.000000, 1.000000, 1.000000
X 0.954661, -0.196470, 0.223655
Y -0.004177, 0.742375, 0.669971
Z -0.297665, -0.640530, 0.707896

PART 20
OFFSET 18.162098, 0.337115, -5.264910
SCALE 1.000000, 1.000000, 1.000000
X 0.711499, -0.626195, 0.318825
Y 0.259317, 0.655683, 0.709108
Z -0.653088, -0.421853, 0.628901

PART 21
OFFSET 7.490901, -4.933236, -4.684184
SCALE 1.000000, 1.000000, 1.000000
X -0.670803, -0.295312, -0.680304
Y -0.251213, 0.953553, -0.166221
Z 0.697793, 0.059400, -0.713832

PART 22
OFFSET 6.861712, -3.569083, -4.809838
SCALE 1.000000, 1.000000, 1.000000
X -0.670803, -0.295312, -0.680304
Y -0.251213, 0.953553, -0.166221
Z 0.697793, 0.059400, -0.713832

PART 23
OFFSET 7.154297, -3.062871, -5.876694
SCALE 1.000000, 1.000000, 1.000000
X -0.670803, -0.295312, -0.680304
Y -0.251213, 0.953553, -0.166221
Z 0.697793, 0.059400, -0.713832

PART 24
OFFSET 9.021939, -3.777031, -5.004548
SCALE 1.000000, 1.000000, 1.000000
X -0.990289, 0.087828, -0.107768
Y 0.105495, -0.030131, -0.993963
Z -0.090545, -0.995680, 0.020573

PART 25
OFFSET 6.980642, -4.690472, -7.101468
SCALE 1.000000, 1.000000, 1.000000
X -0.665856, -0.297958, -0.684000
Y 0.737851, -0.127197, -0.662870
Z 0.110505, -0.946067, 0.304544

PART 26
OFFSET 16.022347, -3.975470, -1.271073
SCALE 1.000000, 1.000000, 1.000000
X 1.000000, 0.000000, 0.000000
Y 0.000000, 1.000000, 0.000000
Z 0.000000, 0.000000, 1.000000

PART 27
OFFSET 11.598547, -2.968604, -0.928729
SCALE 1.000000, 1.000000, 1.000000
X 1.000000, 0.000000, 0.000000
Y 0.000000, 1.000000, 0.000000
Z 0.000000, 0.000000, 1.000000

PART 28
OFFSET 16.569678, -3.113461, -1.626013
SCALE 1.000000, 1.000000, 1.000000
X 0.000010, -0.819161, 0.573563
Y 1.000000, 0.000010, -0.000003
Z -0.000003, 0.573563, 0.819161

PART 29
OFFSET 35.511573, -2.970560, -1.584029
SCALE 1.000000, 1.000000, 1.000000
X 1.000000, 0.000000, 0.000000
Y 0.000000, 1.000000, 0.000000
Z 0.000000, 0.000000, 1.000000

PART 30
OFFSET 24.363169, -2.968794, 0.588582
SCALE 1.000000, 1.000000, 1.000000
X 1.000000, 0.000000, 0.000000
Y 0.000000, 1.000000, 0.000000
Z 0.000000, 0.000000, 1.000000

PART 31
OFFSET 16.259475, -2.968794, -4.013665
SCALE 1.000000, 1.000000, 1.000000
X 1.000000, 0.000000, 0.000000
Y 0.000000, 1.000000, 0.000000
Z 0.000000, 0.000000, 1.000000

PART 32
OFFSET 24.170728, -1.549994, -3.173874
SCALE 1.000000, 1.000000, 1.000000
X 0.664269, -0.746749, -0.033338
Y -0.418539, -0.408524, 0.811131
Z -0.619331, -0.524856, -0.583914

PART 33
OFFSET 24.020051, -2.449370, -3.797498
SCALE 1.000000, 1.000000, 1.000000
X 0.384743, -0.861996, 0.330053
Y -0.632597, 0.014142, 0.774352
Z -0.672156, -0.506717, -0.539856

PART 34
OFFSET 21.095538, -2.673066, -4.672560
SCALE 1.000000, 1.000000, 1.000000
X 0.694052, -0.689446, 0.207256
Y -0.520711, -0.281946, 0.805833
Z -0.497144, -0.667211, -0.554687

PART 35
OFFSET 21.344281, -2.133458, -4.276981
SCALE 1.000000, 1.000000, 1.000000
X 0.860609, -0.489510, 0.140471
Y -0.448672, -0.598305, 0.663871
Z -0.240927, -0.634359, -0.734536

PART 36
OFFSET 20.646618, -1.217389, -3.249719
SCALE 1.000000, 1.000000, 1.000000
X 0.855916, 0.191260, 0.480445
Y -0.133869, 0.979368, -0.151387
Z -0.499487, 0.065258, 0.863860

PART 37
OFFSET 23.120158, -1.352606, -2.154900
SCALE 1.000000, 1.000000, 1.000000
X 0.816274, -0.506524, 0.277723
Y 0.561819, 0.584284, -0.585638
Z 0.134371, 0.634071, 0.761511

PART 38
OFFSET 22.480262, -3.491257, -2.963394
SCALE 1.000000, 1.000000, 1.000000
X -0.335074, -0.624324, -0.705652
Y 0.297702, 0.640425, -0.707976
Z 0.893924, -0.447298, -0.028727

PART 39
OFFSET 12.767381, -4.466585, -3.827369
SCALE 1.000000, 1.000000, 1.000000
X -0.992190, -0.113706, -0.051288
Y 0.108643, -0.989762, 0.092565
Z -0.061288, 0.086269, 0.994385

PART 40
OFFSET 12.792395, -4.311280, -4.920878
SCALE 1.000000, 1.000000, 1.000000
X -0.286098, -0.933765, 0.215012
Y 0.932720, -0.322792, -0.160744
Z 0.219501, 0.154557, 0.963292

PART 41
OFFSET 9.991111, -3.682432, -5.981891
SCALE 1.000000, 1.000000, 1.000000
X -0.873802, 0.096090, 0.476693
Y -0.067830, -0.994784, 0.076188
Z 0.481527, 0.034239, 0.875762

PART 42
OFFSET 10.126192, -3.820754, -5.294690
SCALE 1.000000, 1.000000, 1.000000
X -0.971418, 0.128019, 0.199894
Y -0.115157, -0.990531, 0.074749
Z 0.207571, 0.049593, 0.976962

PART 43
OFFSET 9.402804, -3.378640, -4.005354
SCALE 1.000000, 1.000000, 1.000000
X -0.730554, -0.604901, -0.316836
Y 0.495325, -0.150040, -0.855653
Z 0.470047, -0.782037, 0.409235

PART 44
OFFSET 4.762769, -3.919736, -4.601562
SCALE 1.000000, 1.000000, 1.000000
X -0.977336, -0.188410, 0.096518
Y -0.197066, 0.976277, -0.089713
Z -0.077326, -0.106700, -0.991280

PART 45
OFFSET 16.149785, -2.968794, -1.669401
SCALE 1.000000, 1.000000, 1.000000
X 1.000000, 0.000000, 0.000000
Y 0.000000, 1.000000, 0.000000
Z 0.000000, 0.000000, 1.000000

PART 46
OFFSET 25.340288, -2.864774, -3.232572
SCALE 1.000000, 1.000000, 1.000000
X 0.182752, -0.877348, 0.443691
Y -0.772048, 0.151352, 0.617280
Z -0.608723, -0.455360, -0.649695

PART 47
OFFSET 24.771672, -4.133338, -3.152716
SCALE 1.000000, 1.000000, 1.000000
X -0.535105, -0.157223, 0.830026
Y -0.471679, 0.870721, -0.139153
Z -0.700843, -0.465968, -0.540086

PART 48
OFFSET 22.663503, -4.159562, -4.027275
SCALE 1.000000, 1.000000, 1.000000
X -0.269272, -0.346832, 0.898443
Y -0.487666, 0.853561, 0.183348
Z -0.830467, -0.388770, -0.398978

PART 49
OFFSET 23.551979, -3.485009, -4.036120
SCALE 1.000000, 1.000000, 1.000000
X 0.081922, -0.781371, 0.618666
Y -0.622013, 0.444931, 0.644310
Z -0.778709, -0.437602, -0.449574

PART 50
OFFSET 22.452496, -0.703316, -2.180025
SCALE 1.000000, 1.000000, 1.000000
X 0.970732, -0.184411, 0.153858
Y 0.133047, 0.946267, 0.294748
Z -0.199945, -0.265651, 0.943107

PART 51
OFFSET 14.514265, -4.266390, -3.737069
SCALE 1.000000, 1.000000, 1.000000
X -0.996813, -0.057897, -0.054875
Y 0.049518, -0.988431, 0.143357
Z -0.062541, 0.140182, 0.988149

PART 52
OFFSET 13.351307, -2.487106, -5.340918
SCALE 1.000000, 1.000000, 1.000000
X 0.864720, -0.485256, -0.129558
Y 0.437526, 0.854458, -0.280131
Z 0.246637, 0.185550, 0.951179

PART 53
OFFSET 12.032895, -3.771328, -6.934676
SCALE 1.000000, 1.000000, 1.000000
X -0.270702, -0.961691, -0.043245
Y 0.880793, -0.229302, -0.414276
Z 0.388489, -0.150235, 0.909124

PART 54
OFFSET 12.614014, -4.182226, -5.957012
SCALE 1.000000, 1.000000, 1.000000
X -0.297956, -0.939183, 0.170753
Y 0.865286, -0.341268, -0.367173
Z 0.403115, 0.038348, 0.914346

PART 55
OFFSET 10.903659, -2.014787, -3.259032
SCALE 1.000000, 1.000000, 1.000000
X -0.920885, -0.012731, 0.389628
Y -0.299319, -0.617248, -0.727608
Z 0.249760, -0.786666, 0.564603

PART 56
OFFSET 25.599435, -3.903680, -2.653718
SCALE 1.000000, 1.000000, 1.000000
X -0.332906, -0.485982, 0.808081
Y -0.729168, 0.676047, 0.106180
Z -0.597903, -0.553879, -0.579422

PART 57
OFFSET 23.990096, -4.362979, -1.940378
SCALE 1.000000, 1.000000, 1.000000
X -0.540407, -0.195665, 0.818337
Y -0.456296, 0.885300, -0.089649
Z -0.706933, -0.421851, -0.567704

PART 58
OFFSET 22.282274, -4.650599, -2.755281
SCALE 1.000000, 1.000000, 1.000000
X -0.512523, 0.336840, 0.789848
Y -0.216330, 0.839524, -0.498399
Z -0.830976, -0.426308, -0.357407

PART 59
OFFSET 23.691452, -4.815294, -2.982841
SCALE 1.000000, 1.000000, 1.000000
X -0.568520, 0.188903, 0.800688
Y -0.288099, 0.865930, -0.408857
Z -0.770574, -0.463120, -0.437876

PART 60
OFFSET 23.989225, -1.087239, -1.843600
SCALE 1.000000, 1.000000, 1.000000
X 0.955762, -0.036837, 0.291824
Y -0.010655, 0.987140, 0.159503
Z -0.293947, -0.155556, 0.943079

PART 61
OFFSET 15.722271, -4.187494, -3.610357
SCALE 1.000000, 1.000000, 1.000000
X -0.987285, 0.075124, -0.140091
Y -0.090176, -0.990441, 0.104383
Z -0.130910, 0.115689, 0.984621

PART 62
OFFSET 12.088288, -1.778336, -5.151684
SCALE 1.000000, 1.000000, 1.000000
X 0.937885, 0.184416, -0.293875
Y -0.244401, 0.952374, -0.182349
Z 0.246251, 0.242846, 0.938289

PART 63
OFFSET 12.416145, -2.409802, -6.873452
SCALE 1.000000, 1.000000, 1.000000
X 0.725574, -0.561484, -0.397841
Y 0.590854, 0.804685, -0.058087
Z 0.352752, -0.192919, 0.915614

PART 64
OFFSET 13.121282, -2.583276, -6.247717
SCALE 1.000000, 1.000000, 1.000000
X 0.795877, -0.510279, -0.325876
Y 0.464964, 0.859855, -0.210851
Z 0.387799, 0.016290, 0.921600

PART 65
OFFSET 12.344473, -1.942975, -3.994672
SCALE 1.000000, 1.000000, 1.000000
X -0.572184, 0.206612, 0.793673
Y -0.742940, -0.540443, -0.394919
Z 0.347340, -0.815618, 0.462734

PART 66
OFFSET 25.223415, -4.452601, -1.740982
SCALE 1.000000, 1.000000, 1.000000
X 0.598452, -0.607833, -0.521914
Y 0.176395, 0.735431, -0.654237
Z 0.781498, 0.299467, 0.547339

PART 67
OFFSET 23.373323, -4.588206, -1.017528
SCALE 1.000000, 1.000000, 1.000000
X 0.750609, -0.388693, -0.534326
Y -0.054182, 0.769738, -0.636056
Z 0.658522, 0.506380, 0.556712

PART 68
OFFSET 21.827866, -4.351954, -2.054995
SCALE 1.000000, 1.000000, 1.000000
X -0.499136, 0.234874, 0.834085
Y -0.217293, 0.897882, -0.382873
Z -0.838837, -0.372346, -0.397129

PART 69
OFFSET 22.903539, -4.553493, -1.873167
SCALE 1.000000, 1.000000, 1.000000
X -0.573072, 0.185144, 0.798317
Y -0.288140, 0.866424, -0.407781
Z -0.767179, -0.463715, -0.443176

PART 70
OFFSET 25.009171, -1.117407, -1.482090
SCALE 1.000000, 1.000000, 1.000000
X 0.892131, 0.276152, -0.357551
Y -0.325515, -0.155890, -0.932598
Z -0.313277, 0.948387, -0.049183

PART 71
OFFSET 16.837430, -4.272348, -3.452122
SCALE 1.000000, 1.000000, 1.000000
X 0.365908, 0.902176, 0.228451
Y 0.923356, -0.382607, 0.032023
Z 0.116297, 0.199224, -0.973029

PART 72
OFFSET 11.024131, -1.988327, -4.825621
SCALE 1.000000, 1.000000, 1.000000
X -0.578974, -0.765224, 0.281462
Y -0.770180, 0.626581, 0.119238
Z -0.267602, -0.147741, -0.952135

PART 73
OFFSET 11.772835, -1.911978, -6.520717
SCALE 1.000000, 1.000000, 1.000000
X 0.897143, 0.286716, -0.336048
Y -0.216917, 0.948640, 0.230279
Z 0.384813, -0.133699, 0.913260

PART 74
OFFSET 12.018283, -1.876085, -5.796088
SCALE 1.000000, 1.000000, 1.000000
X 0.916332, 0.120016, -0.382010
Y -0.118181, 0.992587, 0.028358
Z 0.382581, 0.019161, 0.923723

PART 75
OFFSET 12.959979, -2.119876, -4.867389
SCALE 1.000000, 1.000000, 1.000000
X -0.798527, 0.565118, 0.207355
Y 0.288884, 0.661972, -0.691620
Z -0.528110, -0.492376, -0.691857

PART 76
OFFSET 21.353675, -4.128817, -1.262594
SCALE 1.000000, 1.000000, 1.000000
X 0.639690, -0.689287, -0.340118
Y 0.051182, 0.479714, -0.875931
Z 0.766927, 0.542917, 0.342148

PART 77
OFFSET 22.282027, -4.352700, -1.007371
SCALE 1.000000, 1.000000, 1.000000
X 0.596959, -0.669190, -0.442522
Y 0.126013, 0.622950, -0.772046
Z 0.792314, 0.405116, 0.456202

PART 78
OFFSET 10.920520, -2.184367, -6.201461
SCALE 1.000000, 1.000000, 1.000000
X -0.605770, -0.795395, -0.019725
Y -0.692406, 0.514798, 0.505527
Z -0.391939, 0.319891, -0.862585

PART 79
OFFSET 11.024490, -2.006247, -5.381786
SCALE 1.000000, 1.000000, 1.000000
X -0.664097, -0.664392, 0.342868
Y -0.638228, 0.742637, 0.202868
Z -0.389411, -0.084104, -0.917216

FRAME 1
PART 0
OFFSET 0.000000, 0.000000, 0.000000
SCALE 1.000000, 1.000000, 1.000000
X 1.000000, 0.000000, 0.000000
Y 0.000000, 1.000000, 0.000000
Z 0.000000, 0.000000, 1.000000

PART 1
OFFSET 0.000000, 0.000000, 0.000000
SCALE 1.000000, 1.000000, 1.000000
X 1.000000, 0.000000, 0.000000
Y 0.000000, 1.000000, 0.000000
Z 0.000000, 0.000000, 1.000000

PART 2
OFFSET 0.000000, 0.000000, 0.000000
SCALE 1.000000, 1.000000, 1.000000
X 1.000000, 0.000000, 0.000000
Y 0.000000, 1.000000, 0.000000
Z 0.000000, 0.000000, 1.000000

PART 3
OFFSET 0.000000, 0.000000, 0.000000
SCALE 1.000000, 1.000000, 1.000000
X 1.000000, 0.000000, 0.000000
Y 0.000000, 1.000000, 0.000000
Z 0.000000, 0.000000, 1.000000

PART 4
OFFSET 0.000000, 0.000000, 0.000000
SCALE 1.000000, 1.000000, 1.000000
X 1.000000, 0.000000, 0.000000
Y 0.000000, 1.000000, 0.000000
Z 0.000000, 0.000000, 1.000000

PART 5
OFFSET 0.462600, 4.302200, -5.020600
SCALE 1.000000, 1.000000, 1.000000
X 0.946025, 0.164461, -0.279267
Y 0.027769, -0.899647, -0.435735
Z -0.322903, 0.404461, -0.855655

PART 6
OFFSET -5.186300, -6.970500, -2.725900
SCALE 1.000000, 1.000000, 1.000000
X -0.487577, 0.036994, 0.872296
Y -0.198435, -0.977650, -0.069455
Z 0.850231, -0.206958, 0.484021

PART 7
OFFSET 11.728500, -2.970700, -3.963578
SCALE 1.000000, 1.000000, 1.000000
X 0.999934, 0.000017, 0.011475
Y 0.000017, 0.999996, -0.002930
Z -0.011475, 0.002930, 0.999930

PART 8
OFFSET 15.159802, 0.000000, -6.752720
SCALE 1.000000, 1.000000, 1.000000
X 1.000000, 0.000000, 0.000000
Y 0.000000, 1.000000, 0.000000
Z 0.000000, 0.000000, 1.000000

PART 9
OFFSET 0.000000, 0.000000, 0.000000
SCALE 1.000000, 1.000000, 1.000000
X 1.000000, 0.000000, 0.000000
Y 0.000000, 1.000000, 0.000000
Z 0.000000, 0.000000, 1.000000

PART 10
OFFSET 0.000000, 0.000000, 0.000000
SCALE 1.000000, 1.000000, 1.000000
X 1.000000, 0.000000, 0.000000
Y 0.000000, 1.000000, 0.000000
Z 0.000000, 0.000000, 1.000000

PART 11
OFFSET 11.903620, 6.291087, -8.397865
SCALE 1.000000, 1.000000, 1.000000
X 0.634179, -0.680740, 0.366620
Y -0.760276, -0.462742, 0.455906
Z -0.140703, -0.567858, -0.811012

PART 12
OFFSET 0.710428, -7.417899, -13.275386
SCALE 1.000000, 1.000000, 1.000000
X -0.623881, -0.314391, -0.715493
Y 0.736113, 0.071119, -0.673112
Z 0.262506, -0.946626, 0.187057

PART 13
OFFSET 11.728500, -2.970700, -3.963578
SCALE 1.000000, 1.000000, 1.000000
X 0.999934, 0.000017, 0.011475
Y 0.000017, 0.999996, -0.002930
Z -0.011475, 0.002930, 0.999930

PART 14
OFFSET 18.963064, 0.930834, -3.554565
SCALE 1.000000, 1.000000, 1.000000
X 0.639054, -0.676455, 0.366085
Y 0.149825, 0.576314, 0.803377
Z -0.754429, -0.458552, 0.469646

PART 15
OFFSET 18.792350, -0.022970, -6.072765
SCALE 1.000000, 1.000000, 1.000000
X 0.639054, -0.676455, 0.366085
Y 0.149825, 0.576314, 0.803377
Z -0.754429, -0.458552, 0.469646

PART 16
OFFSET 17.695078, -0.577748, -2.736651
SCALE 1.000000, 1.000000, 1.000000
X 0.639054, -0.676455, 0.366085
Y 0.149825, 0.576314, 0.803377
Z -0.754429, -0.458552, 0.469646

PART 17
OFFSET 17.314446, -1.510488, -4.080829
SCALE 1.000000, 1.000000, 1.000000
X 0.639054, -0.676455, 0.366085
Y 0.149825, 0.576314, 0.803377
Z -0.754429, -0.458552, 0.469646

PART 18
OFFSET 16.997184, -2.062856, -5.585398
SCALE 1.000000, 1.000000, 1.000000
X 0.639054, -0.676455, 0.366085
Y 0.149825, 0.576314, 0.803377
Z -0.754429, -0.458552, 0.469646

PART 19
OFFSET 19.241563, -1.585826, -4.156022
SCALE 1.000000, 1.000000, 1.000000
X 0.951994, -0.195820, 0.235290
Y -0.011947, 0.744277, 0.667765
Z -0.305883, -0.638519, 0.706208

PART 20
OFFSET 17.297413, 0.501102, -5.279897
SCALE 1.000000, 1.000000, 1.000000
X 0.634133, -0.680722, 0.366732
Y 0.284059, 0.646216, 0.708318
Z -0.719156, -0.344995, 0.603152

PART 21
OFFSET 6.420012, -4.982455, -4.752058
SCALE 1.000000, 1.000000, 1.000000
X -0.629077, -0.311905, -0.712023
Y -0.271359, 0.946462, -0.174855
Z 0.728441, 0.083217, -0.680036

PART 22
OFFSET 5.757145, -3.636929, -4.902873
SCALE 1.000000, 1.000000, 1.000000
X -0.629077, -0.311905, -0.712023
Y -0.271359, 0.946462, -0.174855
Z 0.728441, 0.083217, -0.680036

PART 23
OFFSET 6.084287, -3.117458, -5.953192
SCALE 1.000000, 1.000000, 1.000000
X -0.629077, -0.311905, -0.712023
Y -0.271359, 0.946462, -0.174855
Z 0.728441, 0.083217, -0.680036

PART 24
OFFSET 7.929353, -3.780084, -4.996423
SCALE 1.000000, 1.000000, 1.000000
X -0.989001, 0.087394, -0.119325
Y 0.116853, -0.032889, -0.992604
Z -0.090673, -0.995631, 0.022315

PART 25
OFFSET 6.016738, -4.743904, -7.189890
SCALE 1.000000, 1.000000, 1.000000
X -0.623881, -0.314391, -0.715493
Y 0.775074, -0.131571, -0.618021
Z 0.100162, -0.940132, 0.325761

PART 26
OFFSET 14.884871, -3.969283, -1.181647
SCALE 1.000000, 1.000000, 1.000000
X 0.999934, 0.000017, 0.011475
Y 0.000017, 0.999996, -0.002930
Z -0.011475, 0.002930, 0.999930

PART 27
OFFSET 10.457451, -2.961493, -0.893039
SCALE 1.000000, 1.000000, 1.000000
X 0.999934, 0.000017, 0.011475
Y 0.000017, 0.999996, -0.002930
Z -0.011475, 0.002930, 0.999930

PART 28
OFFSET 15.436254, -3.108308, -1.532807
SCALE 1.000000, 1.000000, 1.000000
X -0.006586, -0.817477, 0.575923
Y 0.999934, 0.000027, 0.011472
Z -0.009393, 0.575961, 0.817423

PART 29
OFFSET 34.376423, -2.964967, -1.273888
SCALE 1.000000, 1.000000, 1.000000
X 0.999934, 0.000017, 0.011475
Y 0.000017, 0.999996, -0.002930
Z -0.011475, 0.002930, 0.999930

PART 30
OFFSET 23.203822, -2.957023, 0.770639
SCALE 1.000000, 1.000000, 1.000000
X 0.999934, 0.000017, 0.011475
Y 0.000017, 0.999996, -0.002930
Z -0.011475, 0.002930, 0.999930

PART 31
OFFSET 15.153472, -2.970642, -3.924275
SCALE 1.000000, 1.000000, 1.000000
X 0.999934, 0.000017, 0.011475
Y 0.000017, 0.999996, -0.002930
Z -0.011475, 0.002930, 0.999930

PART 32
OFFSET 23.055695, -1.550150, -2.998065
SCALE 1.000000, 1.000000, 1.000000
X 0.664597, -0.746832, -0.023495
Y -0.427944, -0.406222, 0.807371
Z -0.612515, -0.526522, -0.589577

PART 33
OFFSET 22.912256, -2.451297, -3.620840
SCALE 1.000000, 1.000000, 1.000000
X 0.380865, -0.861050, 0.336950
Y -0.641552, 0.016334, 0.766906
Z -0.665847, -0.508259, -0.546187

PART 34
OFFSET 19.998104, -2.677518, -4.529185
SCALE 1.000000, 1.000000, 1.000000
X 0.691584, -0.688845, 0.217266
Y -0.530045, -0.279661, 0.800526
Z -0.490678, -0.668791, -0.558528

PART 35
OFFSET 20.242244, -2.136786, -4.132277
SCALE 1.000000, 1.000000, 1.000000
X 0.858909, -0.489097, 0.151852
Y -0.456367, -0.596422, 0.660311
Z -0.232388, -0.636447, -0.735480

PART 36
OFFSET 19.532710, -1.217810, -3.115799
SCALE 1.000000, 1.000000, 1.000000
X 0.850279, 0.192636, 0.489813
Y -0.132082, 0.978932, -0.155715
Z -0.509489, 0.067706, 0.857809

PART 37
OFFSET 21.993359, -1.349881, -1.991933
SCALE 1.000000, 1.000000, 1.000000
X 0.812982, -0.505722, 0.288627
Y 0.568598, 0.582624, -0.580728
Z 0.125526, 0.636235, 0.761215

PART 38
OFFSET 21.362859, -3.490830, -2.801725
SCALE 1.000000, 1.000000, 1.000000
X -0.326864, -0.626332, -0.707721
Y 0.305920, 0.638414, -0.706286
Z 0.894188, -0.447366, -0.017067

PART 39
OFFSET 11.661164, -4.465850, -3.774588
SCALE 1.000000, 1.000000, 1.000000
X -0.991527, -0.113982, -0.062309
Y 0.107679, -0.989485, 0.096562
Z -0.072660, 0.089034, 0.993375

PART 40
OFFSET 11.698661, -4.313591, -4.868169
SCALE 1.000000, 1.000000, 1.000000
X -0.288442, -0.933200, 0.214332
Y 0.934530, -0.323113, -0.149170
Z 0.208460, 0.157273, 0.965303

PART 41
OFFSET 8.909624, -3.688082, -5.962885
SCALE 1.000000, 1.000000, 1.000000
X -0.879204, 0.097302, 0.466403
Y -0.068595, -0.994576, 0.078183
Z 0.471481, 0.036746, 0.881110

PART 42
OFFSET 9.036855, -3.824469, -5.273801
SCALE 1.000000, 1.000000, 1.000000
X -0.973653, 0.128446, 0.188419
Y -0.115902, -0.990334, 0.076191
Z 0.196384, 0.052346, 0.979129

PART 43
OFFSET 8.298730, -3.378857, -3.994057
SCALE 1.000000, 1.000000, 1.000000
X -0.726822, -0.605881, -0.323477
Y 0.505089, -0.152360, -0.849513
Z 0.465419, -0.780830, 0.416762

PART 44
OFFSET 3.665870, -3.922237, -4.641754
SCALE 1.000000, 1.000000, 1.000000
X -0.978356, -0.188272, 0.085866
Y -0.196128, 0.975996, -0.094684
Z -0.065978, -0.109475, -0.991797

PART 45
OFFSET 15.016889, -2.963776, -1.581434
SCALE 1.000000, 1.000000, 1.000000
X 0.999934, 0.000017, 0.011475
Y 0.000017, 0.999996, -0.002930
Z -0.011475, 0.002930, 0.999930

PART 46
OFFSET 24.225832, -2.865075, -3.039432
SCALE 1.000000, 1.000000, 1.000000
X 0.177567, -0.876081, 0.448277
Y -0.779165, 0.153096, 0.607835
Z -0.601142, -0.457213, -0.655427

PART 47
OFFSET 23.656302, -4.133416, -2.962584
SCALE 1.000000, 1.000000, 1.000000
X -0.544717, -0.154871, 0.824196
Y -0.470014, 0.870316, -0.147099
Z -0.694529, -0.467510, -0.546867

PART 48
OFFSET 21.558436, -4.162154, -3.861502
SCALE 1.000000, 1.000000, 1.000000
X -0.279700, -0.344281, 0.896236
Y -0.489747, 0.854072, 0.175242
Z -0.825782, -0.389913, -0.407494

PART 49
OFFSET 22.446968, -3.487616, -3.861940
SCALE 1.000000, 1.000000, 1.000000
X 0.074713, -0.779609, 0.621794
Y -0.629449, 0.446752, 0.635772
Z -0.773441, -0.438889, -0.457346

PART 50
OFFSET 21.326047, -0.700674, -2.026659
SCALE 1.000000, 1.000000, 1.000000
X 0.968875, -0.183960, 0.165650
Y 0.129632, 0.947103, 0.293583
Z -0.210896, -0.262972, 0.941472

PART 51
OFFSET 13.406881, -4.265169, -3.664884
SCALE 1.000000, 1.000000, 1.000000
X -0.996115, -0.058184, -0.066105
Y 0.047978, -0.988021, 0.146671
Z -0.073847, 0.142930, 0.986974

PART 52
OFFSET 12.262152, -2.490522, -5.286882
SCALE 1.000000, 1.000000, 1.000000
X 0.866195, -0.485499, -0.118311
Y 0.440612, 0.853732, -0.277495
Z 0.235729, 0.188236, 0.953414

PART 53
OFFSET 10.962175, -3.779361, -6.892016
SCALE 1.000000, 1.000000, 1.000000
X -0.270092, -0.961844, -0.043653
Y 0.885495, -0.230338, -0.403539
Z 0.378087, -0.147647, 0.913921

PART 54
OFFSET 11.532122, -4.187453, -5.906631
SCALE 1.000000, 1.000000, 1.000000
X -0.299793, -0.938744, 0.169956
Y 0.869462, -0.342175, -0.356304
Z 0.392633, 0.040953, 0.918783

PART 55
OFFSET 9.790816, -2.012727, -3.234436
SCALE 1.000000, 1.000000, 1.000000
X -0.925277, -0.011768, 0.379110
Y -0.290919, -0.619315, -0.729257
Z 0.243370, -0.785054, 0.569614

PART 56
OFFSET 24.478215, -3.902329, -2.454656
SCALE 1.000000, 1.000000, 1.000000
X -0.342282, -0.483687, 0.805537
Y -0.730339, 0.676336, 0.095779
Z -0.591141, -0.555532, -0.584754

PART 57
OFFSET 22.860687, -4.359620, -1.758762
SCALE 1.000000, 1.000000, 1.000000
X -0.549883, -0.193346, 0.812555
Y -0.455207, 0.885036, -0.097461
Z -0.700297, -0.423473, -0.574678

PART 58
OFFSET 21.162443, -4.649578, -2.592632
SCALE 1.000000, 1.000000, 1.000000
X -0.521659, 0.339077, 0.782878
Y -0.210508, 0.838101, -0.503263
Z -0.826776, -0.427334, -0.365825

PART 59
OFFSET 22.574167, -4.814901, -2.803334
SCALE 1.000000, 1.000000, 1.000000
X -0.577782, 0.191170, 0.793487
Y -0.283312, 0.864761, -0.414637
Z -0.765443, -0.464374, -0.445482

PART 60
OFFSET 22.858755, -1.083618, -1.671311
SCALE 1.000000, 1.000000, 1.000000
X 0.952306, -0.035995, 0.303013
Y -0.012488, 0.987589, 0.156562
Z -0.304888, -0.152879, 0.940038

PART 61
OFFSET 14.613352, -4.185757, -3.524593
SCALE 1.000000, 1.000000, 1.000000
X -0.985626, 0.074601, -0.151576
Y -0.091262, -0.990158, 0.106109
Z -0.142168, 0.118417, 0.982734

PART 62
OFFSET 10.996979, -1.781397, -5.114076
SCALE 1.000000, 1.000000, 1.000000
X 0.941164, 0.183721, -0.283649
Y -0.242399, 0.951829, -0.187788
Z 0.235485, 0.245495, 0.940361

PART 63
OFFSET 11.344561, -2.417618, -6.830215
SCALE 1.000000, 1.000000, 1.000000
X 0.730132, -0.562494, -0.387953
Y 0.591396, 0.804599, -0.053575
Z 0.342282, -0.190317, 0.920121

PART 64
OFFSET 12.042516, -2.589251, -6.195979
SCALE 1.000000, 1.000000, 1.000000
X 0.799602, -0.511079, -0.315332
Y 0.467256, 0.859326, -0.207921
Z 0.377237, 0.018913, 0.925924

PART 65
OFFSET 11.239938, -1.942773, -3.953756
SCALE 1.000000, 1.000000, 1.000000
X -0.581241, 0.208748, 0.786501
Y -0.738322, -0.541642, -0.401876
Z 0.342111, -0.814277, 0.468948

PART 66
OFFSET 24.091604, -4.448658, -1.544794
SCALE 1.000000, 1.000000, 1.000000
X 0.604465, -0.609305, -0.513195
Y 0.183999, 0.733571, -0.654230
Z 0.775092, 0.301032, 0.555529

PART 67
OFFSET 22.233229, -4.582231, -0.842504
SCALE 1.000000, 1.000000, 1.000000
X 0.756759, -0.390200, -0.524462
Y -0.046773, 0.767926, -0.638828
Z 0.652018, 0.507969, 0.562884

PART 68
OFFSET 20.699935, -4.348950, -1.898525
SCALE 1.000000, 1.000000, 1.000000
X -0.508789, 0.237237, 0.827558
Y -0.212812, 0.896787, -0.387922
Z -0.834173, -0.373485, -0.405789

PART 69
OFFSET 21.773419, -4.549957, -1.703639
SCALE 1.000000, 1.000000, 1.000000
X -0.582306, 0.187404, 0.791075
Y -0.283365, 0.865258, -0.413562
Z -0.761987, -0.464983, -0.450741

PART 70
OFFSET 23.874431, -1.112745, -1.297890
SCALE 1.000000, 1.000000, 1.000000
X 0.896231, 0.275146, -0.347944
Y -0.314659, -0.158544, -0.935870
Z -0.312666, 0.948240, -0.055515

PART 71
OFFSET 15.726638, -4.270020, -3.353385
SCALE 1.000000, 1.000000, 1.000000
X 0.363180, 0.902859, 0.230100
Y 0.922969, -0.382392, 0.043643
Z 0.127392, 0.196525, -0.972188

PART 72
OFFSET 9.929185, -1.990620, -4.799614
SCALE 1.000000, 1.000000, 1.000000
X -0.582075, -0.764514, 0.276960
Y -0.771557, 0.626808, 0.108677
Z -0.256686, -0.150432, -0.954716

PART 73
OFFSET 10.697210, -1.918899, -6.486247
SCALE 1.000000, 1.000000, 1.000000
X 0.900897, 0.285898, -0.326570
Y -0.219632, 0.949250, 0.225136
Z 0.374362, -0.131099, 0.917968

PART 74
OFFSET 10.934355, -1.880952, -5.758963
SCALE 1.000000, 1.000000, 1.000000
X 0.920627, 0.119073, -0.371844
Y -0.118599, 0.992646, 0.024235
Z 0.371995, 0.021789, 0.927979

PART 75
OFFSET 11.865398, -2.122025, -4.818883
SCALE 1.000000, 1.000000, 1.000000
X -0.800903, 0.565587, 0.196636
Y 0.296703, 0.660080, -0.690117
Z -0.520117, -0.494375, -0.696471

PART 76
OFFSET 20.216574, -4.123569, -1.112326
SCALE 1.000000, 1.000000, 1.000000
X 0.643586, -0.690242, -0.330701
Y 0.061366, 0.477223, -0.876637
Z 0.762910, 0.543897, 0.349492

PART 77
OFFSET 21.141892, -4.346712, -0.845698
SCALE 1.000000, 1.000000, 1.000000
X 0.602047, -0.670437, -0.433652
Y 0.134988, 0.620754, -0.772297
Z 0.786967, 0.406422, 0.464224

PART 78
OFFSET 9.841329, -2.190511, -6.175995
SCALE 1.000000, 1.000000, 1.000000
X -0.605424, -0.795528, -0.024428
Y -0.698192, 0.516113, 0.496140
Z -0.382086, 0.317431, -0.867899

PART 79
OFFSET 9.935905, -2.010091, -5.355686
SCALE 1.000000, 1.000000, 1.000000
X -0.667905, -0.663522, 0.337107
Y -0.640581, 0.743114, 0.193487
Z -0.378892, -0.086714, -0.921369

FRAME 2
PART 0
OFFSET 0.000000, 0.000000, 0.000000
SCALE 1.000000, 1.000000, 1.000000
X 1.000000, 0.000000, 0.000000
Y 0.000000, 1.000000, 0.000000
Z 0.000000, 0.000000, 1.000000

PART 1
OFFSET 0.000000, 0.000000, 0.000000
SCALE 1.000000, 1.000000, 1.000000
X 1.000000, 0.000000, 0.000000
Y 0.000000, 1.000000, 0.000000
Z 0.000000, 0.000000, 1.000000

PART 2
OFFSET 0.000000, 0.000000, 0.000000
SCALE 1.000000, 1.000000, 1.000000
X 1.000000, 0.000000, 0.000000
Y 0.000000, 1.000000, 0.000000
Z 0.000000, 0.000000, 1.000000

PART 3
OFFSET 0.000000, 0.000000, 0.000000
SCALE 1.000000, 1.000000, 1.000000
X 1.000000, 0.000000, 0.000000
Y 0.000000, 1.000000, 0.000000
Z 0.000000, 0.000000, 1.000000

PART 4
OFFSET 0.000000, 0.000000, 0.000000
SCALE 1.000000, 1.000000, 1.000000
X 1.000000, 0.000000, 0.000000
Y 0.000000, 1.000000, 0.000000
Z 0.000000, 0.000000, 1.000000

PART 5
OFFSET 0.462600, 4.302200, -5.020600
SCALE 1.000000, 1.000000, 1.000000
X 0.947135, 0.162337, -0.276734
Y 0.028022, -0.901104, -0.432696
Z -0.319609, 0.402067, -0.858017

PART 6
OFFSET -5.186300, -6.970500, -2.725900
SCALE 1.000000, 1.000000, 1.000000
X -0.492352, 0.035054, 0.869690
Y -0.196753, -0.977808, -0.071975
Z 0.847867, -0.206551, 0.488322

PART 7
OFFSET 11.768150, -2.965300, -3.914300
SCALE 1.000000, 1.000000, 1.000000
X 0.999962, 0.000005, 0.008728
Y -0.000117, 0.999917, 0.012878
Z -0.008728, -0.012879, 0.999879

PART 8
OFFSET 15.159802, 0.000000, -6.752720
SCALE 1.000000, 1.000000, 1.000000
X 1.000000, 0.000000, 0.000000
Y 0.000000, 1.000000, 0.000000
Z 0.000000, 0.000000, 1.000000

PART 9
OFFSET 0.000000, 0.000000, 0.000000
SCALE 1.000000, 1.000000, 1.000000
X 1.000000, 0.000000, 0.000000
Y 0.000000, 1.000000, 0.000000
Z 0.000000, 0.000000, 1.000000

PART 10
OFFSET 0.000000, 0.000000, 0.000000
SCALE 1.000000, 1.000000, 1.000000
X 1.000000, 0.000000, 0.000000
Y 0.000000, 1.000000, 0.000000
Z 0.000000, 0.000000, 1.000000

PART 11
OFFSET 11.917049, 6.265408, -8.367230
SCALE 1.000000, 1.000000, 1.000000
X 0.636502, -0.677642, 0.368330
Y -0.758693, -0.464199, 0.457060
Z -0.138744, -0.570369, -0.809586

PART 12
OFFSET 0.768168, -7.394442, -13.243876
SCALE 1.000000, 1.000000, 1.000000
X -0.622132, -0.314398, -0.717012
Y 0.737445, 0.072232, -0.671533
Z 0.262920, -0.946539, 0.186913

PART 13
OFFSET 11.768150, -2.965300, -3.914300
SCALE 1.000000, 1.000000, 1.000000
X 0.999962, 0.000005, 0.008728
Y -0.000117, 0.999917, 0.012878
Z -0.008728, -0.012879, 0.999879

PART 14
OFFSET 18.994740, 0.941531, -3.510455
SCALE 1.000000, 1.000000, 1.000000
X 0.641363, -0.673337, 0.367792
Y 0.147839, 0.578847, 0.801923
Z -0.752859, -0.459950, 0.470796

PART 15
OFFSET 18.827332, -0.019164, -6.026257
SCALE 1.000000, 1.000000, 1.000000
X 0.641363, -0.673337, 0.367792
Y 0.147839, 0.578847, 0.801923
Z -0.752859, -0.459950, 0.470796

PART 16
OFFSET 17.731917, -0.569330, -2.688769
SCALE 1.000000, 1.000000, 1.000000
X 0.641363, -0.673337, 0.367792
Y 0.147839, 0.578847, 0.801923
Z -0.752859, -0.459950, 0.470796

PART 17
OFFSET 17.354503, -1.506736, -4.030606
SCALE 1.000000, 1.000000, 1.000000
X 0.641363, -0.673337, 0.367792
Y 0.147839, 0.578847, 0.801923
Z -0.752859, -0.459950, 0.470796

PART 18
OFFSET 17.039157, -2.063959, -5.533787
SCALE 1.000000, 1.000000, 1.000000
X 0.641363, -0.673337, 0.367792
Y 0.147839, 0.578847, 0.801923
Z -0.752859, -0.459950, 0.470796

PART 19
OFFSET 19.281867, -1.575660, -4.105597
SCALE 1.000000, 1.000000, 1.000000
X 0.952684, -0.199332, 0.229480
Y -0.010147, 0.733681, 0.679418
Z -0.303795, -0.649599, 0.696943

PART 20
OFFSET 17.330597, 0.501771, -5.234715
SCALE 1.000000, 1.000000, 1.000000
X 0.636525, -0.677650, 0.368274
Y 0.268884, 0.642521, 0.717543
Z -0.722867, -0.357711, 0.591190

PART 21
OFFSET 6.458023, -4.960376, -4.706973
SCALE 1.000000, 1.000000, 1.000000
X -0.627341, -0.311915, -0.713549
Y -0.271789, 0.946361, -0.174732
Z 0.729777, 0.084318, -0.678466

PART 22
OFFSET 5.794329, -3.615301, -4.858183
SCALE 1.000000, 1.000000, 1.000000
X -0.627341, -0.311915, -0.713549
Y -0.271789, 0.946361, -0.174732
Z 0.729777, 0.084318, -0.678466

PART 23
OFFSET 6.123206, -3.094790, -5.907444
SCALE 1.000000, 1.000000, 1.000000
X -0.627341, -0.311915, -0.713549
Y -0.271789, 0.946361, -0.174732
Z 0.729777, 0.084318, -0.678466

PART 24
OFFSET 7.966848, -3.756551, -4.947337
SCALE 1.000000, 1.000000, 1.000000
X -0.989361, 0.088779, -0.115257
Y 0.114198, -0.016931, -0.993314
Z -0.090137, -0.995907, 0.006613

PART 25
OFFSET 6.059596, -4.720391, -7.145460
SCALE 1.000000, 1.000000, 1.000000
X -0.622132, -0.314398, -0.717012
Y 0.775553, -0.122208, -0.619340
Z 0.107094, -0.941392, 0.319862

PART 26
OFFSET 14.932279, -4.007198, -1.157177
SCALE 1.000000, 1.000000, 1.000000
X 0.999962, 0.000005, 0.008728
Y -0.000117, 0.999917, 0.012878
Z -0.008728, -0.012879, 0.999879

PART 27
OFFSET 10.505542, -3.004846, -0.840521
SCALE 1.000000, 1.000000, 1.000000
X 0.999962, 0.000005, 0.008728
Y -0.000117, 0.999917, 0.012878
Z -0.008728, -0.012879, 0.999879

PART 28
OFFSET 15.482586, -3.140687, -1.496196
SCALE 1.000000, 1.000000, 1.000000
X -0.004900, -0.826480, 0.562945
Y 0.999962, 0.000015, 0.008725
Z -0.007220, 0.562966, 0.826449

PART 29
OFFSET 34.423376, -2.998247, -1.287044
SCALE 1.000000, 1.000000, 1.000000
X 0.999962, 0.000005, 0.008728
Y -0.000117, 0.999917, 0.012878
Z -0.008728, -0.012879, 0.999879

PART 30
OFFSET 23.256435, -3.024515, 0.788019
SCALE 1.000000, 1.000000, 1.000000
X 0.999962, 0.000005, 0.008728
Y -0.000117, 0.999917, 0.012878
Z -0.008728, -0.012879, 0.999879

PART 31
OFFSET 15.193216, -2.965284, -3.884403
SCALE 1.000000, 1.000000, 1.000000
X 0.999962, 0.000005, 0.008728
Y -0.000117, 0.999917, 0.012878
Z -0.008728, -0.012879, 0.999879

PART 32
OFFSET 23.099266, -1.557539, -2.958046
SCALE 1.000000, 1.000000, 1.000000
X 0.664624, -0.746255, -0.037122
Y -0.425598, -0.418943, 0.802093
Z -0.614118, -0.517291, -0.596044

PART 33
OFFSET 22.954176, -2.448805, -3.594506
SCALE 1.000000, 1.000000, 1.000000
X 0.381931, -0.866176, 0.322286
Y -0.639374, 0.004161, 0.768884
Z -0.667330, -0.499722, -0.552222

PART 34
OFFSET 20.037486, -2.661218, -4.498026
SCALE 1.000000, 1.000000, 1.000000
X 0.692286, -0.692057, 0.204443
Y -0.527734, -0.292307, 0.797529
Z -0.492176, -0.660010, -0.567582

PART 35
OFFSET 20.282683, -2.126752, -4.093358
SCALE 1.000000, 1.000000, 1.000000
X 0.859400, -0.491276, 0.141705
Y -0.454414, -0.606811, 0.652141
Z -0.234393, -0.624843, -0.744736

PART 36
OFFSET 19.575919, -1.223998, -3.060545
SCALE 1.000000, 1.000000, 1.000000
X 0.851642, 0.185057, 0.490368
Y -0.132649, 0.981236, -0.139926
Z -0.507061, 0.054120, 0.860209

PART 37
OFFSET 22.039766, -1.373300, -1.945879
SCALE 1.000000, 1.000000, 1.000000
X 0.813863, -0.510057, 0.278331
Y 0.566872, 0.591783, -0.573105
Z 0.127604, 0.624207, 0.770768

PART 38
OFFSET 21.407244, -3.501359, -2.787449
SCALE 1.000000, 1.000000, 1.000000
X -0.328791, -0.615181, -0.716553
Y 0.303832, 0.649495, -0.697024
Z 0.894194, -0.446887, -0.026637

PART 39
OFFSET 11.702260, -4.459849, -3.746655
SCALE 1.000000, 1.000000, 1.000000
X -0.991636, -0.113486, -0.061466
Y 0.108412, -0.990848, 0.080416
Z -0.070030, 0.073080, 0.994864

PART 40
OFFSET 11.736741, -4.290081, -4.837755
SCALE 1.000000, 1.000000, 1.000000
X -0.287418, -0.936663, 0.200135
Y 0.934279, -0.320197, -0.156832
Z 0.210981, 0.141905, 0.967135

PART 41
OFFSET 8.944470, -3.648576, -5.914827
SCALE 1.000000, 1.000000, 1.000000
X -0.877993, 0.089363, 0.470259
Y -0.067909, -0.995736, 0.062431
Z 0.473833, 0.022879, 0.880318

PART 42
OFFSET 9.073620, -3.795912, -5.228359
SCALE 1.000000, 1.000000, 1.000000
X -0.973204, 0.124906, 0.193063
Y -0.115224, -0.991487, 0.060634
Z 0.198993, 0.036764, 0.979311

PART 43
OFFSET 8.338729, -3.371233, -3.939668
SCALE 1.000000, 1.000000, 1.000000
X -0.727401, -0.601002, -0.331187
Y 0.502874, -0.138475, -0.853195
Z 0.466911, -0.787160, 0.402955

PART 44
OFFSET 3.704402, -3.906585, -4.583552
SCALE 1.000000, 1.000000, 1.000000
X -0.978032, -0.190132, 0.085464
Y -0.196848, 0.977285, -0.078517
Z -0.068594, -0.093615, -0.993243

PART 45
OFFSET 15.063071, -2.995475, -1.541380
SCALE 1.000000, 1.000000, 1.000000
X 0.999962, 0.000005, 0.008728
Y -0.000117, 0.999917, 0.012878
Z -0.008728, -0.012879, 0.999879

PART 46
OFFSET 24.269450, -2.871448, -3.023406
SCALE 1.000000, 1.000000, 1.000000
X 0.178951, -0.882992, 0.433938
Y -0.777456, 0.143383, 0.612375
Z -0.602941, -0.446953, -0.660829

PART 47
OFFSET 23.700304, -4.140939, -2.964898
SCALE 1.000000, 1.000000, 1.000000
X -0.542355, -0.167907, 0.823200
Y -0.470541, 0.872440, -0.132060
Z -0.696019, -0.458973, -0.552179

PART 48
OFFSET 21.599898, -4.155900, -3.858203
SCALE 1.000000, 1.000000, 1.000000
X -0.277111, -0.358381, 0.891500
Y -0.489357, 0.851126, 0.190040
Z -0.826886, -0.383600, -0.411232

PART 49
OFFSET 22.488339, -3.481285, -3.850553
SCALE 1.000000, 1.000000, 1.000000
X 0.076578, -0.789278, 0.609243
Y -0.627699, 0.436590, 0.644502
Z -0.774680, -0.431776, -0.461996

PART 50
OFFSET 21.372274, -0.723743, -1.968498
SCALE 1.000000, 1.000000, 1.000000
X 0.969365, -0.186375, 0.159988
Y 0.130343, 0.942392, 0.308073
Z -0.208188, -0.277781, 0.937814

PART 51
