// Export filename: 'H:\01 Ricko0z\CoD World at War MT GCZ\xanim_export\guns\m27\m27_sprint_out.xanim_export'
// Source filename: 'C:\Users\Ricardo\Desktop\Working Gun\M27\01 Escenas\m27_handed.mb'
// Export time: Mon Jun 22 2015, 12:39:29

ANIMATION
VERSION 3

NUMPARTS 80
PART 0 "tag_view"
PART 1 "tag_ads"
PART 2 "tag_cambone"
PART 3 "tag_torso"
PART 4 "tag_camera"
PART 5 "j_shoulder_le"
PART 6 "j_shoulder_ri"
PART 7 "tag_weapon"
PART 8 "tag_weapon1"
PART 9 "tag_gasmask"
PART 10 "tag_gasmask2"
PART 11 "j_elbow_le"
PART 12 "j_elbow_ri"
PART 13 "j_gun"
PART 14 "j_sleave_reshape_bottom_le_1"
PART 15 "j_sleave_reshape_bottom_le_2"
PART 16 "j_sleave_reshape_top_le_1"
PART 17 "j_sleave_reshape_top_le_2"
PART 18 "j_sleave_reshape_top_le_3"
PART 19 "j_wrist_le"
PART 20 "j_wristtwist_le"
PART 21 "j_sleave_reshape_top_ri_1"
PART 22 "j_sleave_reshape_top_ri_2"
PART 23 "j_sleave_reshape_top_ri_3"
PART 24 "j_wrist_ri"
PART 25 "j_wristtwist_ri"
PART 26 "j_bolt"
PART 27 "j_handle"
PART 28 "tag_brass"
PART 29 "tag_flash"
PART 30 "tag_sights"
PART 31 "tag_clip"
PART 32 "j_index_le_0"
PART 33 "j_mid_le_0"
PART 34 "j_pinkypalm_le"
PART 35 "j_ringpalm_le"
PART 36 "j_thumb_le_0"
PART 37 "j_webbing_le"
PART 38 "tag_knife_attach"
PART 39 "j_index_ri_0"
PART 40 "j_mid_ri_0"
PART 41 "j_pinkypalm_ri"
PART 42 "j_ringpalm_ri"
PART 43 "j_thumb_ri_0"
PART 44 "j_webbing_ri"
PART 45 "tag_bullet"
PART 46 "j_index_le_1"
PART 47 "j_mid_le_1"
PART 48 "j_pinky_le_0"
PART 49 "j_ring_le_0"
PART 50 "j_thumb_le_1"
PART 51 "j_index_ri_1"
PART 52 "j_mid_ri_1"
PART 53 "j_pinky_ri_0"
PART 54 "j_ring_ri_0"
PART 55 "j_thumb_ri_1"
PART 56 "j_index_le_2"
PART 57 "j_mid_le_2"
PART 58 "j_pinky_le_1"
PART 59 "j_ring_le_1"
PART 60 "j_thumb_le_2"
PART 61 "j_index_ri_2"
PART 62 "j_mid_ri_2"
PART 63 "j_pinky_ri_1"
PART 64 "j_ring_ri_1"
PART 65 "j_thumb_ri_2"
PART 66 "j_index_le_3"
PART 67 "j_mid_le_3"
PART 68 "j_pinky_le_2"
PART 69 "j_ring_le_2"
PART 70 "j_thumb_le_3"
PART 71 "j_index_ri_3"
PART 72 "j_mid_ri_3"
PART 73 "j_pinky_ri_2"
PART 74 "j_ring_ri_2"
PART 75 "j_thumb_ri_3"
PART 76 "j_pinky_le_3"
PART 77 "j_ring_le_3"
PART 78 "j_pinky_ri_3"
PART 79 "j_ring_ri_3"

FRAMERATE 30
NUMFRAMES 11

FRAME 0
PART 0
OFFSET 0.000000, 0.000000, 0.000000
SCALE 1.000000, 1.000000, 1.000000
X 1.000000, 0.000000, 0.000000
Y 0.000000, 1.000000, 0.000000
Z 0.000000, 0.000000, 1.000000

PART 1
OFFSET 0.000000, 0.000000, 0.000000
SCALE 1.000000, 1.000000, 1.000000
X 1.000000, 0.000000, 0.000000
Y 0.000000, 1.000000, 0.000000
Z 0.000000, 0.000000, 1.000000

PART 2
OFFSET 0.000000, 0.000000, 0.000000
SCALE 1.000000, 1.000000, 1.000000
X 1.000000, 0.000000, 0.000000
Y 0.000000, 1.000000, 0.000000
Z 0.000000, 0.000000, 1.000000

PART 3
OFFSET 0.000000, 0.000000, 0.000000
SCALE 1.000000, 1.000000, 1.000000
X 1.000000, 0.000000, 0.000000
Y 0.000000, 1.000000, 0.000000
Z 0.000000, 0.000000, 1.000000

PART 4
OFFSET 0.000000, 0.000000, 0.000000
SCALE 1.000000, 1.000000, 1.000000
X 1.000000, 0.000000, 0.000000
Y 0.000000, 1.000000, 0.000000
Z 0.000000, 0.000000, 1.000000

PART 5
OFFSET 0.462600, 4.302200, -5.020600
SCALE 1.000000, 1.000000, 1.000000
X 0.711840, 0.530602, -0.460158
Y 0.123892, -0.739766, -0.661360
Z -0.691328, 0.413773, -0.592332

PART 6
OFFSET -5.186300, -6.970500, -2.725900
SCALE 1.000000, 1.000000, 1.000000
X -0.559192, 0.014857, 0.828905
Y -0.204623, -0.971379, -0.120631
Z 0.803389, -0.237069, 0.546227

PART 7
OFFSET 11.495600, -1.129900, -5.322900
SCALE 1.000000, 1.000000, 1.000000
X 0.847214, 0.409299, -0.338679
Y -0.529871, 0.605086, -0.594229
Z -0.038288, 0.682895, 0.729513

PART 8
OFFSET 15.159802, 0.000000, -6.752720
SCALE 1.000000, 1.000000, 1.000000
X 1.000000, 0.000000, 0.000000
Y 0.000000, 1.000000, 0.000000
Z 0.000000, 0.000000, 1.000000

PART 9
OFFSET 0.000000, 0.000000, 0.000000
SCALE 1.000000, 1.000000, 1.000000
X 1.000000, 0.000000, 0.000000
Y 0.000000, 1.000000, 0.000000
Z 0.000000, 0.000000, 1.000000

PART 10
OFFSET 0.000000, 0.000000, 0.000000
SCALE 1.000000, 1.000000, 1.000000
X 1.000000, 0.000000, 0.000000
Y 0.000000, 1.000000, 0.000000
Z 0.000000, 0.000000, 1.000000

PART 11
OFFSET 9.071432, 10.719181, -10.585653
SCALE 1.000000, 1.000000, 1.000000
X 0.696806, -0.702157, 0.146413
Y -0.673820, -0.570864, 0.469127
Z -0.245819, -0.425547, -0.870909

PART 12
OFFSET 1.576682, -7.150436, -12.750534
SCALE 1.000000, 1.000000, 1.000000
X -0.618540, -0.284673, -0.732373
Y 0.750301, 0.062833, -0.658104
Z 0.233362, -0.956563, 0.174725

PART 13
OFFSET 11.495600, -1.129900, -5.322900
SCALE 1.000000, 1.000000, 1.000000
X 0.847214, 0.409299, -0.338679
Y -0.529871, 0.605086, -0.594229
Z -0.038288, 0.682895, 0.729513

PART 14
OFFSET 16.889781, 4.952945, -7.818947
SCALE 1.000000, 1.000000, 1.000000
X 0.701504, -0.697567, 0.145916
Y 0.253576, 0.435665, 0.863653
Z -0.666026, -0.568855, 0.482507

PART 15
OFFSET 16.371167, 4.440910, -10.416916
SCALE 1.000000, 1.000000, 1.000000
X 0.701504, -0.697567, 0.145916
Y 0.253576, 0.435665, 0.863653
Z -0.666026, -0.568855, 0.482507

PART 16
OFFSET 15.791365, 3.266108, -7.111480
SCALE 1.000000, 1.000000, 1.000000
X 0.701504, -0.697567, 0.145916
Y 0.253576, 0.435665, 0.863653
Z -0.666026, -0.568855, 0.482507

PART 17
OFFSET 15.238015, 2.561996, -8.532629
SCALE 1.000000, 1.000000, 1.000000
X 0.701504, -0.697567, 0.145916
Y 0.253576, 0.435665, 0.863653
Z -0.666026, -0.568855, 0.482507

PART 18
OFFSET 14.714839, 2.262776, -10.051352
SCALE 1.000000, 1.000000, 1.000000
X 0.701504, -0.697567, 0.145916
Y 0.253576, 0.435665, 0.863653
Z -0.666026, -0.568855, 0.482507

PART 19
OFFSET 17.134109, 2.594446, -8.891456
SCALE 1.000000, 1.000000, 1.000000
X 0.904389, 0.424495, -0.043413
Y -0.422455, 0.905057, 0.049025
Z 0.060103, -0.025998, 0.997854

PART 20
OFFSET 14.998016, 4.747088, -9.340362
SCALE 1.000000, 1.000000, 1.000000
X 0.696850, -0.702117, 0.146397
Y 0.711600, 0.702332, -0.018850
Z -0.089584, 0.117312, 0.989046

PART 21
OFFSET 7.169118, -5.022545, -4.064476
SCALE 1.000000, 1.000000, 1.000000
X -0.623748, -0.282156, -0.728921
Y -0.242544, 0.956406, -0.162664
Z 0.743041, 0.075334, -0.664992

PART 22
OFFSET 6.564876, -3.715223, -4.196817
SCALE 1.000000, 1.000000, 1.000000
X -0.623748, -0.282156, -0.728921
Y -0.242544, 0.956406, -0.162664
Z 0.743041, 0.075334, -0.664992

PART 23
OFFSET 6.917447, -3.185229, -5.224874
SCALE 1.000000, 1.000000, 1.000000
X -0.623748, -0.282156, -0.728921
Y -0.242544, 0.956406, -0.162664
Z 0.743041, 0.075334, -0.664992

PART 24
OFFSET 8.733971, -3.856450, -4.276266
SCALE 1.000000, 1.000000, 1.000000
X -0.881390, -0.425682, 0.204807
Y 0.143161, -0.653870, -0.742940
Z 0.450173, -0.625499, 0.637256

PART 25
OFFSET 6.837705, -4.729174, -6.521505
SCALE 1.000000, 1.000000, 1.000000
X -0.618540, -0.284673, -0.732373
Y 0.772660, -0.050912, -0.632775
Z 0.142847, -0.957272, 0.251446

PART 26
OFFSET 14.624975, 1.438751, -3.803679
SCALE 1.000000, 1.000000, 1.000000
X 0.847214, 0.409299, -0.338679
Y -0.529871, 0.605086, -0.594229
Z -0.038288, 0.682895, 0.729513

PART 27
OFFSET 10.330455, 0.471118, -2.653997
SCALE 1.000000, 1.000000, 1.000000
X 0.847214, 0.409299, -0.338679
Y -0.529871, 0.605086, -0.594229
Z -0.038288, 0.682895, 0.729513

PART 28
OFFSET 14.645518, 1.941976, -4.760212
SCALE 1.000000, 1.000000, 1.000000
X 0.412098, -0.103976, 0.905188
Y 0.847208, 0.409303, -0.338687
Z -0.335281, 0.906455, 0.256762

PART 29
OFFSET 30.616023, 9.810019, -11.229715
SCALE 1.000000, 1.000000, 1.000000
X 0.847214, 0.409299, -0.338679
Y -0.529871, 0.605086, -0.594229
Z -0.038288, 0.682895, 0.729513

PART 30
OFFSET 21.086823, 6.731718, -5.870091
SCALE 1.000000, 1.000000, 1.000000
X 0.847214, 0.409299, -0.338679
Y -0.529871, 0.605086, -0.594229
Z -0.038288, 0.682895, 0.729513

PART 31
OFFSET 14.397473, 0.272031, -6.482941
SCALE 1.000000, 1.000000, 1.000000
X 0.847214, 0.409299, -0.338679
Y -0.529871, 0.605086, -0.594229
Z -0.038288, 0.682895, 0.729513

PART 32
OFFSET 20.317125, 4.940848, -9.394493
SCALE 1.000000, 1.000000, 1.000000
X 0.959707, -0.202841, 0.194467
Y -0.169180, 0.135482, 0.976229
Z -0.224366, -0.969794, 0.095706

PART 33
OFFSET 20.689750, 3.909072, -9.264054
SCALE 1.000000, 1.000000, 1.000000
X 0.770078, -0.138874, 0.622651
Y -0.573016, 0.278442, 0.770794
Z -0.280415, -0.950360, 0.134845

PART 34
OFFSET 18.363865, 1.979328, -8.779012
SCALE 1.000000, 1.000000, 1.000000
X 0.945417, 0.008254, 0.325759
Y -0.322523, 0.166461, 0.931810
Z -0.046535, -0.986013, 0.160038

PART 35
OFFSET 18.273648, 2.677779, -8.895304
SCALE 1.000000, 1.000000, 1.000000
X 0.983154, 0.151767, 0.101856
Y -0.088470, -0.092503, 0.991774
Z 0.159940, -0.984078, -0.077518

PART 36
OFFSET 17.157936, 3.648173, -8.453957
SCALE 1.000000, 1.000000, 1.000000
X 0.605501, 0.794072, -0.053082
Y -0.626553, 0.434511, -0.647017
Z -0.490714, 0.425029, 0.760625

PART 37
OFFSET 19.283476, 5.326221, -8.412660
SCALE 1.000000, 1.000000, 1.000000
X 0.949360, 0.217174, 0.227049
Y 0.188733, 0.183556, -0.964721
Z -0.251189, 0.958719, 0.133273

PART 38
OFFSET 19.905309, 3.217985, -7.515010
SCALE 1.000000, 1.000000, 1.000000
X 0.073902, -0.996805, -0.030301
Y -0.060072, 0.025880, -0.997859
Z 0.995455, 0.075564, -0.057967

PART 39
OFFSET 12.227705, -1.937095, -4.277089
SCALE 1.000000, 1.000000, 1.000000
X -0.778451, -0.509752, 0.366287
Y 0.612912, -0.491335, 0.618813
Z -0.135471, 0.706218, 0.694913

PART 40
OFFSET 12.208258, -2.579719, -5.175561
SCALE 1.000000, 1.000000, 1.000000
X 0.244209, -0.535371, 0.808542
Y 0.967381, 0.076591, -0.241470
Z 0.067349, 0.841137, 0.536612

PART 41
OFFSET 9.542118, -4.070012, -5.373873
SCALE 1.000000, 1.000000, 1.000000
X -0.809323, 0.026304, 0.586775
Y 0.466711, -0.577743, 0.669622
Z 0.356619, 0.815795, 0.455304

PART 42
OFFSET 9.703683, -3.629209, -4.836179
SCALE 1.000000, 1.000000, 1.000000
X -0.898422, -0.183470, 0.398969
Y 0.424495, -0.595469, 0.682071
Z 0.112434, 0.782148, 0.612865

PART 43
OFFSET 8.807470, -2.777168, -3.913092
SCALE 1.000000, 1.000000, 1.000000
X -0.286355, -0.881316, 0.375877
Y 0.531711, -0.472525, -0.702854
Z 0.797047, -0.001408, 0.603915

PART 44
OFFSET 5.185898, -5.410442, -2.454030
SCALE 1.000000, 1.000000, 1.000000
X -0.731773, -0.447999, 0.513619
Y -0.680940, 0.448769, -0.578729
Z 0.028774, -0.773242, -0.633458

PART 45
OFFSET 14.214786, 1.828021, -4.735621
SCALE 1.000000, 1.000000, 1.000000
X 0.847214, 0.409299, -0.338679
Y -0.529871, 0.605086, -0.594229
Z -0.038288, 0.682895, 0.729513

PART 46
OFFSET 22.006835, 4.583716, -9.052104
SCALE 1.000000, 1.000000, 1.000000
X 0.602737, -0.153187, 0.783098
Y -0.757852, 0.197255, 0.621893
Z -0.249736, -0.968310, 0.002800

PART 47
OFFSET 22.194148, 3.637773, -8.047664
SCALE 1.000000, 1.000000, 1.000000
X -0.401737, 0.252678, 0.880205
Y -0.855628, 0.238975, -0.459121
Z -0.326357, -0.937574, 0.120193

PART 48
OFFSET 20.455318, 2.161897, -7.956138
SCALE 1.000000, 1.000000, 1.000000
X -0.078641, 0.293434, 0.952739
Y -0.872332, 0.442348, -0.208243
Z -0.482548, -0.847481, 0.221185

PART 49
OFFSET 20.850958, 2.927518, -8.664323
SCALE 1.000000, 1.000000, 1.000000
X 0.459805, -0.017004, 0.887857
Y -0.787308, 0.454669, 0.416440
Z -0.410762, -0.890498, 0.195672

PART 50
OFFSET 18.374699, 5.428750, -8.590779
SCALE 1.000000, 1.000000, 1.000000
X 0.914296, 0.390677, -0.106929
Y -0.399849, 0.828392, -0.392285
Z -0.064678, 0.401420, 0.913607

PART 51
OFFSET 13.598283, -1.039602, -4.921992
SCALE 1.000000, 1.000000, 1.000000
X -0.811835, -0.480286, 0.332038
Y 0.560141, -0.480105, 0.675086
Z -0.164821, 0.734046, 0.658794

PART 52
OFFSET 11.731188, -1.533857, -6.755071
SCALE 1.000000, 1.000000, 1.000000
X 0.994667, -0.028297, -0.099181
Y -0.071416, 0.504838, -0.860255
Z 0.074413, 0.862750, 0.500125

PART 53
OFFSET 11.355242, -3.939480, -6.708075
SCALE 1.000000, 1.000000, 1.000000
X 0.281884, -0.722304, 0.631521
Y 0.883446, -0.061349, -0.464500
Z 0.374253, 0.688849, 0.620823

PART 54
OFFSET 12.028118, -3.282304, -5.947647
SCALE 1.000000, 1.000000, 1.000000
X 0.238846, -0.573633, 0.783516
Y 0.927875, -0.103121, -0.358349
Z 0.286358, 0.812595, 0.507630

PART 55
OFFSET 9.327965, -0.828127, -4.687644
SCALE 1.000000, 1.000000, 1.000000
X -0.788277, -0.118432, 0.603816
Y 0.101167, -0.992893, -0.062674
Z 0.606947, 0.011682, 0.794656

PART 56
OFFSET 22.754721, 4.456306, -8.100301
SCALE 1.000000, 1.000000, 1.000000
X -0.055400, 0.121523, 0.991041
Y -0.980015, 0.183306, -0.077261
Z -0.191053, -0.975516, 0.108939

PART 57
OFFSET 21.607361, 4.006842, -6.762012
SCALE 1.000000, 1.000000, 1.000000
X -0.385417, 0.219260, 0.896314
Y -0.852205, 0.287897, -0.436877
Z -0.353836, -0.932223, 0.075895

PART 58
OFFSET 20.343977, 2.577343, -6.607241
SCALE 1.000000, 1.000000, 1.000000
X -0.642843, 0.533540, 0.549626
Y -0.608972, 0.079284, -0.789219
Z -0.464656, -0.842051, 0.273943

PART 59
OFFSET 21.633788, 2.898568, -7.152720
SCALE 1.000000, 1.000000, 1.000000
X -0.612285, 0.428398, 0.664516
Y -0.687271, 0.127106, -0.715194
Z -0.390851, -0.894606, 0.216600

PART 60
OFFSET 19.867279, 6.054973, -8.637703
SCALE 1.000000, 1.000000, 1.000000
X 0.818162, 0.568075, -0.088892
Y -0.538093, 0.701972, -0.466573
Z -0.202649, 0.429565, 0.880004

PART 61
OFFSET 14.575204, -0.411148, -5.285633
SCALE 1.000000, 1.000000, 1.000000
X -0.870965, -0.454101, 0.187650
Y 0.444378, -0.565054, 0.695156
Z -0.209639, 0.688844, 0.693935

PART 62
OFFSET 10.278342, -1.492525, -6.610204
SCALE 1.000000, 1.000000, 1.000000
X 0.708071, 0.294804, -0.641659
Y -0.704763, 0.351789, -0.616079
Z 0.044106, 0.888445, 0.456858

PART 63
OFFSET 10.956158, -2.916859, -7.602168
SCALE 1.000000, 1.000000, 1.000000
X 0.927337, -0.314667, -0.202562
Y 0.076394, 0.689057, -0.720669
Z 0.366347, 0.652828, 0.663027

PART 64
OFFSET 11.621484, -2.305696, -7.281581
SCALE 1.000000, 1.000000, 1.000000
X 0.957080, -0.205620, -0.204251
Y -0.053750, 0.566588, -0.822246
Z 0.284796, 0.797934, 0.531218

PART 65
OFFSET 10.538580, -0.697489, -5.755149
SCALE 1.000000, 1.000000, 1.000000
X -0.624453, 0.432905, 0.650117
Y -0.328038, -0.900741, 0.284705
Z 0.708837, -0.035478, 0.704479

PART 66
OFFSET 22.692146, 4.593568, -6.980904
SCALE 1.000000, 1.000000, 1.000000
X 0.848837, -0.479648, -0.222293
Y -0.215273, 0.070434, -0.974011
Z 0.482840, 0.874629, -0.043468

PART 67
OFFSET 21.168915, 4.248366, -5.746054
SCALE 1.000000, 1.000000, 1.000000
X 0.862557, -0.292230, -0.413033
Y -0.429220, 0.009596, -0.903149
Z 0.267891, 0.956300, -0.117154

PART 68
OFFSET 19.774023, 3.050387, -6.119935
SCALE 1.000000, 1.000000, 1.000000
X -0.579148, 0.507561, 0.637941
Y -0.645107, 0.193101, -0.739290
Z -0.498422, -0.839699, 0.215597

PART 69
OFFSET 20.785200, 3.492300, -6.231743
SCALE 1.000000, 1.000000, 1.000000
X -0.614061, 0.422641, 0.666562
Y -0.687585, 0.128178, -0.714701
Z -0.387500, -0.897187, 0.211893

PART 70
OFFSET 20.733650, 6.700896, -8.701484
SCALE 1.000000, 1.000000, 1.000000
X 0.623225, 0.288056, -0.727058
Y -0.157505, -0.864407, -0.477485
Z -0.766017, 0.412096, -0.493350

PART 71
OFFSET 15.558980, 0.101770, -5.497588
SCALE 1.000000, 1.000000, 1.000000
X -0.176629, 0.851552, -0.493621
Y 0.983827, 0.167919, -0.062357
Z 0.029788, -0.496652, -0.867439

PART 72
OFFSET 9.475588, -1.832498, -5.887096
SCALE 1.000000, 1.000000, 1.000000
X -0.095695, -0.506002, 0.857207
Y -0.988964, 0.146180, -0.024115
Z -0.113104, -0.850055, -0.514407

PART 73
OFFSET 10.133956, -2.637867, -7.422571
SCALE 1.000000, 1.000000, 1.000000
X 0.620958, 0.311062, -0.719480
Y -0.695158, 0.642644, -0.322124
Z 0.362169, 0.700178, 0.615292

PART 74
OFFSET 10.295047, -2.020724, -6.998505
SCALE 1.000000, 1.000000, 1.000000
X 0.727236, 0.186735, -0.660498
Y -0.627226, 0.571623, -0.528994
Z 0.278774, 0.798985, 0.532829

PART 75
OFFSET 11.186993, -1.148693, -6.495275
SCALE 1.000000, 1.000000, 1.000000
X -0.983878, 0.156755, 0.086087
Y -0.079720, 0.046469, -0.995734
Z -0.160087, -0.986544, -0.033223

PART 76
OFFSET 19.223801, 3.532597, -5.513858
SCALE 1.000000, 1.000000, 1.000000
X 0.919750, -0.388644, -0.054918
Y -0.177489, -0.287021, -0.941338
Z 0.350083, 0.875542, -0.332968

PART 77
OFFSET 20.119243, 3.950660, -5.508848
SCALE 1.000000, 1.000000, 1.000000
X 0.876213, -0.464791, -0.127354
Y -0.194400, -0.099078, -0.975906
Z 0.440975, 0.879859, -0.177169

PART 78
OFFSET 9.544021, -2.933388, -6.739035
SCALE 1.000000, 1.000000, 1.000000
X -0.090901, -0.742323, 0.663847
Y -0.878566, 0.373643, 0.297510
Z -0.468890, -0.556189, -0.686145

PART 79
OFFSET 9.506343, -2.223242, -6.282180
SCALE 1.000000, 1.000000, 1.000000
X -0.224029, -0.440612, 0.869294
Y -0.942036, 0.326488, -0.077291
Z -0.249759, -0.836222, -0.488215

FRAME 1
PART 0
OFFSET 0.000000, 0.000000, 0.000000
SCALE 1.000000, 1.000000, 1.000000
X 1.000000, 0.000000, 0.000000
Y 0.000000, 1.000000, 0.000000
Z 0.000000, 0.000000, 1.000000

PART 1
OFFSET 0.000000, 0.000000, 0.000000
SCALE 1.000000, 1.000000, 1.000000
X 1.000000, 0.000000, 0.000000
Y 0.000000, 1.000000, 0.000000
Z 0.000000, 0.000000, 1.000000

PART 2
OFFSET 0.000000, 0.000000, 0.000000
SCALE 1.000000, 1.000000, 1.000000
X 1.000000, 0.000000, 0.000000
Y 0.000000, 1.000000, 0.000000
Z 0.000000, 0.000000, 1.000000

PART 3
OFFSET 0.000000, 0.000000, 0.000000
SCALE 1.000000, 1.000000, 1.000000
X 1.000000, 0.000000, 0.000000
Y 0.000000, 1.000000, 0.000000
Z 0.000000, 0.000000, 1.000000

PART 4
OFFSET 0.000000, 0.000000, 0.000000
SCALE 1.000000, 1.000000, 1.000000
X 1.000000, 0.000000, 0.000000
Y 0.000000, 1.000000, 0.000000
Z 0.000000, 0.000000, 1.000000

PART 5
OFFSET 0.462600, 4.302200, -5.020600
SCALE 1.000000, 1.000000, 1.000000
X 0.719604, 0.520939, -0.459122
Y 0.124409, -0.747217, -0.652831
Z -0.683149, 0.412661, -0.602510

PART 6
OFFSET -5.186300, -6.970500, -2.725900
SCALE 1.000000, 1.000000, 1.000000
X -0.556044, 0.015994, 0.830999
Y -0.206680, -0.971071, -0.119605
Z 0.805046, -0.238256, 0.543264

PART 7
OFFSET 11.511327, -1.194802, -5.286956
SCALE 1.000000, 1.000000, 1.000000
X 0.855197, 0.399988, -0.329617
Y -0.517641, 0.627002, -0.582165
Z -0.026189, 0.668489, 0.743260

PART 8
OFFSET 15.159802, 0.000000, -6.752720
SCALE 1.000000, 1.000000, 1.000000
X 1.000000, 0.000000, 0.000000
Y 0.000000, 1.000000, 0.000000
Z 0.000000, 0.000000, 1.000000

PART 9
OFFSET 0.000000, 0.000000, 0.000000
SCALE 1.000000, 1.000000, 1.000000
X 1.000000, 0.000000, 0.000000
Y 0.000000, 1.000000, 0.000000
Z 0.000000, 0.000000, 1.000000

PART 10
OFFSET 0.000000, 0.000000, 0.000000
SCALE 1.000000, 1.000000, 1.000000
X 1.000000, 0.000000, 0.000000
Y 0.000000, 1.000000, 0.000000
Z 0.000000, 0.000000, 1.000000

PART 11
OFFSET 9.165331, 10.602315, -10.573119
SCALE 1.000000, 1.000000, 1.000000
X 0.696454, -0.700592, 0.155317
Y -0.675829, -0.567596, 0.470202
Z -0.241262, -0.432442, -0.868785

PART 12
OFFSET 1.538612, -7.164184, -12.775857
SCALE 1.000000, 1.000000, 1.000000
X -0.618603, -0.283731, -0.732684
Y 0.750461, 0.062787, -0.657926
Z 0.232677, -0.956846, 0.174089

PART 13
OFFSET 11.511327, -1.194802, -5.286956
SCALE 1.000000, 1.000000, 1.000000
X 0.855197, 0.399988, -0.329617
Y -0.517641, 0.627002, -0.582165
Z -0.026189, 0.668489, 0.743260

PART 14
OFFSET 16.972995, 4.862307, -7.722961
SCALE 1.000000, 1.000000, 1.000000
X 0.701146, -0.696008, 0.154813
Y 0.249043, 0.442503, 0.861492
Z -0.668111, -0.565477, 0.483595

PART 15
OFFSET 16.467561, 4.329806, -10.319413
SCALE 1.000000, 1.000000, 1.000000
X 0.701146, -0.696008, 0.154813
Y 0.249043, 0.442503, 0.861492
Z -0.668111, -0.565477, 0.483595

PART 16
OFFSET 15.872002, 3.180375, -7.007864
SCALE 1.000000, 1.000000, 1.000000
X 0.701146, -0.696008, 0.154813
Y 0.249043, 0.442503, 0.861492
Z -0.668111, -0.565477, 0.483595

PART 17
OFFSET 15.326096, 2.464923, -8.426226
SCALE 1.000000, 1.000000, 1.000000
X 0.701146, -0.696008, 0.154813
Y 0.249043, 0.442503, 0.861492
Z -0.668111, -0.565477, 0.483595

PART 18
OFFSET 14.810627, 2.153611, -9.945153
SCALE 1.000000, 1.000000, 1.000000
X 0.701146, -0.696008, 0.154813
Y 0.249043, 0.442503, 0.861492
Z -0.668111, -0.565477, 0.483595

PART 19
OFFSET 17.223930, 2.495692, -8.775888
SCALE 1.000000, 1.000000, 1.000000
X 0.912311, 0.408065, -0.034238
Y -0.405290, 0.911729, 0.067018
Z 0.058564, -0.047265, 0.997164

PART 20
OFFSET 15.088917, 4.643535, -9.252092
SCALE 1.000000, 1.000000, 1.000000
X 0.696454, -0.700592, 0.155317
Y 0.709676, 0.704514, -0.004377
Z -0.106357, 0.113273, 0.987855

PART 21
OFFSET 7.130952, -5.046271, -4.087300
SCALE 1.000000, 1.000000, 1.000000
X -0.623809, -0.281209, -0.729235
Y -0.241853, 0.956688, -0.162032
Z 0.743216, 0.075291, -0.664802

PART 22
OFFSET 6.527621, -3.736734, -4.219485
SCALE 1.000000, 1.000000, 1.000000
X -0.623809, -0.281209, -0.729235
Y -0.241853, 0.956688, -0.162032
Z 0.743216, 0.075291, -0.664802

PART 23
OFFSET 6.880974, -3.206285, -5.247294
SCALE 1.000000, 1.000000, 1.000000
X -0.623809, -0.281209, -0.729235
Y -0.241853, 0.956688, -0.162032
Z 0.743216, 0.075291, -0.664802

PART 24
OFFSET 8.696639, -3.881095, -4.297985
SCALE 1.000000, 1.000000, 1.000000
X -0.889399, -0.413390, 0.195136
Y 0.132039, -0.640989, -0.756108
Z 0.437647, -0.646716, 0.624678

PART 25
OFFSET 6.800177, -4.750933, -6.544179
SCALE 1.000000, 1.000000, 1.000000
X -0.618592, -0.283790, -0.732671
Y 0.773136, -0.053681, -0.631964
Z 0.140015, -0.957383, 0.252614

PART 26
OFFSET 14.687025, 1.282594, -3.713286
SCALE 1.000000, 1.000000, 1.000000
X 0.855197, 0.399988, -0.329617
Y -0.517641, 0.627002, -0.582165
Z -0.026189, 0.668489, 0.743260

PART 27
OFFSET 10.373644, 0.373286, -2.586838
SCALE 1.000000, 1.000000, 1.000000
X 0.855197, 0.399988, -0.329617
Y -0.517641, 0.627002, -0.582165
Z -0.026189, 0.668489, 0.743260

PART 28
OFFSET 14.718186, 1.804727, -4.659340
SCALE 1.000000, 1.000000, 1.000000
X 0.409019, -0.130191, 0.903191
Y 0.855192, 0.399992, -0.329625
Z -0.318355, 0.907225, 0.274942

PART 29
OFFSET 30.842168, 9.498928, -10.954898
SCALE 1.000000, 1.000000, 1.000000
X 0.855197, 0.399988, -0.329617
Y -0.517641, 0.627002, -0.582165
Z -0.026189, 0.668489, 0.743260

PART 30
OFFSET 21.250273, 6.493172, -5.666407
SCALE 1.000000, 1.000000, 1.000000
X 0.855197, 0.399988, -0.329617
Y -0.517641, 0.627002, -0.582165
Z -0.026189, 0.668489, 0.743260

PART 31
OFFSET 14.440545, 0.175236, -6.415959
SCALE 1.000000, 1.000000, 1.000000
X 0.855197, 0.399988, -0.329617
Y -0.517641, 0.627002, -0.582165
Z -0.026189, 0.668489, 0.743260

PART 32
OFFSET 20.451333, 4.791009, -9.229346
SCALE 1.000000, 1.000000, 1.000000
X 0.955492, -0.224879, 0.190958
Y -0.167596, 0.118931, 0.978656
Z -0.242790, -0.967101, 0.075949

PART 33
OFFSET 20.804215, 3.749934, -9.119529
SCALE 1.000000, 1.000000, 1.000000
X 0.766660, -0.165976, 0.620229
Y -0.568444, 0.273647, 0.775879
Z -0.298501, -0.947401, 0.115447

PART 34
OFFSET 18.441698, 1.855230, -8.675085
SCALE 1.000000, 1.000000, 1.000000
X 0.945063, -0.016237, 0.326485
Y -0.320287, 0.153721, 0.934765
Z -0.065365, -0.987981, 0.140076

PART 35
OFFSET 18.364845, 2.557470, -8.777305
SCALE 1.000000, 1.000000, 1.000000
X 0.985744, 0.131027, 0.105548
Y -0.091240, -0.110786, 0.989647
Z 0.141364, -0.985169, -0.097251

PART 36
OFFSET 17.267254, 3.539734, -8.317181
SCALE 1.000000, 1.000000, 1.000000
X 0.620485, 0.783362, -0.036632
Y -0.617535, 0.459277, -0.638526
Z -0.483372, 0.418817, 0.768728

PART 37
OFFSET 19.424149, 5.176015, -8.240607
SCALE 1.000000, 1.000000, 1.000000
X 0.953064, 0.194512, 0.232021
Y 0.193187, 0.199376, -0.960692
Z -0.233125, 0.960424, 0.152441

PART 38
OFFSET 20.005011, 3.038683, -7.385313
SCALE 1.000000, 1.000000, 1.000000
X 0.055036, -0.997213, -0.050380
Y -0.058529, 0.047148, -0.997172
Z 0.996767, 0.057829, -0.055771

PART 39
OFFSET 12.225312, -2.027237, -4.255865
SCALE 1.000000, 1.000000, 1.000000
X -0.788244, -0.502668, 0.354961
Y 0.602881, -0.515232, 0.609156
Z -0.123316, 0.694162, 0.709177

PART 40
OFFSET 12.195190, -2.650770, -5.167400
SCALE 1.000000, 1.000000, 1.000000
X 0.233164, -0.556317, 0.797587
Y 0.968958, 0.063592, -0.238906
Z 0.082188, 0.828533, 0.553875

PART 41
OFFSET 9.502183, -4.086978, -5.398968
SCALE 1.000000, 1.000000, 1.000000
X -0.809494, 0.029211, 0.586401
Y 0.455034, -0.599945, 0.658035
Z 0.371030, 0.799508, 0.472360

PART 42
OFFSET 9.671152, -3.660402, -4.852152
SCALE 1.000000, 1.000000, 1.000000
X -0.902206, -0.174956, 0.394228
Y 0.412473, -0.617142, 0.670076
Z 0.126061, 0.767155, 0.628954

PART 43
OFFSET 8.789617, -2.811061, -3.912589
SCALE 1.000000, 1.000000, 1.000000
X -0.303128, -0.883405, 0.357363
Y 0.523824, -0.467735, -0.711922
Z 0.796067, -0.028608, 0.604532

PART 44
OFFSET 5.117926, -5.406194, -2.511608
SCALE 1.000000, 1.000000, 1.000000
X -0.740643, -0.444828, 0.503563
Y -0.671724, 0.473136, -0.570026
Z 0.015310, -0.760441, -0.649227

PART 45
OFFSET 14.285345, 1.698477, -4.637405
SCALE 1.000000, 1.000000, 1.000000
X 0.855197, 0.399988, -0.329617
Y -0.517641, 0.627002, -0.582165
Z -0.026189, 0.668489, 0.743260

PART 46
OFFSET 22.133620, 4.395076, -8.893136
SCALE 1.000000, 1.000000, 1.000000
X 0.598911, -0.180353, 0.780242
Y -0.754631, 0.198989, 0.625248
Z -0.268025, -0.963263, -0.016923

PART 47
OFFSET 22.301937, 3.425688, -7.907871
SCALE 1.000000, 1.000000, 1.000000
X -0.397799, 0.242437, 0.884862
Y -0.850471, 0.264358, -0.454767
Z -0.344172, -0.933456, 0.101024

PART 48
OFFSET 20.535371, 1.981496, -7.847307
SCALE 1.000000, 1.000000, 1.000000
X -0.074067, 0.275589, 0.958418
Y -0.863589, 0.462900, -0.199844
Z -0.498727, -0.842481, 0.203710

PART 49
OFFSET 20.946178, 2.753623, -8.539626
SCALE 1.000000, 1.000000, 1.000000
X 0.458472, -0.043614, 0.887638
Y -0.778992, 0.461020, 0.425008
Z -0.427755, -0.886318, 0.177390

PART 50
OFFSET 18.517661, 5.299327, -8.417207
SCALE 1.000000, 1.000000, 1.000000
X 0.921640, 0.375357, -0.098418
Y -0.383684, 0.843567, -0.375742
Z -0.058015, 0.384060, 0.921484

PART 51
OFFSET 13.613130, -1.142216, -4.880825
SCALE 1.000000, 1.000000, 1.000000
X -0.821027, -0.471894, 0.321297
Y 0.550255, -0.504179, 0.665600
Z -0.152101, 0.723270, 0.673607

PART 52
OFFSET 11.739698, -1.563988, -6.725510
SCALE 1.000000, 1.000000, 1.000000
X 0.994106, -0.044685, -0.098778
Y -0.060896, 0.523660, -0.849748
Z 0.089697, 0.850755, 0.517852

PART 53
OFFSET 11.319222, -3.962625, -6.728426
SCALE 1.000000, 1.000000, 1.000000
X 0.267610, -0.740239, 0.616791
Y 0.882791, -0.068140, -0.464798
Z 0.386090, 0.668882, 0.635241

PART 54
OFFSET 12.003118, -3.333846, -5.953967
SCALE 1.000000, 1.000000, 1.000000
X 0.227114, -0.593960, 0.771772
Y 0.926292, -0.112918, -0.359488
Z 0.300669, 0.796531, 0.524535

PART 55
OFFSET 9.347148, -0.856476, -4.646320
SCALE 1.000000, 1.000000, 1.000000
X -0.791150, -0.116195, 0.600484
Y 0.082855, -0.993099, -0.083005
Z 0.605985, -0.015916, 0.795317

PART 56
OFFSET 22.877967, 4.234336, -7.943605
SCALE 1.000000, 1.000000, 1.000000
X -0.054124, 0.102526, 0.993257
Y -0.976288, 0.203365, -0.074191
Z -0.209600, -0.973720, 0.089089

PART 57
OFFSET 21.720902, 3.779798, -6.615417
SCALE 1.000000, 1.000000, 1.000000
X -0.382131, 0.208398, 0.900303
Y -0.846147, 0.312747, -0.431538
Z -0.371499, -0.926693, 0.056825

PART 58
OFFSET 20.430506, 2.371677, -6.490371
SCALE 1.000000, 1.000000, 1.000000
X -0.633197, 0.534424, 0.559868
Y -0.606547, 0.106712, -0.787853
Z -0.480792, -0.838453, 0.256584

PART 59
OFFSET 21.726740, 2.679369, -7.028397
SCALE 1.000000, 1.000000, 1.000000
X -0.604759, 0.426436, 0.672621
Y -0.683996, 0.154499, -0.712938
Z -0.407941, -0.891225, 0.198246

PART 60
OFFSET 20.021878, 5.897968, -8.450496
SCALE 1.000000, 1.000000, 1.000000
X 0.828864, 0.554145, -0.076867
Y -0.524220, 0.721314, -0.452658
Z -0.195393, 0.415487, 0.888365

PART 61
OFFSET 14.601998, -0.524619, -5.230510
SCALE 1.000000, 1.000000, 1.000000
X -0.879470, -0.441650, 0.177417
Y 0.432908, -0.587367, 0.683806
Z -0.197794, 0.678192, 0.707766

PART 62
OFFSET 10.287671, -1.498720, -6.581231
SCALE 1.000000, 1.000000, 1.000000
X 0.714272, 0.294751, -0.634773
Y -0.697296, 0.377392, -0.609388
Z 0.059940, 0.877894, 0.475090

PART 63
OFFSET 10.940346, -2.914613, -7.601664
SCALE 1.000000, 1.000000, 1.000000
X 0.921631, -0.327561, -0.208089
Y 0.090112, 0.702201, -0.706253
Z 0.377461, 0.632153, 0.676687

PART 64
OFFSET 11.616457, -2.322632, -7.267906
SCALE 1.000000, 1.000000, 1.000000
X 0.953384, -0.219087, -0.207509
Y -0.042133, 0.584282, -0.810456
Z 0.298804, 0.781419, 0.547815

PART 65
OFFSET 10.561417, -0.726371, -5.709734
SCALE 1.000000, 1.000000, 1.000000
X -0.617210, 0.430943, 0.658286
Y -0.345040, -0.900171, 0.265781
Z 0.707106, -0.063092, 0.704287

PART 66
OFFSET 22.816833, 4.350141, -6.821706
SCALE 1.000000, 1.000000, 1.000000
X 0.839850, -0.491039, -0.231372
Y -0.212880, 0.094146, -0.972532
Z 0.499334, 0.866035, -0.025464

PART 67
OFFSET 21.286048, 4.009042, -5.595079
SCALE 1.000000, 1.000000, 1.000000
X 0.857270, -0.300205, -0.418288
Y -0.428043, 0.035922, -0.903044
Z 0.286124, 0.953198, -0.097705

PART 68
OFFSET 19.869104, 2.845506, -5.993984
SCALE 1.000000, 1.000000, 1.000000
X -0.570100, 0.505462, 0.647683
Y -0.640573, 0.220162, -0.735659
Z -0.514443, -0.834288, 0.198271

PART 69
OFFSET 20.888583, 3.270382, -6.096188
SCALE 1.000000, 1.000000, 1.000000
X -0.606645, 0.420674, 0.674548
Y -0.684292, 0.155561, -0.712422
Z -0.404630, -0.893775, 0.193493

PART 70
OFFSET 20.900390, 6.528512, -8.500654
SCALE 1.000000, 1.000000, 1.000000
X 0.629323, 0.290800, -0.720686
Y -0.173358, -0.851454, -0.494947
Z -0.757562, 0.436418, -0.485427

PART 71
OFFSET 15.595381, -0.025765, -5.430907
SCALE 1.000000, 1.000000, 1.000000
X -0.160179, 0.864666, -0.476125
Y 0.986848, 0.150923, -0.057912
Z 0.021784, -0.479139, -0.877468

PART 72
OFFSET 9.477785, -1.838542, -5.866049
SCALE 1.000000, 1.000000, 1.000000
X -0.106214, -0.521841, 0.846404
Y -0.986066, 0.164881, -0.022084
Z -0.128032, -0.836956, -0.532083

PART 73
OFFSET 10.123204, -2.624188, -7.417167
SCALE 1.000000, 1.000000, 1.000000
X 0.627580, 0.314236, -0.712319
Y -0.682712, 0.661902, -0.309500
Z 0.374230, 0.680544, 0.629930

PART 74
OFFSET 10.295143, -2.018995, -6.980314
SCALE 1.000000, 1.000000, 1.000000
X 0.731465, 0.186765, -0.655803
Y -0.615814, 0.593917, -0.517722
Z 0.292800, 0.782548, 0.549442

PART 75
OFFSET 11.202366, -1.174198, -6.458363
SCALE 1.000000, 1.000000, 1.000000
X -0.980922, 0.173171, 0.088339
Y -0.077497, 0.068412, -0.994643
Z -0.178287, -0.982513, -0.053687

PART 76
OFFSET 19.327480, 3.325721, -5.378651
SCALE 1.000000, 1.000000, 1.000000
X 0.912325, -0.404719, -0.062176
Y -0.181898, -0.264541, -0.947065
Z 0.366847, 0.875340, -0.314965

PART 77
OFFSET 20.230667, 3.726608, -5.364631
SCALE 1.000000, 1.000000, 1.000000
X 0.867491, -0.478463, -0.136136
Y -0.195164, -0.075622, -0.977851
Z 0.457570, 0.874846, -0.158981

PART 78
OFFSET 9.526977, -2.922726, -6.740434
SCALE 1.000000, 1.000000, 1.000000
X -0.105536, -0.754043, 0.648291
Y -0.871908, 0.383646, 0.304289
Z -0.478161, -0.533137, -0.697945

PART 79
OFFSET 9.501853, -2.221546, -6.269081
SCALE 1.000000, 1.000000, 1.000000
X -0.233281, -0.454077, 0.859880
Y -0.935716, 0.345446, -0.071436
Z -0.264604, -0.821268, -0.505473

FRAME 2
PART 0
OFFSET 0.000000, 0.000000, 0.000000
SCALE 1.000000, 1.000000, 1.000000
X 1.000000, 0.000000, 0.000000
Y 0.000000, 1.000000, 0.000000
Z 0.000000, 0.000000, 1.000000

PART 1
OFFSET 0.000000, 0.000000, 0.000000
SCALE 1.000000, 1.000000, 1.000000
X 1.000000, 0.000000, 0.000000
Y 0.000000, 1.000000, 0.000000
Z 0.000000, 0.000000, 1.000000

PART 2
OFFSET 0.000000, 0.000000, 0.000000
SCALE 1.000000, 1.000000, 1.000000
X 1.000000, 0.000000, 0.000000
Y 0.000000, 1.000000, 0.000000
Z 0.000000, 0.000000, 1.000000

PART 3
OFFSET 0.000000, 0.000000, 0.000000
SCALE 1.000000, 1.000000, 1.000000
X 1.000000, 0.000000, 0.000000
Y 0.000000, 1.000000, 0.000000
Z 0.000000, 0.000000, 1.000000

PART 4
OFFSET 0.000000, 0.000000, 0.000000
SCALE 1.000000, 1.000000, 1.000000
X 1.000000, 0.000000, 0.000000
Y 0.000000, 1.000000, 0.000000
Z 0.000000, 0.000000, 1.000000

PART 5
OFFSET 0.462600, 4.302200, -5.020600
SCALE 1.000000, 1.000000, 1.000000
X 0.741020, 0.494278, -0.454510
Y 0.124614, -0.766344, -0.630229
Z -0.659819, 0.410374, -0.629470

PART 6
OFFSET -5.186300, -6.970500, -2.725900
SCALE 1.000000, 1.000000, 1.000000
X -0.546679, 0.019868, 0.837107
Y -0.212315, -0.970337, -0.115625
Z 0.809978, -0.240940, 0.534681

PART 7
OFFSET 11.558508, -1.360664, -5.194528
SCALE 1.000000, 1.000000, 1.000000
X 0.876063, 0.373746, -0.304677
Y -0.482183, 0.683881, -0.547546
Z 0.003720, 0.626595, 0.779336

PART 8
OFFSET 15.159802, 0.000000, -6.752720
SCALE 1.000000, 1.000000, 1.000000
X 1.000000, 0.000000, 0.000000
Y 0.000000, 1.000000, 0.000000
Z 0.000000, 0.000000, 1.000000

PART 9
OFFSET 0.000000, 0.000000, 0.000000
SCALE 1.000000, 1.000000, 1.000000
X 1.000000, 0.000000, 0.000000
Y 0.000000, 1.000000, 0.000000
Z 0.000000, 0.000000, 1.000000

PART 10
OFFSET 0.000000, 0.000000, 0.000000
SCALE 1.000000, 1.000000, 1.000000
X 1.000000, 0.000000, 0.000000
Y 0.000000, 1.000000, 0.000000
Z 0.000000, 0.000000, 1.000000

PART 11
OFFSET 9.424328, 10.279882, -10.517343
SCALE 1.000000, 1.000000, 1.000000
X 0.695408, -0.696095, 0.178491
Y -0.681120, -0.559285, 0.472521
Z -0.229093, -0.450168, -0.863056

PART 12
OFFSET 1.425354, -7.211029, -12.849722
SCALE 1.000000, 1.000000, 1.000000
X -0.620217, -0.281503, -0.732180
Y 0.749866, 0.061252, -0.658748
Z 0.230287, -0.957603, 0.173100

PART 13
OFFSET 11.558508, -1.360664, -5.194528
SCALE 1.000000, 1.000000, 1.000000
X 0.876063, 0.373746, -0.304677
Y -0.482183, 0.683881, -0.547546
Z 0.003720, 0.626595, 0.779336

PART 14
OFFSET 17.202380, 4.612042, -7.450058
SCALE 1.000000, 1.000000, 1.000000
X 0.700094, -0.691519, 0.177960
Y 0.236948, 0.460091, 0.855671
Z -0.673590, -0.556882, 0.485961

PART 15
OFFSET 16.732135, 4.026796, -10.041764
SCALE 1.000000, 1.000000, 1.000000
X 0.700094, -0.691519, 0.177960
Y 0.236948, 0.460091, 0.855671
Z -0.673590, -0.556882, 0.485961

PART 16
OFFSET 16.094596, 2.942785, -6.716001
SCALE 1.000000, 1.000000, 1.000000
X 0.700094, -0.691519, 0.177960
Y 0.236948, 0.460091, 0.855671
Z -0.673590, -0.556882, 0.485961

PART 17
OFFSET 15.568586, 2.198122, -8.126825
SCALE 1.000000, 1.000000, 1.000000
X 0.700094, -0.691519, 0.177960
Y 0.236948, 0.460091, 0.855671
Z -0.673590, -0.556882, 0.485961

PART 18
OFFSET 15.073722, 1.855559, -9.645879
SCALE 1.000000, 1.000000, 1.000000
X 0.700094, -0.691519, 0.177960
Y 0.236948, 0.460091, 0.855671
Z -0.673590, -0.556882, 0.485961

PART 19
OFFSET 17.470828, 2.225288, -8.451971
SCALE 1.000000, 1.000000, 1.000000
X 0.931802, 0.362851, -0.009147
Y -0.359403, 0.925886, 0.116467
Z 0.050729, -0.105237, 0.993152

PART 20
OFFSET 15.339021, 4.359346, -8.999217
SCALE 1.000000, 1.000000, 1.000000
X 0.695588, -0.695900, 0.178553
Y 0.701703, 0.711400, 0.039020
Z -0.154176, 0.098149, 0.983156

PART 21
OFFSET 7.033460, -5.114815, -4.166066
SCALE 1.000000, 1.000000, 1.000000
X -0.625409, -0.278965, -0.728726
Y -0.239440, 0.957463, -0.161035
Z 0.742652, 0.073773, -0.665602

PART 22
OFFSET 6.433518, -3.798968, -4.298342
SCALE 1.000000, 1.000000, 1.000000
X -0.625409, -0.278965, -0.728726
Y -0.239440, 0.957463, -0.161035
Z 0.742652, 0.073773, -0.665602

PART 23
OFFSET 6.787754, -3.268793, -5.326671
SCALE 1.000000, 1.000000, 1.000000
X -0.625409, -0.278965, -0.728726
Y -0.239440, 0.957463, -0.161035
Z 0.742652, 0.073773, -0.665602

PART 24
OFFSET 8.602051, -3.953723, -4.377691
SCALE 1.000000, 1.000000, 1.000000
X -0.910013, -0.377821, 0.170666
Y 0.102637, -0.604162, -0.790224
Z 0.401673, -0.701598, 0.588573

PART 25
OFFSET 6.700642, -4.816730, -6.622337
SCALE 1.000000, 1.000000, 1.000000
X -0.620217, -0.281503, -0.732180
Y 0.773357, -0.063148, -0.630818
Z 0.131341, -0.957480, 0.256868

PART 26
OFFSET 14.847061, 0.860910, -3.477257
SCALE 1.000000, 1.000000, 1.000000
X 0.876063, 0.373746, -0.304677
Y -0.482183, 0.683881, -0.547546
Z 0.003720, 0.626595, 0.779336

PART 27
OFFSET 10.487315, 0.110622, -2.413930
SCALE 1.000000, 1.000000, 1.000000
X 0.876063, 0.373746, -0.304677
Y -0.482183, 0.683881, -0.547546
Z 0.003720, 0.626595, 0.779336

PART 28
OFFSET 14.909591, 1.432581, -4.392624
SCALE 1.000000, 1.000000, 1.000000
X 0.397128, -0.200813, 0.895524
Y 0.876058, 0.373750, -0.304685
Z -0.273518, 0.905530, 0.324351

PART 29
OFFSET 31.435133, 8.636064, -10.209314
SCALE 1.000000, 1.000000, 1.000000
X 0.876063, 0.373746, -0.304677
Y -0.482183, 0.683881, -0.547546
Z 0.003720, 0.626595, 0.779336

PART 30
OFFSET 21.675662, 5.831952, -5.120421
SCALE 1.000000, 1.000000, 1.000000
X 0.876063, 0.373746, -0.304677
Y -0.482183, 0.683881, -0.547546
Z 0.003720, 0.626595, 0.779336

PART 31
OFFSET 14.559195, -0.080512, -6.238107
SCALE 1.000000, 1.000000, 1.000000
X 0.876063, 0.373746, -0.304677
Y -0.482183, 0.683881, -0.547546
Z 0.003720, 0.626595, 0.779336

PART 32
OFFSET 20.811705, 4.376649, -8.768869
SCALE 1.000000, 1.000000, 1.000000
X 0.941964, -0.282950, 0.180675
Y -0.166706, 0.072906, 0.983308
Z -0.291399, -0.956360, 0.021506

PART 33
OFFSET 21.111324, 3.314638, -8.716092
SCALE 1.000000, 1.000000, 1.000000
X 0.754005, -0.238436, 0.612066
Y -0.558191, 0.258612, 0.788380
Z -0.346265, -0.936092, 0.061902

PART 34
OFFSET 18.654375, 1.519691, -8.383694
SCALE 1.000000, 1.000000, 1.000000
X 0.941278, -0.081857, 0.327558
Y -0.317227, 0.117739, 0.941013
Z -0.115595, -0.989665, 0.084858

PART 35
OFFSET 18.613397, 2.229489, -8.446973
SCALE 1.000000, 1.000000, 1.000000
X 0.990489, 0.075168, 0.115241
Y -0.102034, -0.160597, 0.981732
Z 0.092302, -0.984154, -0.151400

PART 36
OFFSET 17.563988, 3.238849, -7.935902
SCALE 1.000000, 1.000000, 1.000000
X 0.659186, 0.751932, 0.008538
Y -0.590256, 0.524419, -0.613663
Z -0.465910, 0.399478, 0.789522

PART 37
OFFSET 19.799798, 4.757639, -7.762972
SCALE 1.000000, 1.000000, 1.000000
X 0.960351, 0.133113, 0.244961
Y 0.208143, 0.242219, -0.947632
Z -0.185477, 0.961047, 0.204908

PART 38
OFFSET 20.268089, 2.549725, -7.026131
SCALE 1.000000, 1.000000, 1.000000
X 0.005212, -0.994404, -0.105517
Y -0.050695, 0.105120, -0.993167
Z 0.998701, 0.010525, -0.049863

PART 39
OFFSET 12.219853, -2.286638, -4.227911
SCALE 1.000000, 1.000000, 1.000000
X -0.814181, -0.480816, 0.325463
Y 0.573431, -0.578012, 0.580586
Z -0.091033, 0.659332, 0.746320

PART 40
OFFSET 12.162086, -2.856579, -5.172595
SCALE 1.000000, 1.000000, 1.000000
X 0.201303, -0.610601, 0.765927
Y 0.971942, 0.027381, -0.233620
Z 0.121676, 0.791465, 0.598981

PART 41
OFFSET 9.400825, -4.139180, -5.487203
SCALE 1.000000, 1.000000, 1.000000
X -0.809471, 0.037864, 0.585938
Y 0.421275, -0.657677, 0.624490
Z 0.409003, 0.752348, 0.516419

PART 42
OFFSET 9.588843, -3.752565, -4.917376
SCALE 1.000000, 1.000000, 1.000000
X -0.911579, -0.150401, 0.382627
Y 0.377839, -0.673333, 0.635500
Z 0.162056, 0.723880, 0.670624

PART 43
OFFSET 8.747445, -2.912695, -3.933542
SCALE 1.000000, 1.000000, 1.000000
X -0.348983, -0.885247, 0.307487
Y 0.502499, -0.453726, -0.735953
Z 0.791016, -0.102323, 0.603178

PART 44
OFFSET 4.943123, -5.391345, -2.683658
SCALE 1.000000, 1.000000, 1.000000
X -0.764359, -0.433750, 0.477091
Y -0.644466, 0.537387, -0.543947
Z -0.020446, -0.723240, -0.690294

PART 45
OFFSET 14.471821, 1.347396, -4.377717
SCALE 1.000000, 1.000000, 1.000000
X 0.876063, 0.373746, -0.304677
Y -0.482183, 0.683881, -0.547546
Z 0.003720, 0.626595, 0.779336

PART 46
OFFSET 22.470174, 3.878473, -8.450763
SCALE 1.000000, 1.000000, 1.000000
X 0.584882, -0.253174, 0.770594
Y -0.747073, 0.201864, 0.633351
Z -0.315903, -0.946126, -0.071072

PART 47
OFFSET 22.584322, 2.848838, -7.520380
SCALE 1.000000, 1.000000, 1.000000
X -0.389919, 0.212861, 0.895909
Y -0.833671, 0.331609, -0.441619
Z -0.391095, -0.919090, 0.048155

PART 48
OFFSET 20.747237, 1.494352, -7.544697
SCALE 1.000000, 1.000000, 1.000000
X -0.065337, 0.225542, 0.972040
Y -0.838198, 0.516150, -0.176103
Z -0.541437, -0.826269, 0.155325

PART 49
OFFSET 21.199996, 2.281918, -8.192009
SCALE 1.000000, 1.000000, 1.000000
X 0.450898, -0.115670, 0.885049
Y -0.757177, 0.475473, 0.447894
Z -0.472625, -0.872093, 0.126807

PART 50
OFFSET 18.901602, 4.936046, -7.934814
SCALE 1.000000, 1.000000, 1.000000
X 0.939825, 0.333317, -0.075020
Y -0.338854, 0.881313, -0.329341
Z -0.043659, 0.334944, 0.941226

PART 51
OFFSET 13.653338, -1.440092, -4.800936
SCALE 1.000000, 1.000000, 1.000000
