// Export filename: 'H:\01 Ricko0z\CoD World at War MT GCZ\xanim_export\guns\m27\m27_reload.xanim_export'
// Source filename: 'C:\Users\Ricardo\Desktop\Working Gun\M27\01 Escenas\m27_handed.mb'
// Export time: Mon Jun 22 2015, 12:43:27

ANIMATION
VERSION 3

NUMPARTS 80
PART 0 "tag_view"
PART 1 "tag_ads"
PART 2 "tag_cambone"
PART 3 "tag_torso"
PART 4 "tag_camera"
PART 5 "j_shoulder_le"
PART 6 "j_shoulder_ri"
PART 7 "tag_weapon"
PART 8 "tag_weapon1"
PART 9 "tag_gasmask"
PART 10 "tag_gasmask2"
PART 11 "j_elbow_le"
PART 12 "j_elbow_ri"
PART 13 "j_gun"
PART 14 "j_sleave_reshape_bottom_le_1"
PART 15 "j_sleave_reshape_bottom_le_2"
PART 16 "j_sleave_reshape_top_le_1"
PART 17 "j_sleave_reshape_top_le_2"
PART 18 "j_sleave_reshape_top_le_3"
PART 19 "j_wrist_le"
PART 20 "j_wristtwist_le"
PART 21 "j_sleave_reshape_top_ri_1"
PART 22 "j_sleave_reshape_top_ri_2"
PART 23 "j_sleave_reshape_top_ri_3"
PART 24 "j_wrist_ri"
PART 25 "j_wristtwist_ri"
PART 26 "j_bolt"
PART 27 "j_handle"
PART 28 "tag_brass"
PART 29 "tag_flash"
PART 30 "tag_sights"
PART 31 "tag_clip"
PART 32 "j_index_le_0"
PART 33 "j_mid_le_0"
PART 34 "j_pinkypalm_le"
PART 35 "j_ringpalm_le"
PART 36 "j_thumb_le_0"
PART 37 "j_webbing_le"
PART 38 "tag_knife_attach"
PART 39 "j_index_ri_0"
PART 40 "j_mid_ri_0"
PART 41 "j_pinkypalm_ri"
PART 42 "j_ringpalm_ri"
PART 43 "j_thumb_ri_0"
PART 44 "j_webbing_ri"
PART 45 "tag_bullet"
PART 46 "j_index_le_1"
PART 47 "j_mid_le_1"
PART 48 "j_pinky_le_0"
PART 49 "j_ring_le_0"
PART 50 "j_thumb_le_1"
PART 51 "j_index_ri_1"
PART 52 "j_mid_ri_1"
PART 53 "j_pinky_ri_0"
PART 54 "j_ring_ri_0"
PART 55 "j_thumb_ri_1"
PART 56 "j_index_le_2"
PART 57 "j_mid_le_2"
PART 58 "j_pinky_le_1"
PART 59 "j_ring_le_1"
PART 60 "j_thumb_le_2"
PART 61 "j_index_ri_2"
PART 62 "j_mid_ri_2"
PART 63 "j_pinky_ri_1"
PART 64 "j_ring_ri_1"
PART 65 "j_thumb_ri_2"
PART 66 "j_index_le_3"
PART 67 "j_mid_le_3"
PART 68 "j_pinky_le_2"
PART 69 "j_ring_le_2"
PART 70 "j_thumb_le_3"
PART 71 "j_index_ri_3"
PART 72 "j_mid_ri_3"
PART 73 "j_pinky_ri_2"
PART 74 "j_ring_ri_2"
PART 75 "j_thumb_ri_3"
PART 76 "j_pinky_le_3"
PART 77 "j_ring_le_3"
PART 78 "j_pinky_ri_3"
PART 79 "j_ring_ri_3"

FRAMERATE 30
NUMFRAMES 63

FRAME 0
PART 0
OFFSET 0.000000, 0.000000, 0.000000
SCALE 1.000000, 1.000000, 1.000000
X 1.000000, 0.000000, 0.000000
Y 0.000000, 1.000000, 0.000000
Z 0.000000, 0.000000, 1.000000

PART 1
OFFSET 0.000000, 0.000000, 0.000000
SCALE 1.000000, 1.000000, 1.000000
X 1.000000, 0.000000, 0.000000
Y 0.000000, 1.000000, 0.000000
Z 0.000000, 0.000000, 1.000000

PART 2
OFFSET 0.000000, 0.000000, 0.000000
SCALE 1.000000, 1.000000, 1.000000
X 1.000000, 0.000000, 0.000000
Y 0.000000, 1.000000, 0.000000
Z 0.000000, 0.000000, 1.000000

PART 3
OFFSET 0.000000, 0.000000, 0.000000
SCALE 1.000000, 1.000000, 1.000000
X 1.000000, 0.000000, 0.000000
Y 0.000000, 1.000000, 0.000000
Z 0.000000, 0.000000, 1.000000

PART 4
OFFSET 0.000000, 0.000000, 0.000000
SCALE 1.000000, 1.000000, 1.000000
X 1.000000, 0.000000, 0.000000
Y 0.000000, 1.000000, 0.000000
Z 0.000000, 0.000000, 1.000000

PART 5
OFFSET 0.462588, 4.302136, -5.020532
SCALE 1.000000, 1.000000, 1.000000
X 0.963120, 0.112508, -0.244421
Y -0.002020, -0.905338, -0.424688
Z -0.269064, 0.409519, -0.871722

PART 6
OFFSET -5.186300, -6.970500, -2.725900
SCALE 1.000000, 1.000000, 1.000000
X -0.537759, 0.021019, 0.842836
Y -0.202545, -0.973633, -0.104950
Z 0.818407, -0.227150, 0.527837

PART 7
OFFSET 12.829858, -2.972579, -4.008966
SCALE 1.000000, 1.000000, 1.000000
X 1.000000, 0.000000, 0.000000
Y 0.000000, 1.000000, 0.000000
Z 0.000000, 0.000000, 1.000000

PART 8
OFFSET 15.159802, 0.000000, -6.752720
SCALE 1.000000, 1.000000, 1.000000
X 1.000000, 0.000000, 0.000000
Y 0.000000, 1.000000, 0.000000
Z 0.000000, 0.000000, 1.000000

PART 9
OFFSET 0.000000, 0.000000, 0.000000
SCALE 1.000000, 1.000000, 1.000000
X 1.000000, 0.000000, 0.000000
Y 0.000000, 1.000000, 0.000000
Z 0.000000, 0.000000, 1.000000

PART 10
OFFSET 0.000000, 0.000000, 0.000000
SCALE 1.000000, 1.000000, 1.000000
X 1.000000, 0.000000, 0.000000
Y 0.000000, 1.000000, 0.000000
Z 0.000000, 0.000000, 1.000000

PART 11
OFFSET 12.110458, 5.662791, -7.976533
SCALE 1.000000, 1.000000, 1.000000
X 0.711537, -0.626147, 0.318833
Y -0.688779, -0.531838, 0.492679
Z -0.138922, -0.570165, -0.809699

PART 12
OFFSET 1.317312, -7.224700, -12.919090
SCALE 1.000000, 1.000000, 1.000000
X -0.665856, -0.297958, -0.684000
Y 0.705421, 0.047092, -0.707223
Z 0.242934, -0.953417, 0.178829

PART 13
OFFSET 12.829858, -2.972579, -4.008966
SCALE 1.000000, 1.000000, 1.000000
X 1.000000, 0.000000, 0.000000
Y 0.000000, 1.000000, 0.000000
Z 0.000000, 0.000000, 1.000000

PART 14
OFFSET 19.883981, 0.894902, -3.633679
SCALE 1.000000, 1.000000, 1.000000
X 0.715980, -0.621453, 0.318071
Y 0.146806, 0.579449, 0.801677
Z -0.682511, -0.527290, 0.506107

PART 15
OFFSET 19.647548, -0.045286, -6.151363
SCALE 1.000000, 1.000000, 1.000000
X 0.715980, -0.621453, 0.318071
Y 0.146806, 0.579449, 0.801677
Z -0.682511, -0.527290, 0.506107

PART 16
OFFSET 18.802546, -0.726549, -2.765424
SCALE 1.000000, 1.000000, 1.000000
X 0.715980, -0.621453, 0.318071
Y 0.146806, 0.579449, 0.801677
Z -0.682511, -0.527290, 0.506107

PART 17
OFFSET 18.424813, -1.676035, -4.098543
SCALE 1.000000, 1.000000, 1.000000
X 0.715980, -0.621453, 0.318071
Y 0.146806, 0.579449, 0.801677
Z -0.682511, -0.527290, 0.506107

PART 18
OFFSET 18.067797, -2.240080, -5.591226
SCALE 1.000000, 1.000000, 1.000000
X 0.715980, -0.621453, 0.318071
Y 0.146806, 0.579449, 0.801677
Z -0.682511, -0.527290, 0.506107

PART 19
OFFSET 20.343679, -1.582384, -4.287301
SCALE 1.000000, 1.000000, 1.000000
X 0.954661, -0.196470, 0.223655
Y -0.004177, 0.742375, 0.669971
Z -0.297665, -0.640530, 0.707896

PART 20
OFFSET 18.162420, 0.337225, -5.264786
SCALE 1.000000, 1.000000, 1.000000
X 0.711499, -0.626195, 0.318825
Y 0.259317, 0.655683, 0.709108
Z -0.653088, -0.421853, 0.628901

PART 21
OFFSET 7.484514, -4.933890, -4.677289
SCALE 1.000000, 1.000000, 1.000000
X -0.670803, -0.295312, -0.680304
Y -0.251213, 0.953553, -0.166221
Z 0.697793, 0.059400, -0.713832

PART 22
OFFSET 6.861780, -3.579299, -4.805075
SCALE 1.000000, 1.000000, 1.000000
X -0.670803, -0.295312, -0.680304
Y -0.251213, 0.953553, -0.166221
Z 0.697793, 0.059400, -0.713832

PART 23
OFFSET 7.153462, -3.073453, -5.870839
SCALE 1.000000, 1.000000, 1.000000
X -0.670803, -0.295312, -0.680304
Y -0.251213, 0.953553, -0.166221
Z 0.697793, 0.059400, -0.713832

PART 24
OFFSET 9.021994, -3.777001, -5.004462
SCALE 1.000000, 1.000000, 1.000000
X -0.990289, 0.087828, -0.107768
Y 0.105495, -0.030131, -0.993963
Z -0.090545, -0.995680, 0.020573

PART 25
OFFSET 6.980686, -4.690447, -7.101394
SCALE 1.000000, 1.000000, 1.000000
X -0.665856, -0.297958, -0.684000
Y 0.737851, -0.127197, -0.662870
Z 0.110505, -0.946067, 0.304544

PART 26
OFFSET 16.017927, -3.979255, -1.266373
SCALE 1.000000, 1.000000, 1.000000
X 1.000000, 0.000000, 0.000000
Y 0.000000, 1.000000, 0.000000
Z 0.000000, 0.000000, 1.000000

PART 27
OFFSET 11.594127, -2.972389, -0.924030
SCALE 1.000000, 1.000000, 1.000000
X 1.000000, 0.000000, 0.000000
Y 0.000000, 1.000000, 0.000000
Z 0.000000, 0.000000, 1.000000

PART 28
OFFSET 16.565258, -3.117246, -1.621314
SCALE 1.000000, 1.000000, 1.000000
X 0.000010, -0.819161, 0.573563
Y 1.000000, 0.000010, -0.000003
Z -0.000003, 0.573563, 0.819161

PART 29
OFFSET 35.507153, -2.974345, -1.579330
SCALE 1.000000, 1.000000, 1.000000
X 1.000000, 0.000000, 0.000000
Y 0.000000, 1.000000, 0.000000
Z 0.000000, 0.000000, 1.000000

PART 30
OFFSET 24.358749, -2.972579, 0.593282
SCALE 1.000000, 1.000000, 1.000000
X 1.000000, 0.000000, 0.000000
Y 0.000000, 1.000000, 0.000000
Z 0.000000, 0.000000, 1.000000

PART 31
OFFSET 16.256061, -2.972457, -4.008744
SCALE 1.000000, 1.000000, 1.000000
X 1.000000, 0.000000, 0.000000
Y 0.000000, 1.000000, 0.000000
Z 0.000000, 0.000000, 1.000000

PART 32
OFFSET 24.171050, -1.549962, -3.173657
SCALE 1.000000, 1.000000, 1.000000
X 0.664269, -0.746749, -0.033338
Y -0.418539, -0.408524, 0.811131
Z -0.619331, -0.524856, -0.583914

PART 33
OFFSET 24.020356, -2.449251, -3.797319
SCALE 1.000000, 1.000000, 1.000000
X 0.384743, -0.861996, 0.330053
Y -0.632597, 0.014142, 0.774352
Z -0.672156, -0.506717, -0.539856

PART 34
OFFSET 21.095856, -2.673008, -4.672340
SCALE 1.000000, 1.000000, 1.000000
X 0.694052, -0.689446, 0.207256
Y -0.520711, -0.281946, 0.805833
Z -0.497144, -0.667211, -0.554687

PART 35
OFFSET 21.344598, -2.133406, -4.276774
SCALE 1.000000, 1.000000, 1.000000
X 0.860609, -0.489510, 0.140471
Y -0.448672, -0.598305, 0.663871
Z -0.240927, -0.634359, -0.734536

PART 36
OFFSET 20.646875, -1.217351, -3.249482
SCALE 1.000000, 1.000000, 1.000000
X 0.855916, 0.191260, 0.480445
Y -0.133869, 0.979368, -0.151387
Z -0.499487, 0.065258, 0.863860

PART 37
OFFSET 23.120447, -1.352600, -2.154681
SCALE 1.000000, 1.000000, 1.000000
X 0.816274, -0.506524, 0.277723
Y 0.561819, 0.584284, -0.585638
Z 0.134371, 0.634071, 0.761511

PART 38
OFFSET 22.480571, -3.491215, -2.963235
SCALE 1.000000, 1.000000, 1.000000
X -0.335074, -0.624324, -0.705652
Y 0.297702, 0.640425, -0.707976
Z 0.893924, -0.447298, -0.028727

PART 39
OFFSET 12.767450, -4.466564, -3.827248
SCALE 1.000000, 1.000000, 1.000000
X -0.992190, -0.113706, -0.051288
Y 0.108643, -0.989762, 0.092565
Z -0.061288, 0.086269, 0.994385

PART 40
OFFSET 12.792511, -4.311271, -4.920791
SCALE 1.000000, 1.000000, 1.000000
X -0.286098, -0.933765, 0.215012
Y 0.932720, -0.322792, -0.160744
Z 0.219501, 0.154557, 0.963292

PART 41
OFFSET 9.991220, -3.682392, -5.981742
SCALE 1.000000, 1.000000, 1.000000
X -0.873802, 0.096090, 0.476693
Y -0.067830, -0.994784, 0.076188
Z 0.481527, 0.034239, 0.875762

PART 42
OFFSET 10.126269, -3.820695, -5.294605
SCALE 1.000000, 1.000000, 1.000000
X -0.971418, 0.128019, 0.199894
Y -0.115157, -0.990531, 0.074749
Z 0.207571, 0.049593, 0.976962

PART 43
OFFSET 9.402825, -3.378635, -4.005246
SCALE 1.000000, 1.000000, 1.000000
X -0.730554, -0.604901, -0.316836
Y 0.495325, -0.150040, -0.855653
Z 0.470047, -0.782037, 0.409235

PART 44
OFFSET 4.762726, -3.919667, -4.601500
SCALE 1.000000, 1.000000, 1.000000
X -0.977336, -0.188410, 0.096518
Y -0.197066, 0.976277, -0.089713
Z -0.077326, -0.106700, -0.991280

PART 45
OFFSET 16.146372, -2.972457, -1.664480
SCALE 1.000000, 1.000000, 1.000000
X 1.000000, 0.000000, 0.000000
Y 0.000000, 1.000000, 0.000000
Z 0.000000, 0.000000, 1.000000

PART 46
OFFSET 25.340617, -2.864750, -3.232355
SCALE 1.000000, 1.000000, 1.000000
X 0.182752, -0.877348, 0.443691
Y -0.772048, 0.151352, 0.617280
Z -0.608723, -0.455360, -0.649695

PART 47
OFFSET 24.771976, -4.133217, -3.152538
SCALE 1.000000, 1.000000, 1.000000
X -0.535105, -0.157223, 0.830026
Y -0.471679, 0.870721, -0.139153
Z -0.700843, -0.465968, -0.540086

PART 48
OFFSET 22.663855, -4.159455, -4.027056
SCALE 1.000000, 1.000000, 1.000000
X -0.269272, -0.346832, 0.898443
Y -0.487666, 0.853561, 0.183348
Z -0.830467, -0.388770, -0.398978

PART 49
OFFSET 23.552364, -3.484903, -4.035952
SCALE 1.000000, 1.000000, 1.000000
X 0.081922, -0.781371, 0.618666
Y -0.622013, 0.444931, 0.644310
Z -0.778709, -0.437602, -0.449574

PART 50
OFFSET 22.452754, -0.703260, -2.179783
SCALE 1.000000, 1.000000, 1.000000
X 0.970732, -0.184411, 0.153858
Y 0.133047, 0.946267, 0.294748
Z -0.199945, -0.265651, 0.943107

PART 51
OFFSET 14.514361, -4.266365, -3.736946
SCALE 1.000000, 1.000000, 1.000000
X -0.996813, -0.057897, -0.054875
Y 0.049518, -0.988431, 0.143357
Z -0.062541, 0.140182, 0.988149

PART 52
OFFSET 13.351423, -2.487098, -5.340831
SCALE 1.000000, 1.000000, 1.000000
X 0.864720, -0.485256, -0.129558
Y 0.437526, 0.854458, -0.280131
Z 0.246637, 0.185550, 0.951179

PART 53
OFFSET 12.032956, -3.771292, -6.934600
SCALE 1.000000, 1.000000, 1.000000
X -0.270702, -0.961691, -0.043245
Y 0.880793, -0.229302, -0.414276
Z 0.388489, -0.150235, 0.909124

PART 54
OFFSET 12.614074, -4.182170, -5.956868
SCALE 1.000000, 1.000000, 1.000000
X -0.297956, -0.939183, 0.170753
Y 0.865286, -0.341268, -0.367173
Z 0.403115, 0.038348, 0.914346

PART 55
OFFSET 10.903700, -2.014761, -3.258871
SCALE 1.000000, 1.000000, 1.000000
X -0.920885, -0.012731, 0.389628
Y -0.299319, -0.617248, -0.727608
Z 0.249760, -0.786666, 0.564603

PART 56
OFFSET 25.599757, -3.903674, -2.653506
SCALE 1.000000, 1.000000, 1.000000
X -0.332906, -0.485982, 0.808081
Y -0.729168, 0.676047, 0.106180
Z -0.597903, -0.553879, -0.579422

PART 57
OFFSET 23.990378, -4.362864, -1.940166
SCALE 1.000000, 1.000000, 1.000000
X -0.540407, -0.195665, 0.818337
Y -0.456296, 0.885300, -0.089649
Z -0.706933, -0.421851, -0.567704

PART 58
OFFSET 22.282625, -4.650493, -2.755057
SCALE 1.000000, 1.000000, 1.000000
X -0.512523, 0.336840, 0.789848
Y -0.216330, 0.839524, -0.498399
Z -0.830976, -0.426308, -0.357407

PART 59
OFFSET 23.691837, -4.815190, -2.982671
SCALE 1.000000, 1.000000, 1.000000
X -0.568520, 0.188903, 0.800688
Y -0.288099, 0.865930, -0.408857
Z -0.770574, -0.463120, -0.437876

PART 60
OFFSET 23.989564, -1.087162, -1.843396
SCALE 1.000000, 1.000000, 1.000000
X 0.955762, -0.036837, 0.291824
Y -0.010655, 0.987140, 0.159503
Z -0.293947, -0.155556, 0.943079

PART 61
OFFSET 15.722379, -4.187470, -3.610249
SCALE 1.000000, 1.000000, 1.000000
X -0.987285, 0.075124, -0.140091
Y -0.090176, -0.990441, 0.104383
Z -0.130910, 0.115689, 0.984621

PART 62
OFFSET 12.088387, -1.778319, -5.151594
SCALE 1.000000, 1.000000, 1.000000
X 0.937885, 0.184416, -0.293875
Y -0.244401, 0.952374, -0.182349
Z 0.246251, 0.242846, 0.938289

PART 63
OFFSET 12.416215, -2.409737, -6.873374
SCALE 1.000000, 1.000000, 1.000000
X 0.725574, -0.561484, -0.397841
Y 0.590854, 0.804685, -0.058087
Z 0.352752, -0.192919, 0.915614

PART 64
OFFSET 13.121358, -2.583171, -6.247581
SCALE 1.000000, 1.000000, 1.000000
X 0.795877, -0.510279, -0.325876
Y 0.464964, 0.859855, -0.210851
Z 0.387799, 0.016290, 0.921600

PART 65
OFFSET 12.344522, -1.942931, -3.994523
SCALE 1.000000, 1.000000, 1.000000
X -0.572184, 0.206612, 0.793673
Y -0.742940, -0.540443, -0.394919
Z 0.347340, -0.815618, 0.462734

PART 66
OFFSET 25.223723, -4.452614, -1.740738
SCALE 1.000000, 1.000000, 1.000000
X 0.598452, -0.607833, -0.521914
Y 0.176395, 0.735431, -0.654237
Z 0.781498, 0.299467, 0.547339

PART 67
OFFSET 23.373623, -4.588090, -1.017284
SCALE 1.000000, 1.000000, 1.000000
X 0.750609, -0.388693, -0.534326
Y -0.054182, 0.769738, -0.636056
Z 0.658522, 0.506380, 0.556712

PART 68
OFFSET 21.828207, -4.351840, -2.054754
SCALE 1.000000, 1.000000, 1.000000
X -0.499136, 0.234874, 0.834085
Y -0.217293, 0.897882, -0.382873
Z -0.838837, -0.372346, -0.397129

PART 69
OFFSET 22.903904, -4.553383, -1.872970
SCALE 1.000000, 1.000000, 1.000000
X -0.573072, 0.185144, 0.798317
Y -0.288140, 0.866424, -0.407781
Z -0.767179, -0.463715, -0.443176

PART 70
OFFSET 25.009515, -1.117346, -1.481937
SCALE 1.000000, 1.000000, 1.000000
X 0.892131, 0.276152, -0.357551
Y -0.325515, -0.155890, -0.932598
Z -0.313277, 0.948387, -0.049183

PART 71
OFFSET 16.837538, -4.272325, -3.452014
SCALE 1.000000, 1.000000, 1.000000
X 0.365908, 0.902176, 0.228451
Y 0.923356, -0.382607, 0.032023
Z 0.116297, 0.199224, -0.973029

PART 72
OFFSET 11.024242, -1.988278, -4.825506
SCALE 1.000000, 1.000000, 1.000000
X -0.578974, -0.765224, 0.281462
Y -0.770180, 0.626581, 0.119238
Z -0.267602, -0.147741, -0.952135

PART 73
OFFSET 11.772907, -1.911915, -6.520641
SCALE 1.000000, 1.000000, 1.000000
X 0.897143, 0.286716, -0.336048
Y -0.216917, 0.948640, 0.230279
Z 0.384813, -0.133699, 0.913260

PART 74
OFFSET 12.018324, -1.875959, -5.795938
SCALE 1.000000, 1.000000, 1.000000
X 0.916332, 0.120016, -0.382010
Y -0.118181, 0.992587, 0.028358
Z 0.382581, 0.019161, 0.923723

PART 75
OFFSET 12.959994, -2.119870, -4.867245
SCALE 1.000000, 1.000000, 1.000000
X -0.798527, 0.565118, 0.207355
Y 0.288884, 0.661972, -0.691620
Z -0.528110, -0.492376, -0.691857

PART 76
OFFSET 21.354012, -4.128702, -1.262347
SCALE 1.000000, 1.000000, 1.000000
X 0.639690, -0.689287, -0.340118
Y 0.051182, 0.479714, -0.875931
Z 0.766927, 0.542917, 0.342148

PART 77
OFFSET 22.282398, -4.352591, -1.007182
SCALE 1.000000, 1.000000, 1.000000
X 0.596959, -0.669190, -0.442522
Y 0.126013, 0.622950, -0.772046
Z 0.792314, 0.405116, 0.456202

PART 78
OFFSET 10.920580, -2.184308, -6.201380
SCALE 1.000000, 1.000000, 1.000000
X -0.605770, -0.795395, -0.019725
Y -0.692406, 0.514798, 0.505527
Z -0.391939, 0.319891, -0.862585

PART 79
OFFSET 11.024525, -2.006121, -5.381633
SCALE 1.000000, 1.000000, 1.000000
X -0.664097, -0.664392, 0.342868
Y -0.638228, 0.742637, 0.202868
Z -0.389411, -0.084104, -0.917216

FRAME 1
PART 0
OFFSET 0.000000, 0.000000, 0.000000
SCALE 1.000000, 1.000000, 1.000000
X 1.000000, 0.000000, 0.000000
Y 0.000000, 1.000000, 0.000000
Z 0.000000, 0.000000, 1.000000

PART 1
OFFSET 0.000000, 0.000000, 0.000000
SCALE 1.000000, 1.000000, 1.000000
X 1.000000, 0.000000, 0.000000
Y 0.000000, 1.000000, 0.000000
Z 0.000000, 0.000000, 1.000000

PART 2
OFFSET 0.000000, 0.000000, 0.000000
SCALE 1.000000, 1.000000, 1.000000
X 1.000000, 0.000000, 0.000000
Y 0.000000, 1.000000, 0.000000
Z 0.000000, 0.000000, 1.000000

PART 3
OFFSET 0.000000, 0.000000, 0.000000
SCALE 1.000000, 1.000000, 1.000000
X 1.000000, 0.000000, 0.000000
Y 0.000000, 1.000000, 0.000000
Z 0.000000, 0.000000, 1.000000

PART 4
OFFSET 0.000000, 0.000000, 0.000000
SCALE 1.000000, 1.000000, 1.000000
X 0.999997, 0.001586, -0.001710
Y -0.001588, 0.999998, -0.001158
Z 0.001708, 0.001161, 0.999998

PART 5
OFFSET 0.530903, 4.212089, -4.935313
SCALE 1.000000, 1.000000, 1.000000
X 0.952295, 0.158081, -0.261046
Y 0.020394, -0.886437, -0.462399
Z -0.304497, 0.435016, -0.847374

PART 6
OFFSET -5.186300, -6.970500, -2.725900
SCALE 1.000000, 1.000000, 1.000000
X -0.541458, 0.022057, 0.840439
Y -0.214793, -0.970110, -0.112921
Z 0.812827, -0.241662, 0.530011

PART 7
OFFSET 12.796512, -3.138536, -3.875579
SCALE 1.000000, 1.000000, 1.000000
X 0.999920, -0.007246, -0.010323
Y 0.006913, 0.999467, -0.031894
Z 0.010549, 0.031820, 0.999438

PART 8
OFFSET 15.159802, 0.000000, -6.752720
SCALE 1.000000, 1.000000, 1.000000
X 1.000000, 0.000000, 0.000000
Y 0.000000, 1.000000, 0.000000
Z 0.000000, 0.000000, 1.000000

PART 9
OFFSET 0.000000, 0.000000, 0.000000
SCALE 1.000000, 1.000000, 1.000000
X 0.999997, 0.001586, -0.001710
Y -0.001588, 0.999998, -0.001158
Z 0.001708, 0.001161, 0.999998

PART 10
OFFSET 0.000000, 0.000000, 0.000000
SCALE 1.000000, 1.000000, 1.000000
X 0.999997, 0.001586, -0.001710
Y -0.001588, 0.999998, -0.001158
Z 0.001708, 0.001161, 0.999998

PART 11
OFFSET 12.047854, 6.123901, -8.092371
SCALE 1.000000, 1.000000, 1.000000
X 0.699694, -0.646055, 0.305027
Y -0.701040, -0.538536, 0.467464
Z -0.137739, -0.540918, -0.829720

PART 12
OFFSET 1.362042, -7.237259, -12.890091
SCALE 1.000000, 1.000000, 1.000000
X -0.657524, -0.283740, -0.697964
Y 0.717617, 0.046377, -0.694892
Z 0.229538, -0.957779, 0.173123

PART 13
OFFSET 12.796512, -3.138536, -3.875579
SCALE 1.000000, 1.000000, 1.000000
X 0.999920, -0.007246, -0.010323
Y 0.006913, 0.999467, -0.031894
Z 0.010549, 0.031820, 0.999438

PART 14
OFFSET 19.710774, 1.107610, -3.833268
SCALE 1.000000, 1.000000, 1.000000
X 0.704206, -0.641399, 0.304469
Y 0.145832, 0.550357, 0.822095
Z -0.694857, -0.534523, 0.481101

PART 15
OFFSET 19.488466, 0.256062, -6.381533
SCALE 1.000000, 1.000000, 1.000000
X 0.704206, -0.641399, 0.304469
Y 0.145832, 0.550357, 0.822095
Z -0.694857, -0.534523, 0.481101

PART 16
OFFSET 18.597794, -0.527380, -3.030423
SCALE 1.000000, 1.000000, 1.000000
X 0.704206, -0.641399, 0.304469
Y 0.145832, 0.550357, 0.822095
Z -0.694857, -0.534523, 0.481101

PART 17
OFFSET 18.221842, -1.426371, -4.397587
SCALE 1.000000, 1.000000, 1.000000
X 0.704206, -0.641399, 0.304469
Y 0.145832, 0.550357, 0.822095
Z -0.694857, -0.534523, 0.481101

PART 18
OFFSET 17.875094, -1.933077, -5.910856
SCALE 1.000000, 1.000000, 1.000000
X 0.704206, -0.641399, 0.304469
Y 0.145832, 0.550357, 0.822095
Z -0.694857, -0.534523, 0.481101

PART 19
OFFSET 20.144038, -1.351624, -4.562887
SCALE 1.000000, 1.000000, 1.000000
X 0.955439, -0.206792, 0.210649
Y 0.000200, 0.714062, 0.700082
Z -0.295188, -0.668844, 0.682284

PART 20
OFFSET 17.999087, 0.629015, -5.498046
SCALE 1.000000, 1.000000, 1.000000
X 0.699694, -0.646055, 0.305027
Y 0.259725, 0.627748, 0.733808
Z -0.665561, -0.434218, 0.607029

PART 21
OFFSET 7.421119, -5.096868, -4.530007
SCALE 1.000000, 1.000000, 1.000000
X -0.662503, -0.281077, -0.694324
Y -0.238026, 0.957880, -0.160653
Z 0.710235, 0.058834, -0.701501

PART 22
OFFSET 6.809348, -3.724509, -4.652551
SCALE 1.000000, 1.000000, 1.000000
X -0.662503, -0.281077, -0.694324
Y -0.238026, 0.957880, -0.160653
Z 0.710235, 0.058834, -0.701501

PART 23
OFFSET 7.125585, -3.211505, -5.709278
SCALE 1.000000, 1.000000, 1.000000
X -0.662503, -0.281077, -0.694324
Y -0.238026, 0.957880, -0.160653
Z 0.710235, 0.058834, -0.701501

PART 24
OFFSET 8.970307, -3.954076, -4.813884
SCALE 1.000000, 1.000000, 1.000000
X -0.990753, 0.091596, -0.100089
Y 0.094586, -0.062575, -0.993548
Z -0.097268, -0.993828, 0.053333

PART 25
OFFSET 6.954545, -4.823935, -6.953625
SCALE 1.000000, 1.000000, 1.000000
X -0.657524, -0.283740, -0.697964
Y 0.749524, -0.152077, -0.644272
Z 0.076661, -0.946765, 0.312664

PART 26
OFFSET 16.006299, -4.080506, -1.135333
SCALE 1.000000, 1.000000, 1.000000
X 0.999920, -0.007246, -0.010323
Y 0.006913, 0.999467, -0.031894
Z 0.010549, 0.031820, 0.999438

PART 27
OFFSET 11.593423, -3.031230, -0.779627
SCALE 1.000000, 1.000000, 1.000000
X 0.999920, -0.007246, -0.010323
Y 0.006913, 0.999467, -0.031894
Z 0.010549, 0.031820, 0.999438

PART 28
OFFSET 16.555801, -3.234216, -1.523216
SCALE 1.000000, 1.000000, 1.000000
X 0.000397, -0.800474, 0.599367
Y 0.999921, -0.007236, -0.010326
Z 0.012603, 0.599323, 0.800408

PART 29
OFFSET 35.497621, -3.227300, -1.681352
SCALE 1.000000, 1.000000, 1.000000
X 0.999920, -0.007246, -0.010323
Y 0.006913, 0.999467, -0.031894
Z 0.010549, 0.031820, 0.999438

PART 30
OFFSET 24.373034, -3.075626, 0.605068
SCALE 1.000000, 1.000000, 1.000000
X 0.999920, -0.007246, -0.010323
Y 0.006913, 0.999467, -0.031894
Z 0.010549, 0.031820, 0.999438

PART 31
OFFSET 16.222446, -3.163232, -3.910731
SCALE 1.000000, 1.000000, 1.000000
X 0.999920, -0.007246, -0.010323
Y 0.006913, 0.999467, -0.031894
Z 0.010549, 0.031820, 0.999438

PART 32
OFFSET 23.976820, -1.370255, -3.467691
SCALE 1.000000, 1.000000, 1.000000
X 0.741423, -0.668610, -0.057029
Y -0.400425, -0.509022, 0.761943
Z -0.538471, -0.542086, -0.645129

PART 33
OFFSET 23.821739, -2.242808, -4.127226
SCALE 1.000000, 1.000000, 1.000000
X 0.472392, -0.844068, 0.253761
Y -0.622359, -0.115569, 0.774154
Z -0.624111, -0.523634, -0.579907

PART 34
OFFSET 20.892686, -2.426390, -4.996351
SCALE 1.000000, 1.000000, 1.000000
X 0.695831, -0.699472, 0.162971
Y -0.514143, -0.326693, 0.793050
Z -0.501474, -0.635619, -0.586952

PART 35
OFFSET 21.144163, -1.903920, -4.580058
SCALE 1.000000, 1.000000, 1.000000
X 0.866532, -0.486670, 0.110795
Y -0.436851, -0.632132, 0.639977
Z -0.241421, -0.602961, -0.760364

PART 36
OFFSET 20.452824, -1.030184, -3.512378
SCALE 1.000000, 1.000000, 1.000000
X 0.823974, 0.194000, 0.532382
Y -0.167595, 0.980965, -0.098075
Z -0.541275, -0.008413, 0.840804

PART 37
OFFSET 22.931481, -1.213792, -2.436277
SCALE 1.000000, 1.000000, 1.000000
X 0.816848, -0.518635, 0.252541
Y 0.559849, 0.607248, -0.563754
Z 0.139027, 0.601887, 0.786387

PART 38
OFFSET 22.284454, -3.316331, -3.329339
SCALE 1.000000, 1.000000, 1.000000
X -0.339442, -0.594194, -0.729187
Y 0.295225, 0.668742, -0.682368
Z 0.893097, -0.446898, -0.051578

PART 39
OFFSET 12.723302, -4.633164, -3.654729
SCALE 1.000000, 1.000000, 1.000000
X -0.993454, -0.108016, -0.037181
Y 0.102719, -0.987077, 0.122997
Z -0.049986, 0.118373, 0.991710

PART 40
OFFSET 12.737684, -4.513000, -4.752879
SCALE 1.000000, 1.000000, 1.000000
X -0.290282, -0.924316, 0.247741
Y 0.928661, -0.334573, -0.160157
Z 0.230923, 0.183577, 0.955497

PART 41
OFFSET 9.929604, -3.897770, -5.803837
SCALE 1.000000, 1.000000, 1.000000
X -0.867933, 0.117633, 0.482551
Y -0.073951, -0.991326, 0.108648
Z 0.491146, 0.058614, 0.869103

PART 42
OFFSET 10.071066, -4.015083, -5.114092
SCALE 1.000000, 1.000000, 1.000000
X -0.968295, 0.141436, 0.205916
Y -0.121259, -0.986775, 0.107572
Z 0.218407, 0.079192, 0.972639

PART 43
OFFSET 9.364635, -3.526857, -3.831973
SCALE 1.000000, 1.000000, 1.000000
X -0.738125, -0.609330, -0.289636
Y 0.485034, -0.180865, -0.855588
Z 0.468950, -0.772014, 0.429046

PART 44
OFFSET 4.714727, -4.052635, -4.361754
SCALE 1.000000, 1.000000, 1.000000
X -0.977533, -0.178077, 0.112773
Y -0.191198, 0.974337, -0.118786
Z -0.088726, -0.137679, -0.986495

PART 45
OFFSET 16.137494, -3.087843, -1.566652
SCALE 1.000000, 1.000000, 1.000000
X 0.999920, -0.007246, -0.010323
Y 0.006913, 0.999467, -0.031894
Z 0.010549, 0.031820, 0.999438

PART 46
OFFSET 25.282230, -2.547464, -3.568101
SCALE 1.000000, 1.000000, 1.000000
X 0.303890, -0.883862, 0.355583
Y -0.788082, -0.023491, 0.615122
Z -0.535330, -0.467158, -0.703694

PART 47
OFFSET 24.744588, -3.891749, -3.631488
SCALE 1.000000, 1.000000, 1.000000
X -0.444874, -0.366536, 0.817153
Y -0.608533, 0.793151, 0.024473
Z -0.657096, -0.486377, -0.575901

PART 48
OFFSET 22.466118, -3.945450, -4.447437
SCALE 1.000000, 1.000000, 1.000000
X -0.183976, -0.487756, 0.853374
Y -0.553723, 0.768753, 0.320015
Z -0.812123, -0.413658, -0.411514

PART 49
OFFSET 23.366965, -3.242636, -4.419567
SCALE 1.000000, 1.000000, 1.000000
X 0.162247, -0.829715, 0.534086
Y -0.641415, 0.322626, 0.696060
Z -0.749842, -0.455505, -0.479847

PART 50
OFFSET 22.184086, -0.514116, -2.326564
SCALE 1.000000, 1.000000, 1.000000
X 0.969161, -0.149244, 0.196097
Y 0.072168, 0.932753, 0.353218
Z -0.235625, -0.328173, 0.914759

PART 51
OFFSET 14.472438, -4.442984, -3.589266
SCALE 1.000000, 1.000000, 1.000000
X -0.997726, -0.052317, -0.042501
Y 0.044155, -0.983695, 0.174341
Z -0.050929, 0.172067, 0.983768

PART 52
OFFSET 13.304769, -2.707286, -5.236859
SCALE 1.000000, 1.000000, 1.000000
X 0.859868, -0.495458, -0.123081
Y 0.440442, 0.841866, -0.311884
Z 0.258143, 0.213969, 0.942114

PART 53
OFFSET 11.960303, -4.031949, -6.774808
SCALE 1.000000, 1.000000, 1.000000
X -0.277860, -0.960573, -0.009639
Y 0.874664, -0.248835, -0.415985
Z 0.397186, -0.124016, 0.909320

PART 54
OFFSET 12.549020, -4.415692, -5.790617
SCALE 1.000000, 1.000000, 1.000000
X -0.302653, -0.931056, 0.203805
Y 0.858883, -0.359126, -0.365168
Z 0.413184, 0.064526, 0.908359

PART 55
OFFSET 10.882937, -2.150907, -3.145404
SCALE 1.000000, 1.000000, 1.000000
X -0.916707, 0.006440, 0.399508
Y -0.311429, -0.637922, -0.704320
Z 0.250319, -0.770074, 0.586793

PART 56
OFFSET 25.684179, -3.593590, -3.093084
SCALE 1.000000, 1.000000, 1.000000
X -0.187498, -0.656780, 0.730400
Y -0.838942, 0.493836, 0.228699
Z -0.510903, -0.569883, -0.643593

PART 57
OFFSET 24.094786, -4.427128, -2.437919
SCALE 1.000000, 1.000000, 1.000000
X -0.452006, -0.393501, 0.800530
Y -0.586735, 0.807130, 0.065455
Z -0.671888, -0.440113, -0.595708

PART 58
OFFSET 22.205648, -4.636006, -3.239247
SCALE 1.000000, 1.000000, 1.000000
X -0.484999, 0.148151, 0.861874
Y -0.337574, 0.877443, -0.340789
Z -0.806734, -0.456228, -0.375547

PART 59
OFFSET 23.643192, -4.655229, -3.510284
SCALE 1.000000, 1.000000, 1.000000
X -0.519724, -0.037198, 0.853524
Y -0.428368, 0.875738, -0.222674
Z -0.739181, -0.481352, -0.471076

PART 60
OFFSET 23.717997, -0.847438, -1.928649
SCALE 1.000000, 1.000000, 1.000000
X 0.935476, -0.024441, 0.352543
Y -0.054329, 0.975799, 0.211813
Z -0.349188, -0.217300, 0.911509

PART 61
OFFSET 15.682271, -4.368937, -3.477878
SCALE 1.000000, 1.000000, 1.000000
X -0.988186, 0.077847, -0.132019
Y -0.095961, -0.985923, 0.136924
Z -0.119501, 0.147975, 0.981745

PART 62
OFFSET 12.048821, -1.983606, -5.057083
SCALE 1.000000, 1.000000, 1.000000
X 0.935935, 0.168081, -0.309475
Y -0.239693, 0.947841, -0.210107
Z 0.258018, 0.270826, 0.927405

PART 63
OFFSET 12.353694, -2.671977, -6.761162
SCALE 1.000000, 1.000000, 1.000000
X 0.717316, -0.579179, -0.387311
Y 0.595799, 0.798077, -0.089989
Z 0.361223, -0.166209, 0.917547

PART 64
OFFSET 13.064299, -2.830531, -6.137604
SCALE 1.000000, 1.000000, 1.000000
X 0.788744, -0.526222, -0.317763
Y 0.468662, 0.849268, -0.243104
Z 0.397793, 0.042823, 0.916475

PART 65
OFFSET 12.316230, -2.113117, -3.898103
SCALE 1.000000, 1.000000, 1.000000
X -0.562159, 0.235993, 0.792644
Y -0.750900, -0.547304, -0.369604
Z 0.346594, -0.802973, 0.484879

PART 66
OFFSET 25.472391, -4.335455, -2.268061
SCALE 1.000000, 1.000000, 1.000000
X 0.674674, -0.392240, -0.625270
Y -0.005455, 0.844444, -0.535617
Z 0.738096, 0.364777, 0.567584

PART 67
OFFSET 23.578494, -4.876495, -1.535513
SCALE 1.000000, 1.000000, 1.000000
X 0.763912, -0.185901, -0.617964
Y -0.207854, 0.835693, -0.508344
Z 0.610930, 0.516776, 0.599756

PART 68
OFFSET 21.775633, -4.504651, -2.475083
SCALE 1.000000, 1.000000, 1.000000
X -0.469272, 0.074392, 0.879915
Y -0.320014, 0.914385, -0.247975
Z -0.823028, -0.397953, -0.405288

PART 69
OFFSET 22.922888, -4.706784, -2.327354
SCALE 1.000000, 1.000000, 1.000000
X -0.532450, -0.023344, 0.846139
Y -0.417622, 0.876731, -0.238609
Z -0.736267, -0.480414, -0.476565

PART 70
OFFSET 24.712739, -0.867235, -1.502083
SCALE 1.000000, 1.000000, 1.000000
X 0.903644, 0.322629, -0.281671
Y -0.258773, -0.112756, -0.959335
Z -0.341269, 0.939786, -0.018404

PART 71
OFFSET 16.798448, -4.456867, -3.328760
SCALE 1.000000, 1.000000, 1.000000
X 0.374634, 0.906297, 0.195640
Y 0.920953, -0.388142, 0.034511
Z 0.107214, 0.167246, -0.980068

PART 72
OFFSET 10.986804, -2.175266, -4.713268
SCALE 1.000000, 1.000000, 1.000000
X -0.581242, -0.751603, 0.311851
Y -0.764460, 0.635687, 0.107255
Z -0.278852, -0.176057, -0.944058

PART 73
OFFSET 11.717709, -2.158466, -6.417765
SCALE 1.000000, 1.000000, 1.000000
X 0.895457, 0.269281, -0.354464
Y -0.207799, 0.957062, 0.202117
Z 0.393671, -0.107330, 0.912964

PART 74
OFFSET 11.971152, -2.101222, -5.697205
SCALE 1.000000, 1.000000, 1.000000
X 0.912986, 0.101064, -0.395275
Y -0.110936, 0.993825, -0.002133
Z 0.392618, 0.045798, 0.918560

PART 75
OFFSET 12.921029, -2.322291, -4.771156
SCALE 1.000000, 1.000000, 1.000000
X -0.792286, 0.577273, 0.197585
Y 0.286044, 0.637454, -0.715424
Z -0.538946, -0.510302, -0.670171

PART 76
OFFSET 21.329810, -4.433976, -1.639136
SCALE 1.000000, 1.000000, 1.000000
X 0.679034, -0.573186, -0.458662
Y -0.043590, 0.592205, -0.804608
Z 0.732812, 0.566349, 0.377142

PART 77
OFFSET 22.345437, -4.732101, -1.409701
SCALE 1.000000, 1.000000, 1.000000
X 0.639157, -0.505080, -0.579977
Y -0.004563, 0.751617, -0.659584
Z 0.769063, 0.424224, 0.478096

PART 78
OFFSET 10.866985, -2.414294, -6.081007
SCALE 1.000000, 1.000000, 1.000000
X -0.611486, -0.791163, 0.012081
Y -0.683318, 0.535708, 0.496079
Z -0.398951, 0.295090, -0.868194

PART 79
OFFSET 10.980981, -2.210830, -5.268513
SCALE 1.000000, 1.000000, 1.000000
X -0.664993, -0.648244, 0.370896
Y -0.630808, 0.753380, 0.185740
Z -0.399831, -0.110448, -0.909910

FRAME 2
PART 0
OFFSET 0.000000, 0.000000, 0.000000
SCALE 1.000000, 1.000000, 1.000000
X 1.000000, 0.000000, 0.000000
Y 0.000000, 1.000000, 0.000000
Z 0.000000, 0.000000, 1.000000

PART 1
OFFSET 0.000000, 0.000000, 0.000000
SCALE 1.000000, 1.000000, 1.000000
X 1.000000, 0.000000, 0.000000
Y 0.000000, 1.000000, 0.000000
Z 0.000000, 0.000000, 1.000000

PART 2
OFFSET 0.000000, 0.000000, 0.000000
SCALE 1.000000, 1.000000, 1.000000
X 1.000000, 0.000000, 0.000000
Y 0.000000, 1.000000, 0.000000
Z 0.000000, 0.000000, 1.000000

PART 3
OFFSET 0.000000, 0.000000, 0.000000
SCALE 1.000000, 1.000000, 1.000000
X 1.000000, 0.000000, 0.000000
Y 0.000000, 1.000000, 0.000000
Z 0.000000, 0.000000, 1.000000

PART 4
OFFSET 0.000000, 0.000000, 0.000000
SCALE 1.000000, 1.000000, 1.000000
X 0.999989, 0.003170, -0.003422
Y -0.003178, 0.999992, -0.002314
Z 0.003414, 0.002325, 0.999991

PART 5
OFFSET 0.716183, 3.967803, -4.704136
SCALE 1.000000, 1.000000, 1.000000
X 0.919612, 0.268876, -0.286391
Y 0.078088, -0.839621, -0.537530
Z -0.384989, 0.471955, -0.793121

PART 6
OFFSET -5.186300, -6.970500, -2.725900
SCALE 1.000000, 1.000000, 1.000000
X -0.553040, 0.024985, 0.832780
Y -0.246085, -0.959853, -0.134625
Z 0.795983, -0.279388, 0.536986

PART 7
OFFSET 12.713147, -3.599526, -3.555452
SCALE 1.000000, 1.000000, 1.000000
X 0.999187, -0.024984, -0.031634
Y 0.021197, 0.993156, -0.114860
Z 0.034287, 0.114096, 0.992878

PART 8
OFFSET 15.159802, 0.000000, -6.752720
SCALE 1.000000, 1.000000, 1.000000
X 1.000000, 0.000000, 0.000000
Y 0.000000, 1.000000, 0.000000
Z 0.000000, 0.000000, 1.000000

PART 9
OFFSET 0.000000, 0.000000, 0.000000
SCALE 1.000000, 1.000000, 1.000000
X 0.999989, 0.003170, -0.003422
Y -0.003178, 0.999992, -0.002314
Z 0.003414, 0.002325, 0.999991

PART 10
OFFSET 0.000000, 0.000000, 0.000000
SCALE 1.000000, 1.000000, 1.000000
X 0.999989, 0.003170, -0.003422
Y -0.003178, 0.999992, -0.002314
Z 0.003414, 0.002325, 0.999991

PART 11
OFFSET 11.837868, 7.219563, -8.167716
SCALE 1.000000, 1.000000, 1.000000
X 0.671468, -0.685647, 0.281102
Y -0.729710, -0.545729, 0.411950
Z -0.129047, -0.481735, -0.866763

PART 12
OFFSET 1.502121, -7.272664, -12.797466
SCALE 1.000000, 1.000000, 1.000000
X -0.635413, -0.246695, -0.731704
Y 0.747415, 0.041527, -0.663058
Z 0.193959, -0.968203, 0.157997

PART 13
OFFSET 12.713147, -3.599526, -3.555452
SCALE 1.000000, 1.000000, 1.000000
X 0.999187, -0.024984, -0.031634
Y 0.021197, 0.993156, -0.114860
Z 0.034287, 0.114096, 0.992878

PART 14
OFFSET 19.226752, 1.701181, -4.051708
SCALE 1.000000, 1.000000, 1.000000
X 0.676128, -0.681106, 0.280972
Y 0.137629, 0.491392, 0.859996
Z -0.723815, -0.542798, 0.425984

PART 15
OFFSET 19.052133, 1.027017, -6.641870
SCALE 1.000000, 1.000000, 1.000000
X 0.676128, -0.681106, 0.280972
Y 0.137629, 0.491392, 0.859996
Z -0.723815, -0.542798, 0.425984

PART 16
OFFSET 18.038688, 0.049242, -3.384212
SCALE 1.000000, 1.000000, 1.000000
X 0.676128, -0.681106, 0.280972
Y 0.137629, 0.491392, 0.859996
Z -0.723815, -0.542798, 0.425984

PART 17
OFFSET 17.676476, -0.745772, -4.811186
SCALE 1.000000, 1.000000, 1.000000
X 0.676128, -0.681106, 0.280972
Y 0.137629, 0.491392, 0.859996
Z -0.723815, -0.542798, 0.425984

PART 18
OFFSET 17.371346, -1.127366, -6.354337
SCALE 1.000000, 1.000000, 1.000000
X 0.676128, -0.681106, 0.280972
Y 0.137629, 0.491392, 0.859996
Z -0.723815, -0.542798, 0.425984

PART 19
OFFSET 19.607455, -0.714084, -4.915073
SCALE 1.000000, 1.000000, 1.000000
X 0.956144, -0.234540, 0.175439
Y 0.012707, 0.631635, 0.775162
Z -0.292620, -0.738938, 0.606914

PART 20
OFFSET 17.549037, 1.387932, -5.776878
SCALE 1.000000, 1.000000, 1.000000
X 0.671453, -0.685692, 0.281030
Y 0.235206, 0.556822, 0.796635
Z -0.702730, -0.468803, 0.535158

PART 21
OFFSET 7.278954, -5.519460, -4.156094
SCALE 1.000000, 1.000000, 1.000000
X -0.640462, -0.243972, -0.728207
Y -0.202960, 0.968258, -0.145892
Z 0.740686, 0.054358, -0.669649

PART 22
OFFSET 6.697601, -4.099977, -4.264101
SCALE 1.000000, 1.000000, 1.000000
X -0.640462, -0.243972, -0.728207
Y -0.202960, 0.968258, -0.145892
Z 0.740686, 0.054358, -0.669649

PART 23
OFFSET 7.076702, -3.571891, -5.296315
SCALE 1.000000, 1.000000, 1.000000
X -0.640462, -0.243972, -0.728207
Y -0.202960, 0.968258, -0.145892
Z 0.740686, 0.054358, -0.669649

PART 24
OFFSET 8.854546, -4.418128, -4.330851
SCALE 1.000000, 1.000000, 1.000000
X -0.991283, 0.099903, -0.085886
Y 0.070756, -0.146202, -0.986721
Z -0.111133, -0.984197, 0.137859

PART 25
OFFSET 6.906566, -5.174420, -6.574028
SCALE 1.000000, 1.000000, 1.000000
X -0.635416, -0.246666, -0.731712
Y 0.772153, -0.209197, -0.600014
Z -0.005069, -0.946252, 0.323391

PART 26
OFFSET 15.971322, -4.366044, -0.817617
SCALE 1.000000, 1.000000, 1.000000
X 0.999187, -0.024984, -0.031634
Y 0.021197, 0.993156, -0.114860
Z 0.034287, 0.114096, 0.992878

PART 27
OFFSET 11.584198, -3.216485, -0.453419
SCALE 1.000000, 1.000000, 1.000000
X 0.999187, -0.024984, -0.031634
Y 0.021197, 0.993156, -0.114860
Z 0.034287, 0.114096, 0.992878

PART 28
OFFSET 16.524310, -3.564107, -1.286354
SCALE 1.000000, 1.000000, 1.000000
X 0.002312, -0.748114, 0.663567
Y 0.999187, -0.024975, -0.031638
Z 0.040241, 0.663101, 0.747448

PART 29
OFFSET 35.455278, -3.890641, -1.860287
SCALE 1.000000, 1.000000, 1.000000
X 0.999187, -0.024984, -0.031634
Y 0.021197, 0.993156, -0.114860
Z 0.034287, 0.114096, 0.992878

PART 30
OFFSET 24.390465, -3.362468, 0.649315
SCALE 1.000000, 1.000000, 1.000000
X 0.999187, -0.024984, -0.031634
Y 0.021197, 0.993156, -0.114860
Z 0.034287, 0.114096, 0.992878

PART 31
OFFSET 16.136576, -3.684980, -3.663630
SCALE 1.000000, 1.000000, 1.000000
X 0.999187, -0.024984, -0.031634
Y 0.021197, 0.993156, -0.114860
Z 0.034287, 0.114096, 0.992878

PART 32
OFFSET 23.451464, -0.876946, -3.872435
SCALE 1.000000, 1.000000, 1.000000
X 0.882410, -0.467603, -0.051962
Y -0.344711, -0.717733, 0.605008
Z -0.320198, -0.515953, -0.794522

PART 33
OFFSET 23.283200, -1.669694, -4.623183
SCALE 1.000000, 1.000000, 1.000000
X 0.661523, -0.744006, 0.094036
Y -0.561362, -0.408135, 0.719930
Z -0.497253, -0.529038, -0.687647

PART 34
OFFSET 20.343827, -1.738237, -5.473958
SCALE 1.000000, 1.000000, 1.000000
X 0.696243, -0.716268, 0.046975
Y -0.500921, -0.437958, 0.746506
Z -0.514125, -0.543280, -0.663718

PART 35
OFFSET 20.603412, -1.266859, -5.004987
SCALE 1.000000, 1.000000, 1.000000
X 0.878013, -0.477239, 0.036556
Y -0.411693, -0.714050, 0.566251
Z -0.244135, -0.512226, -0.823422

PART 36
OFFSET 19.929684, -0.513452, -3.838894
SCALE 1.000000, 1.000000, 1.000000
X 0.737630, 0.154891, 0.657199
Y -0.240637, 0.969726, 0.041540
Z -0.630869, -0.188787, 0.752571

PART 37
OFFSET 22.418308, -0.830232, -2.818188
SCALE 1.000000, 1.000000, 1.000000
X 0.815808, -0.548294, 0.183935
Y 0.558086, 0.662981, -0.498996
Z 0.151650, 0.509736, 0.846860

PART 38
OFFSET 21.746958, -2.816413, -3.932302
SCALE 1.000000, 1.000000, 1.000000
X -0.351384, -0.507292, -0.786882
Y 0.292654, 0.738846, -0.607009
Z 0.889316, -0.443578, -0.111158

PART 39
OFFSET 12.622425, -5.062933, -3.200769
SCALE 1.000000, 1.000000, 1.000000
X -0.995575, -0.093742, -0.006559
Y 0.090483, -0.975119, 0.202375
Z -0.025367, 0.200886, 0.979286

PART 40
OFFSET 12.613384, -5.034338, -4.305160
SCALE 1.000000, 1.000000, 1.000000
X -0.298546, -0.895547, 0.329948
Y 0.919533, -0.362490, -0.151854
Z 0.255596, 0.258063, 0.931705

PART 41
OFFSET 9.791576, -4.460343, -5.342591
SCALE 1.000000, 1.000000, 1.000000
X -0.854719, 0.171974, 0.489776
Y -0.086515, -0.977524, 0.192257
Z 0.511831, 0.121952, 0.850386

PART 42
OFFSET 9.947056, -4.522562, -4.648705
SCALE 1.000000, 1.000000, 1.000000
X -0.961040, 0.174509, 0.214358
Y -0.133761, -0.972270, 0.191830
Z 0.241890, 0.155684, 0.957733

PART 43
OFFSET 9.277800, -3.917899, -3.396620
SCALE 1.000000, 1.000000, 1.000000
X -0.753778, -0.618518, -0.221934
Y 0.462427, -0.259317, -0.847889
Z 0.466883, -0.741748, 0.481487

PART 44
OFFSET 4.609477, -4.406240, -3.780078
SCALE 1.000000, 1.000000, 1.000000
X -0.977280, -0.151412, 0.148320
Y -0.179025, 0.964285, -0.195205
Z -0.113467, -0.217323, -0.969482

PART 45
OFFSET 16.107353, -3.414769, -1.332592
SCALE 1.000000, 1.000000, 1.000000
X 0.999187, -0.024984, -0.031634
Y 0.021197, 0.993156, -0.114860
Z 0.034287, 0.114096, 0.992878

PART 46
OFFSET 25.005107, -1.700245, -3.963924
SCALE 1.000000, 1.000000, 1.000000
X 0.570923, -0.799280, 0.187612
Y -0.749946, -0.414716, 0.515355
Z -0.334108, -0.434927, -0.836188

PART 47
OFFSET 24.575528, -3.123159, -4.439478
SCALE 1.000000, 1.000000, 1.000000
X -0.122853, -0.746740, 0.653671
Y -0.833718, 0.434954, 0.340191
Z -0.538351, -0.503184, -0.676006

PART 48
OFFSET 21.921649, -3.322130, -5.180190
SCALE 1.000000, 1.000000, 1.000000
X 0.050974, -0.752425, 0.656703
Y -0.648899, 0.474892, 0.594481
Z -0.759165, -0.456437, -0.464041

PART 49
OFFSET 22.855055, -2.565811, -5.044917
SCALE 1.000000, 1.000000, 1.000000
X 0.354916, -0.881393, 0.311739
Y -0.647901, 0.008502, 0.761677
Z -0.673987, -0.472308, -0.568038

PART 50
OFFSET 21.462349, -0.092932, -2.374706
SCALE 1.000000, 1.000000, 1.000000
X 0.945771, -0.102606, 0.308203
Y -0.066842, 0.867024, 0.493763
