// Export filename: 'E:\01 Ricko0z\CoD World at War MT GCZ\xanim_export\guns\m27\m27_ads_down.xanim_export'
// Source filename: 'D:\01 Ricko0z\01 Waw Tools\Working Gun\M27\01 Escenas\m27_ads_down.mb'
// Export time: Mon Jun 22 2015, 20:37:18

ANIMATION
VERSION 3

NUMPARTS 1
PART 0 "tag_torso"

FRAMERATE 30
NUMFRAMES 18

FRAME 0
PART 0
OFFSET -12.047244, 5.939370, -1.299213
SCALE 1.000000, 1.000000, 1.000000
X 0.999731, 0.000000, 0.023176
Y -0.000000, 1.000000, 0.000000
Z -0.023176, -0.000000, 0.999731

FRAME 1
PART 0
OFFSET -11.949680, 5.861225, -1.300233
SCALE 1.000000, 1.000000, 1.000000
X 0.999738, 0.000000, 0.022871
Y 0.000073, 0.999995, -0.003197
Z -0.022871, 0.003198, 0.999733

FRAME 2
PART 0
OFFSET -11.682551, 5.647267, -1.303027
SCALE 1.000000, 1.000000, 1.000000
X 0.999757, 0.000000, 0.022036
Y 0.000256, 0.999932, -0.011625
Z -0.022035, 0.011628, 0.999690

FRAME 3
PART 0
OFFSET -11.284205, 5.328210, -1.307193
SCALE 1.000000, 1.000000, 1.000000
X 0.999784, 0.000000, 0.020791
Y 0.000490, 0.999723, -0.023540
Z -0.020786, 0.023545, 0.999507

FRAME 4
PART 0
OFFSET -10.792988, 4.934767, -1.312331
SCALE 1.000000, 1.000000, 1.000000
X 0.999815, -0.000000, 0.019256
Y 0.000716, 0.999308, -0.037195
Z -0.019243, 0.037202, 0.999122

FRAME 5
PART 0
OFFSET -10.247246, 4.497652, -1.318039
SCALE 1.000000, 1.000000, 1.000000
X 0.999846, 0.000000, 0.017551
Y 0.000892, 0.998706, -0.050844
Z -0.017528, 0.050852, 0.998552

FRAME 6
PART 0
OFFSET -9.685326, 4.047578, -1.323916
SCALE 1.000000, 1.000000, 1.000000
X 0.999875, 0.000000, 0.015795
Y 0.000991, 0.998029, -0.062743
Z -0.015764, 0.062751, 0.997905

FRAME 7
PART 0
OFFSET -9.145574, 3.615261, -1.329562
SCALE 1.000000, 1.000000, 1.000000
X 0.999900, 0.000000, 0.014108
Y 0.001004, 0.997465, -0.071156
Z -0.014072, 0.071163, 0.997365

FRAME 8
PART 0
OFFSET -8.666337, 3.231414, -1.334574
SCALE 1.000000, 1.000000, 1.000000
X 0.999920, 0.000000, 0.012610
Y 0.000938, 0.997232, -0.074346
Z -0.012575, 0.074352, 0.997153

FRAME 9
PART 0
OFFSET -8.183332, 2.844548, -1.339626
SCALE 1.000000, 1.000000, 1.000000
X 0.999938, 0.000000, 0.011100
Y 0.000797, 0.997419, -0.071802
Z -0.011072, 0.071807, 0.997357

FRAME 10
PART 0
OFFSET -7.629444, 2.400908, -1.345419
SCALE 1.000000, 1.000000, 1.000000
X 0.999956, 0.000000, 0.009369
Y 0.000609, 0.997886, -0.064980
Z -0.009349, 0.064983, 0.997843

FRAME 11
PART 0
OFFSET -7.038773, 1.927807, -1.351597
SCALE 1.000000, 1.000000, 1.000000
X 0.999972, -0.000000, 0.007523
Y 0.000415, 0.998481, -0.055097
Z -0.007512, 0.055099, 0.998453

FRAME 12
PART 0
OFFSET -6.445419, 1.452556, -1.357803
SCALE 1.000000, 1.000000, 1.000000
X 0.999984, 0.000000, 0.005668
Y 0.000246, 0.999059, -0.043372
Z -0.005663, 0.043373, 0.999043

FRAME 13
PART 0
OFFSET -5.883481, 1.002469, -1.363681
SCALE 1.000000, 1.000000, 1.000000
X 0.999992, 0.000000, 0.003912
Y 0.000121, 0.999518, -0.031029
Z -0.003910, 0.031029, 0.999511

FRAME 14
PART 0
OFFSET -5.387060, 0.604858, -1.368873
SCALE 1.000000, 1.000000, 1.000000
X 0.999997, 0.000000, 0.002360
Y 0.000046, 0.999814, -0.019293
Z -0.002360, 0.019293, 0.999811

FRAME 15
PART 0
OFFSET -4.990254, 0.287034, -1.373023
SCALE 1.000000, 1.000000, 1.000000
X 0.999999, 0.000000, 0.001120
Y 0.000011, 0.999956, -0.009392
Z -0.001120, 0.009392, 0.999955

FRAME 16
PART 0
OFFSET -4.727164, 0.076310, -1.375775
SCALE 1.000000, 1.000000, 1.000000
X 1.000000, 0.000000, 0.000298
Y 0.000001, 0.999997, -0.002552
Z -0.000298, 0.002552, 0.999997

FRAME 17
PART 0
OFFSET -4.631890, 0.000000, -1.376772
SCALE 1.000000, 1.000000, 1.000000
X 1.000000, 0.000000, 0.000000
Y 0.000000, 1.000000, 0.000000
Z 0.000000, 0.000000, 1.000000

NOTETRACKS

PART 0
NUMTRACKS 0
