// Export filename: 'H:\01 Ricko0z\CoD World at War MT GCZ\xanim_export\guns\m27\m27_sprint_loop.xanim_export'
// Source filename: 'C:\Users\Ricardo\Desktop\Working Gun\M27\01 Escenas\m27_handed.mb'
// Export time: Mon Jun 22 2015, 12:39:51

ANIMATION
VERSION 3

NUMPARTS 80
PART 0 "tag_view"
PART 1 "tag_ads"
PART 2 "tag_cambone"
PART 3 "tag_torso"
PART 4 "tag_camera"
PART 5 "j_shoulder_le"
PART 6 "j_shoulder_ri"
PART 7 "tag_weapon"
PART 8 "tag_weapon1"
PART 9 "tag_gasmask"
PART 10 "tag_gasmask2"
PART 11 "j_elbow_le"
PART 12 "j_elbow_ri"
PART 13 "j_gun"
PART 14 "j_sleave_reshape_bottom_le_1"
PART 15 "j_sleave_reshape_bottom_le_2"
PART 16 "j_sleave_reshape_top_le_1"
PART 17 "j_sleave_reshape_top_le_2"
PART 18 "j_sleave_reshape_top_le_3"
PART 19 "j_wrist_le"
PART 20 "j_wristtwist_le"
PART 21 "j_sleave_reshape_top_ri_1"
PART 22 "j_sleave_reshape_top_ri_2"
PART 23 "j_sleave_reshape_top_ri_3"
PART 24 "j_wrist_ri"
PART 25 "j_wristtwist_ri"
PART 26 "j_bolt"
PART 27 "j_handle"
PART 28 "tag_brass"
PART 29 "tag_flash"
PART 30 "tag_sights"
PART 31 "tag_clip"
PART 32 "j_index_le_0"
PART 33 "j_mid_le_0"
PART 34 "j_pinkypalm_le"
PART 35 "j_ringpalm_le"
PART 36 "j_thumb_le_0"
PART 37 "j_webbing_le"
PART 38 "tag_knife_attach"
PART 39 "j_index_ri_0"
PART 40 "j_mid_ri_0"
PART 41 "j_pinkypalm_ri"
PART 42 "j_ringpalm_ri"
PART 43 "j_thumb_ri_0"
PART 44 "j_webbing_ri"
PART 45 "tag_bullet"
PART 46 "j_index_le_1"
PART 47 "j_mid_le_1"
PART 48 "j_pinky_le_0"
PART 49 "j_ring_le_0"
PART 50 "j_thumb_le_1"
PART 51 "j_index_ri_1"
PART 52 "j_mid_ri_1"
PART 53 "j_pinky_ri_0"
PART 54 "j_ring_ri_0"
PART 55 "j_thumb_ri_1"
PART 56 "j_index_le_2"
PART 57 "j_mid_le_2"
PART 58 "j_pinky_le_1"
PART 59 "j_ring_le_1"
PART 60 "j_thumb_le_2"
PART 61 "j_index_ri_2"
PART 62 "j_mid_ri_2"
PART 63 "j_pinky_ri_1"
PART 64 "j_ring_ri_1"
PART 65 "j_thumb_ri_2"
PART 66 "j_index_le_3"
PART 67 "j_mid_le_3"
PART 68 "j_pinky_le_2"
PART 69 "j_ring_le_2"
PART 70 "j_thumb_le_3"
PART 71 "j_index_ri_3"
PART 72 "j_mid_ri_3"
PART 73 "j_pinky_ri_2"
PART 74 "j_ring_ri_2"
PART 75 "j_thumb_ri_3"
PART 76 "j_pinky_le_3"
PART 77 "j_ring_le_3"
PART 78 "j_pinky_ri_3"
PART 79 "j_ring_ri_3"

FRAMERATE 30
NUMFRAMES 31

FRAME 0
PART 0
OFFSET 0.000000, 0.000000, 0.000000
SCALE 1.000000, 1.000000, 1.000000
X 1.000000, 0.000000, 0.000000
Y 0.000000, 1.000000, 0.000000
Z 0.000000, 0.000000, 1.000000

PART 1
OFFSET 0.000000, 0.000000, 0.000000
SCALE 1.000000, 1.000000, 1.000000
X 1.000000, 0.000000, 0.000000
Y 0.000000, 1.000000, 0.000000
Z 0.000000, 0.000000, 1.000000

PART 2
OFFSET 0.000000, 0.000000, 0.000000
SCALE 1.000000, 1.000000, 1.000000
X 1.000000, 0.000000, 0.000000
Y 0.000000, 1.000000, 0.000000
Z 0.000000, 0.000000, 1.000000

PART 3
OFFSET 0.000000, 0.000000, 0.000000
SCALE 1.000000, 1.000000, 1.000000
X 1.000000, 0.000000, 0.000000
Y 0.000000, 1.000000, 0.000000
Z 0.000000, 0.000000, 1.000000

PART 4
OFFSET 0.000000, 0.000000, 0.000000
SCALE 1.000000, 1.000000, 1.000000
X 1.000000, 0.000000, 0.000000
Y 0.000000, 1.000000, 0.000000
Z 0.000000, 0.000000, 1.000000

PART 5
OFFSET 0.462600, 4.302200, -5.020600
SCALE 1.000000, 1.000000, 1.000000
X 0.711840, 0.530602, -0.460158
Y 0.123892, -0.739766, -0.661360
Z -0.691328, 0.413773, -0.592332

PART 6
OFFSET -5.186300, -6.970500, -2.725900
SCALE 1.000000, 1.000000, 1.000000
X -0.559192, 0.014857, 0.828905
Y -0.204623, -0.971379, -0.120631
Z 0.803389, -0.237069, 0.546227

PART 7
OFFSET 11.494987, -1.129100, -5.324814
SCALE 1.000000, 1.000000, 1.000000
X 0.847214, 0.409299, -0.338679
Y -0.529871, 0.605086, -0.594229
Z -0.038288, 0.682895, 0.729513

PART 8
OFFSET 15.159802, 0.000000, -6.752720
SCALE 1.000000, 1.000000, 1.000000
X 1.000000, 0.000000, 0.000000
Y 0.000000, 1.000000, 0.000000
Z 0.000000, 0.000000, 1.000000

PART 9
OFFSET 0.000000, 0.000000, 0.000000
SCALE 1.000000, 1.000000, 1.000000
X 1.000000, 0.000000, 0.000000
Y 0.000000, 1.000000, 0.000000
Z 0.000000, 0.000000, 1.000000

PART 10
OFFSET 0.000000, 0.000000, 0.000000
SCALE 1.000000, 1.000000, 1.000000
X 1.000000, 0.000000, 0.000000
Y 0.000000, 1.000000, 0.000000
Z 0.000000, 0.000000, 1.000000

PART 11
OFFSET 9.071500, 10.719363, -10.585606
SCALE 1.000000, 1.000000, 1.000000
X 0.696806, -0.702157, 0.146413
Y -0.673820, -0.570864, 0.469127
Z -0.245819, -0.425547, -0.870909

PART 12
OFFSET 1.576382, -7.150281, -12.750686
SCALE 1.000000, 1.000000, 1.000000
X -0.618540, -0.284673, -0.732373
Y 0.750301, 0.062833, -0.658104
Z 0.233362, -0.956563, 0.174725

PART 13
OFFSET 11.494987, -1.129100, -5.324814
SCALE 1.000000, 1.000000, 1.000000
X 0.847214, 0.409299, -0.338679
Y -0.529871, 0.605086, -0.594229
Z -0.038288, 0.682895, 0.729513

PART 14
OFFSET 16.890040, 4.953115, -7.818870
SCALE 1.000000, 1.000000, 1.000000
X 0.701504, -0.697567, 0.145916
Y 0.253576, 0.435665, 0.863653
Z -0.666026, -0.568855, 0.482507

PART 15
OFFSET 16.371391, 4.441043, -10.416887
SCALE 1.000000, 1.000000, 1.000000
X 0.701504, -0.697567, 0.145916
Y 0.253576, 0.435665, 0.863653
Z -0.666026, -0.568855, 0.482507

PART 16
OFFSET 15.791671, 3.266240, -7.111380
SCALE 1.000000, 1.000000, 1.000000
X 0.701504, -0.697567, 0.145916
Y 0.253576, 0.435665, 0.863653
Z -0.666026, -0.568855, 0.482507

PART 17
OFFSET 15.238255, 2.562134, -8.532524
SCALE 1.000000, 1.000000, 1.000000
X 0.701504, -0.697567, 0.145916
Y 0.253576, 0.435665, 0.863653
Z -0.666026, -0.568855, 0.482507

PART 18
OFFSET 14.715099, 2.262934, -10.051259
SCALE 1.000000, 1.000000, 1.000000
X 0.701504, -0.697567, 0.145916
Y 0.253576, 0.435665, 0.863653
Z -0.666026, -0.568855, 0.482507

PART 19
OFFSET 17.134392, 2.594558, -8.891435
SCALE 1.000000, 1.000000, 1.000000
X 0.904389, 0.424495, -0.043413
Y -0.422455, 0.905057, 0.049025
Z 0.060103, -0.025998, 0.997854

PART 20
OFFSET 14.998194, 4.747159, -9.340292
SCALE 1.000000, 1.000000, 1.000000
X 0.696850, -0.702117, 0.146397
Y 0.711600, 0.702332, -0.018850
Z -0.089584, 0.117312, 0.989046

PART 21
OFFSET 7.151589, -5.023996, -4.048978
SCALE 1.000000, 1.000000, 1.000000
X -0.623748, -0.282156, -0.728921
Y -0.242544, 0.956406, -0.162664
Z 0.743041, 0.075334, -0.664992

PART 22
OFFSET 6.564432, -3.714724, -4.196981
SCALE 1.000000, 1.000000, 1.000000
X -0.623748, -0.282156, -0.728921
Y -0.242544, 0.956406, -0.162664
Z 0.743041, 0.075334, -0.664992

PART 23
OFFSET 6.916981, -3.184846, -5.224976
SCALE 1.000000, 1.000000, 1.000000
X -0.623748, -0.282156, -0.728921
Y -0.242544, 0.956406, -0.162664
Z 0.743041, 0.075334, -0.664992

PART 24
OFFSET 8.733446, -3.856214, -4.276456
SCALE 1.000000, 1.000000, 1.000000
X -0.881390, -0.425682, 0.204807
Y 0.143161, -0.653870, -0.742940
Z 0.450173, -0.625499, 0.637256

PART 25
OFFSET 6.837240, -4.729058, -6.521645
SCALE 1.000000, 1.000000, 1.000000
X -0.618540, -0.284673, -0.732373
Y 0.772660, -0.050912, -0.632775
Z 0.142847, -0.957272, 0.251446

PART 26
OFFSET 14.624362, 1.439551, -3.805593
SCALE 1.000000, 1.000000, 1.000000
X 0.847214, 0.409299, -0.338679
Y -0.529871, 0.605086, -0.594229
Z -0.038288, 0.682895, 0.729513

PART 27
OFFSET 10.329842, 0.471918, -2.655911
SCALE 1.000000, 1.000000, 1.000000
X 0.847214, 0.409299, -0.338679
Y -0.529871, 0.605086, -0.594229
Z -0.038288, 0.682895, 0.729513

PART 28
OFFSET 14.644905, 1.942776, -4.762126
SCALE 1.000000, 1.000000, 1.000000
X 0.412098, -0.103976, 0.905188
Y 0.847208, 0.409303, -0.338687
Z -0.335281, 0.906455, 0.256762

PART 29
OFFSET 30.615410, 9.810819, -11.231629
SCALE 1.000000, 1.000000, 1.000000
X 0.847214, 0.409299, -0.338679
Y -0.529871, 0.605086, -0.594229
Z -0.038288, 0.682895, 0.729513

PART 30
OFFSET 21.086210, 6.732518, -5.872005
SCALE 1.000000, 1.000000, 1.000000
X 0.847214, 0.409299, -0.338679
Y -0.529871, 0.605086, -0.594229
Z -0.038288, 0.682895, 0.729513

PART 31
OFFSET 14.396860, 0.272831, -6.484855
SCALE 1.000000, 1.000000, 1.000000
X 0.847214, 0.409299, -0.338679
Y -0.529871, 0.605086, -0.594229
Z -0.038288, 0.682895, 0.729513

PART 32
OFFSET 20.317414, 4.940921, -9.394492
SCALE 1.000000, 1.000000, 1.000000
X 0.959707, -0.202841, 0.194467
Y -0.169180, 0.135482, 0.976229
Z -0.224366, -0.969794, 0.095706

PART 33
OFFSET 20.690039, 3.909141, -9.264030
SCALE 1.000000, 1.000000, 1.000000
X 0.770078, -0.138874, 0.622651
Y -0.573016, 0.278442, 0.770794
Z -0.280415, -0.950360, 0.134845

PART 34
OFFSET 18.364189, 1.979453, -8.778965
SCALE 1.000000, 1.000000, 1.000000
X 0.945417, 0.008254, 0.325759
Y -0.322523, 0.166461, 0.931810
Z -0.046535, -0.986013, 0.160038

PART 35
OFFSET 18.273954, 2.677884, -8.895313
SCALE 1.000000, 1.000000, 1.000000
X 0.983154, 0.151767, 0.101856
Y -0.088470, -0.092503, 0.991774
Z 0.159940, -0.984078, -0.077518

PART 36
OFFSET 17.158243, 3.648246, -8.453928
SCALE 1.000000, 1.000000, 1.000000
X 0.605501, 0.794072, -0.053082
Y -0.626553, 0.434511, -0.647017
Z -0.490714, 0.425029, 0.760625

PART 37
OFFSET 19.283749, 5.326279, -8.412585
SCALE 1.000000, 1.000000, 1.000000
X 0.949360, 0.217174, 0.227049
Y 0.188733, 0.183556, -0.964721
Z -0.251189, 0.958719, 0.133273

PART 38
OFFSET 19.905602, 3.218087, -7.514940
SCALE 1.000000, 1.000000, 1.000000
X 0.073902, -0.996805, -0.030301
Y -0.060072, 0.025880, -0.997859
Z 0.995455, 0.075564, -0.057967

PART 39
OFFSET 12.227092, -1.936859, -4.277308
SCALE 1.000000, 1.000000, 1.000000
X -0.778451, -0.509752, 0.366287
Y 0.612912, -0.491335, 0.618813
Z -0.135471, 0.706218, 0.694913

PART 40
OFFSET 12.207718, -2.579404, -5.175757
SCALE 1.000000, 1.000000, 1.000000
X 0.244209, -0.535371, 0.808542
Y 0.967381, 0.076591, -0.241470
Z 0.067349, 0.841137, 0.536612

PART 41
OFFSET 9.541614, -4.069761, -5.374075
SCALE 1.000000, 1.000000, 1.000000
X -0.809323, 0.026304, 0.586775
Y 0.466711, -0.577743, 0.669622
Z 0.356619, 0.815795, 0.455304

PART 42
OFFSET 9.703164, -3.628949, -4.836364
SCALE 1.000000, 1.000000, 1.000000
X -0.898422, -0.183470, 0.398969
Y 0.424495, -0.595469, 0.682071
Z 0.112434, 0.782148, 0.612865

PART 43
OFFSET 8.806932, -2.776934, -3.913285
SCALE 1.000000, 1.000000, 1.000000
X -0.286355, -0.881316, 0.375877
Y 0.531711, -0.472525, -0.702854
Z 0.797047, -0.001408, 0.603915

PART 44
OFFSET 5.185416, -5.410173, -2.454277
SCALE 1.000000, 1.000000, 1.000000
X -0.731773, -0.447999, 0.513619
Y -0.680940, 0.448769, -0.578729
Z 0.028774, -0.773242, -0.633458

PART 45
OFFSET 14.214173, 1.828821, -4.737535
SCALE 1.000000, 1.000000, 1.000000
X 0.847214, 0.409299, -0.338679
Y -0.529871, 0.605086, -0.594229
Z -0.038288, 0.682895, 0.729513

PART 46
OFFSET 22.007128, 4.583789, -9.052103
SCALE 1.000000, 1.000000, 1.000000
X 0.602737, -0.153187, 0.783098
Y -0.757852, 0.197255, 0.621893
Z -0.249736, -0.968310, 0.002800

PART 47
OFFSET 22.194458, 3.637838, -8.047623
SCALE 1.000000, 1.000000, 1.000000
X -0.401737, 0.252678, 0.880205
Y -0.855628, 0.238975, -0.459121
Z -0.326357, -0.937574, 0.120193

PART 48
OFFSET 20.455582, 2.162021, -7.956065
SCALE 1.000000, 1.000000, 1.000000
X -0.078641, 0.293434, 0.952739
Y -0.872332, 0.442348, -0.208243
Z -0.482548, -0.847481, 0.221185

PART 49
OFFSET 20.851308, 2.927622, -8.664348
SCALE 1.000000, 1.000000, 1.000000
X 0.459805, -0.017004, 0.887857
Y -0.787308, 0.454669, 0.416440
Z -0.410762, -0.890498, 0.195672

PART 50
OFFSET 18.375027, 5.428818, -8.590752
SCALE 1.000000, 1.000000, 1.000000
X 0.914296, 0.390677, -0.106929
Y -0.399849, 0.828392, -0.392285
Z -0.064678, 0.401420, 0.913607

PART 51
OFFSET 13.597708, -1.039341, -4.922228
SCALE 1.000000, 1.000000, 1.000000
X -0.811835, -0.480286, 0.332038
Y 0.560141, -0.480105, 0.675086
Z -0.164821, 0.734046, 0.658794

PART 52
OFFSET 11.730645, -1.533535, -6.755276
SCALE 1.000000, 1.000000, 1.000000
X 0.994667, -0.028297, -0.099181
Y -0.071416, 0.504838, -0.860255
Z 0.074413, 0.862750, 0.500125

PART 53
OFFSET 11.354727, -3.939190, -6.708305
SCALE 1.000000, 1.000000, 1.000000
X 0.281884, -0.722304, 0.631521
Y 0.883446, -0.061349, -0.464500
Z 0.374253, 0.688849, 0.620823

PART 54
OFFSET 12.027568, -3.282113, -5.947853
SCALE 1.000000, 1.000000, 1.000000
X 0.238846, -0.573633, 0.783516
Y 0.927875, -0.103121, -0.358349
Z 0.286358, 0.812595, 0.507630

PART 55
OFFSET 9.327439, -0.827872, -4.687832
SCALE 1.000000, 1.000000, 1.000000
X -0.788277, -0.118432, 0.603816
Y 0.101167, -0.992893, -0.062674
Z 0.606947, 0.011682, 0.794656

PART 56
OFFSET 22.755048, 4.456382, -8.100259
SCALE 1.000000, 1.000000, 1.000000
X -0.055400, 0.121523, 0.991041
Y -0.980015, 0.183306, -0.077261
Z -0.191053, -0.975516, 0.108939

PART 57
OFFSET 21.607665, 4.006910, -6.761958
SCALE 1.000000, 1.000000, 1.000000
X -0.385417, 0.219260, 0.896314
Y -0.852205, 0.287897, -0.436877
Z -0.353836, -0.932223, 0.075895

PART 58
OFFSET 20.344244, 2.577455, -6.607209
SCALE 1.000000, 1.000000, 1.000000
X -0.642843, 0.533540, 0.549626
Y -0.608972, 0.079284, -0.789219
Z -0.464656, -0.842051, 0.273943

PART 59
OFFSET 21.634123, 2.898673, -7.152775
SCALE 1.000000, 1.000000, 1.000000
X -0.612285, 0.428398, 0.664516
Y -0.687271, 0.127106, -0.715194
Z -0.390851, -0.894606, 0.216600

PART 60
OFFSET 19.867628, 6.055076, -8.637661
SCALE 1.000000, 1.000000, 1.000000
X 0.818162, 0.568075, -0.088892
Y -0.538093, 0.701972, -0.466573
Z -0.202649, 0.429565, 0.880004

PART 61
OFFSET 14.574652, -0.410843, -5.285858
SCALE 1.000000, 1.000000, 1.000000
X -0.870965, -0.454101, 0.187650
Y 0.444378, -0.565054, 0.695156
Z -0.209639, 0.688844, 0.693935

PART 62
OFFSET 10.277818, -1.492204, -6.610411
SCALE 1.000000, 1.000000, 1.000000
X 0.708071, 0.294804, -0.641659
Y -0.704763, 0.351789, -0.616079
Z 0.044106, 0.888445, 0.456858

PART 63
OFFSET 10.955639, -2.916561, -7.602404
SCALE 1.000000, 1.000000, 1.000000
X 0.927337, -0.314667, -0.202562
Y 0.076394, 0.689057, -0.720669
Z 0.366347, 0.652828, 0.663027

PART 64
OFFSET 11.620928, -2.305492, -7.281805
SCALE 1.000000, 1.000000, 1.000000
X 0.957080, -0.205620, -0.204251
Y -0.053750, 0.566588, -0.822246
Z 0.284796, 0.797934, 0.531218

PART 65
OFFSET 10.538063, -0.697228, -5.755308
SCALE 1.000000, 1.000000, 1.000000
X -0.624453, 0.432905, 0.650117
Y -0.328038, -0.900741, 0.284705
Z 0.708837, -0.035478, 0.704479

PART 66
OFFSET 22.692472, 4.593647, -6.980839
SCALE 1.000000, 1.000000, 1.000000
X 0.848837, -0.479648, -0.222293
Y -0.215273, 0.070434, -0.974011
Z 0.482840, 0.874629, -0.043468

PART 67
OFFSET 21.169221, 4.248439, -5.745961
SCALE 1.000000, 1.000000, 1.000000
X 0.862557, -0.292230, -0.413033
Y -0.429220, 0.009596, -0.903149
Z 0.267891, 0.956300, -0.117154

PART 68
OFFSET 19.774281, 3.050506, -6.119895
SCALE 1.000000, 1.000000, 1.000000
X -0.579148, 0.507561, 0.637941
Y -0.645107, 0.193101, -0.739290
Z -0.498422, -0.839699, 0.215597

PART 69
OFFSET 20.785564, 3.492385, -6.231829
SCALE 1.000000, 1.000000, 1.000000
X -0.614061, 0.422641, 0.666562
Y -0.687585, 0.128178, -0.714701
Z -0.387500, -0.897187, 0.211893

PART 70
OFFSET 20.733977, 6.701018, -8.701436
SCALE 1.000000, 1.000000, 1.000000
X 0.623225, 0.288056, -0.727058
Y -0.157505, -0.864407, -0.477485
Z -0.766017, 0.412096, -0.493350

PART 71
OFFSET 15.558397, 0.102059, -5.497806
SCALE 1.000000, 1.000000, 1.000000
X -0.176629, 0.851552, -0.493621
Y 0.983827, 0.167919, -0.062357
Z 0.029788, -0.496652, -0.867439

PART 72
OFFSET 9.475072, -1.832106, -5.887312
SCALE 1.000000, 1.000000, 1.000000
X -0.095695, -0.506002, 0.857207
Y -0.988964, 0.146180, -0.024115
Z -0.113104, -0.850055, -0.514407

PART 73
OFFSET 10.133452, -2.637574, -7.422810
SCALE 1.000000, 1.000000, 1.000000
X 0.620958, 0.311062, -0.719480
Y -0.695158, 0.642644, -0.322124
Z 0.362169, 0.700178, 0.615292

PART 74
OFFSET 10.294532, -2.020528, -6.998737
SCALE 1.000000, 1.000000, 1.000000
X 0.727236, 0.186735, -0.660498
Y -0.627226, 0.571623, -0.528994
Z 0.278774, 0.798985, 0.532829

PART 75
OFFSET 11.186469, -1.148445, -6.495421
SCALE 1.000000, 1.000000, 1.000000
X -0.983878, 0.156755, 0.086087
Y -0.079720, 0.046469, -0.995734
Z -0.160087, -0.986544, -0.033223

PART 76
OFFSET 19.224075, 3.532703, -5.513834
SCALE 1.000000, 1.000000, 1.000000
X 0.919750, -0.388644, -0.054918
Y -0.177489, -0.287021, -0.941338
Z 0.350083, 0.875542, -0.332968

PART 77
OFFSET 20.119604, 3.950746, -5.508932
SCALE 1.000000, 1.000000, 1.000000
X 0.876213, -0.464791, -0.127354
Y -0.194400, -0.099078, -0.975906
Z 0.440975, 0.879859, -0.177169

PART 78
OFFSET 9.543514, -2.933097, -6.739272
SCALE 1.000000, 1.000000, 1.000000
X -0.090901, -0.742323, 0.663847
Y -0.878566, 0.373643, 0.297510
Z -0.468890, -0.556189, -0.686145

PART 79
OFFSET 9.505831, -2.223045, -6.282415
SCALE 1.000000, 1.000000, 1.000000
X -0.224029, -0.440612, 0.869294
Y -0.942036, 0.326488, -0.077291
Z -0.249759, -0.836222, -0.488215

FRAME 1
PART 0
OFFSET 0.000000, 0.000000, 0.000000
SCALE 1.000000, 1.000000, 1.000000
X 1.000000, 0.000000, 0.000000
Y 0.000000, 1.000000, 0.000000
Z 0.000000, 0.000000, 1.000000

PART 1
OFFSET 0.000000, 0.000000, 0.000000
SCALE 1.000000, 1.000000, 1.000000
X 1.000000, 0.000000, 0.000000
Y 0.000000, 1.000000, 0.000000
Z 0.000000, 0.000000, 1.000000

PART 2
OFFSET 0.000000, 0.000000, 0.000000
SCALE 1.000000, 1.000000, 1.000000
X 1.000000, 0.000000, 0.000000
Y 0.000000, 1.000000, 0.000000
Z 0.000000, 0.000000, 1.000000

PART 3
OFFSET 0.000000, 0.000000, 0.000000
SCALE 1.000000, 1.000000, 1.000000
X 1.000000, 0.000000, 0.000000
Y 0.000000, 1.000000, 0.000000
Z 0.000000, 0.000000, 1.000000

PART 4
OFFSET 0.000000, 0.000000, 0.000000
SCALE 1.000000, 1.000000, 1.000000
X 1.000000, 0.000000, 0.000000
Y 0.000000, 1.000000, 0.000000
Z 0.000000, 0.000000, 1.000000

PART 5
OFFSET 0.462600, 4.302200, -5.020600
SCALE 1.000000, 1.000000, 1.000000
X 0.716943, 0.525056, -0.458596
Y 0.120608, -0.741331, -0.660214
Z -0.686620, 0.418025, -0.594817

PART 6
OFFSET -5.186300, -6.970500, -2.725900
SCALE 1.000000, 1.000000, 1.000000
X -0.563781, 0.020234, 0.825676
Y -0.236229, -0.961887, -0.137729
Z 0.791421, -0.272698, 0.547073

PART 7
OFFSET 11.523191, -1.485108, -5.212461
SCALE 1.000000, 1.000000, 1.000000
X 0.834257, 0.436332, -0.337089
Y -0.546904, 0.577129, -0.606480
Z -0.070083, 0.690316, 0.720106

PART 8
OFFSET 15.159802, 0.000000, -6.752720
SCALE 1.000000, 1.000000, 1.000000
X 1.000000, 0.000000, 0.000000
Y 0.000000, 1.000000, 0.000000
Z 0.000000, 0.000000, 1.000000

PART 9
OFFSET 0.000000, 0.000000, 0.000000
SCALE 1.000000, 1.000000, 1.000000
X 1.000000, 0.000000, 0.000000
Y 0.000000, 1.000000, 0.000000
Z 0.000000, 0.000000, 1.000000

PART 10
OFFSET 0.000000, 0.000000, 0.000000
SCALE 1.000000, 1.000000, 1.000000
X 1.000000, 0.000000, 0.000000
Y 0.000000, 1.000000, 0.000000
Z 0.000000, 0.000000, 1.000000

PART 11
OFFSET 9.133213, 10.652288, -10.566706
SCALE 1.000000, 1.000000, 1.000000
X 0.684202, -0.712810, 0.154171
Y -0.686490, -0.558134, 0.466067
Z -0.246169, -0.424721, -0.871214

PART 12
OFFSET 1.631881, -7.215295, -12.711641
SCALE 1.000000, 1.000000, 1.000000
X -0.622916, -0.251873, -0.740632
Y 0.756262, 0.048289, -0.652484
Z 0.200108, -0.966555, 0.160402

PART 13
OFFSET 11.523191, -1.485108, -5.212461
SCALE 1.000000, 1.000000, 1.000000
X 0.834257, 0.436332, -0.337089
Y -0.546904, 0.577129, -0.606480
Z -0.070083, 0.690316, 0.720106

PART 14
OFFSET 16.836203, 4.770361, -7.720501
SCALE 1.000000, 1.000000, 1.000000
X 0.688978, -0.708299, 0.153693
Y 0.254143, 0.434685, 0.863979
Z -0.678764, -0.556203, 0.479497

PART 15
OFFSET 16.328768, 4.257170, -10.320511
SCALE 1.000000, 1.000000, 1.000000
X 0.688978, -0.708299, 0.153693
Y 0.254143, 0.434685, 0.863979
Z -0.678764, -0.556203, 0.479497

PART 16
OFFSET 15.705334, 3.104130, -7.015297
SCALE 1.000000, 1.000000, 1.000000
X 0.688978, -0.708299, 0.153693
Y 0.254143, 0.434685, 0.863979
Z -0.678764, -0.556203, 0.479497

PART 17
OFFSET 15.151214, 2.403841, -8.438052
SCALE 1.000000, 1.000000, 1.000000
X 0.688978, -0.708299, 0.153693
Y 0.254143, 0.434685, 0.863979
Z -0.678764, -0.556203, 0.479497

PART 18
OFFSET 14.634651, 2.107551, -9.959612
SCALE 1.000000, 1.000000, 1.000000
X 0.688978, -0.708299, 0.153693
Y 0.254143, 0.434685, 0.863979
Z -0.678764, -0.556203, 0.479497

PART 19
OFFSET 17.050260, 2.404210, -8.782764
SCALE 1.000000, 1.000000, 1.000000
X 0.888191, 0.457601, -0.041439
Y -0.456493, 0.889089, 0.033679
Z 0.052254, -0.010997, 0.998573

PART 20
OFFSET 14.952703, 4.589471, -9.255405
SCALE 1.000000, 1.000000, 1.000000
X 0.684158, -0.712850, 0.154186
Y 0.723855, 0.689536, -0.023971
Z -0.089229, 0.128009, 0.987751

PART 21
OFFSET 7.214671, -5.418485, -3.940036
SCALE 1.000000, 1.000000, 1.000000
X -0.628060, -0.249239, -0.737170
Y -0.209369, 0.966510, -0.148400
Z 0.749470, 0.061136, -0.659210

PART 22
OFFSET 6.675706, -4.095793, -4.070083
SCALE 1.000000, 1.000000, 1.000000
X -0.628060, -0.249239, -0.737170
Y -0.209369, 0.966510, -0.148400
Z 0.749470, 0.061136, -0.659210

PART 23
OFFSET 7.051408, -3.561272, -5.086277
SCALE 1.000000, 1.000000, 1.000000
X -0.628060, -0.249239, -0.737170
Y -0.209369, 0.966510, -0.148400
Z 0.749470, 0.061136, -0.659210

PART 24
OFFSET 8.839588, -4.300750, -4.141845
SCALE 1.000000, 1.000000, 1.000000
X -0.866923, -0.455930, 0.201423
Y 0.175355, -0.657251, -0.732988
Z 0.466577, -0.600124, 0.649736

PART 25
OFFSET 6.929961, -5.073042, -6.412355
SCALE 1.000000, 1.000000, 1.000000
X -0.622916, -0.251873, -0.740632
Y 0.771442, -0.040669, -0.634999
Z 0.129818, -0.966905, 0.219639

PART 26
OFFSET 14.541206, 1.218222, -3.701638
SCALE 1.000000, 1.000000, 1.000000
X 0.834257, 0.436332, -0.337089
Y -0.546904, 0.577129, -0.606480
Z -0.070083, 0.690316, 0.720106

PART 27
OFFSET 10.275968, 0.105392, -2.574543
SCALE 1.000000, 1.000000, 1.000000
X 0.834257, 0.436332, -0.337089
Y -0.546904, 0.577129, -0.606480
Z -0.070083, 0.690316, 0.720106

PART 28
OFFSET 14.551260, 1.709510, -4.664523
SCALE 1.000000, 1.000000, 1.000000
X 0.407813, -0.076818, 0.909828
Y 0.834252, 0.436336, -0.337097
Z -0.371096, 0.896499, 0.242029

PART 29
OFFSET 30.272575, 10.085927, -11.106065
SCALE 1.000000, 1.000000, 1.000000
X 0.834257, 0.436332, -0.337089
Y -0.546904, 0.577129, -0.606480
Z -0.070083, 0.690316, 0.720106

PART 30
OFFSET 20.818712, 6.722324, -5.784619
SCALE 1.000000, 1.000000, 1.000000
X 0.834257, 0.436332, -0.337089
Y -0.546904, 0.577129, -0.606480
Z -0.070083, 0.690316, 0.720106

PART 31
OFFSET 14.380685, 0.009417, -6.367058
SCALE 1.000000, 1.000000, 1.000000
X 0.834257, 0.436332, -0.337089
Y -0.546904, 0.577129, -0.606480
Z -0.070083, 0.690316, 0.720106

PART 32
OFFSET 20.147412, 4.861954, -9.289970
SCALE 1.000000, 1.000000, 1.000000
X 0.964887, -0.164128, 0.205072
Y -0.182720, 0.141462, 0.972935
Z -0.188696, -0.976243, 0.106505

PART 33
OFFSET 20.557282, 3.846656, -9.142941
SCALE 1.000000, 1.000000, 1.000000
X 0.769234, -0.101880, 0.630792
Y -0.589808, 0.266510, 0.762299
Z -0.245776, -0.958432, 0.144919

PART 34
OFFSET 18.301209, 1.837249, -8.652045
SCALE 1.000000, 1.000000, 1.000000
X 0.941541, 0.047937, 0.333470
Y -0.336720, 0.166087, 0.926841
Z -0.010955, -0.984945, 0.172519

PART 35
OFFSET 18.185889, 2.530255, -8.778258
SCALE 1.000000, 1.000000, 1.000000
X 0.975842, 0.189901, 0.108033
Y -0.093662, -0.083112, 0.992129
Z 0.197385, -0.978279, -0.063317

PART 36
OFFSET 17.030755, 3.463541, -8.358883
SCALE 1.000000, 1.000000, 1.000000
X 0.575759, 0.815529, -0.058421
Y -0.636681, 0.402369, -0.657827
Z -0.512970, 0.415946, 0.750900

PART 37
OFFSET 19.091433, 5.220673, -8.321809
SCALE 1.000000, 1.000000, 1.000000
X 0.938520, 0.255582, 0.232075
Y 0.190201, 0.178206, -0.965436
Z -0.288106, 0.950221, 0.118638

PART 38
OFFSET 19.783939, 3.148961, -7.391549
SCALE 1.000000, 1.000000, 1.000000
X 0.111471, -0.993628, -0.016655
Y -0.052219, 0.010880, -0.998576
Z 0.992395, 0.112182, -0.050673

PART 39
OFFSET 12.258680, -2.251552, -4.132378
SCALE 1.000000, 1.000000, 1.000000
X -0.762608, -0.534047, 0.364996
Y 0.624359, -0.460176, 0.631200
Z -0.169128, 0.709247, 0.684371

PART 40
OFFSET 12.272831, -2.905540, -5.022631
SCALE 1.000000, 1.000000, 1.000000
X 0.255593, -0.515672, 0.817774
Y 0.966314, 0.109889, -0.232725
Z 0.030145, 0.849710, 0.526388

PART 41
OFFSET 9.666672, -4.497448, -5.228467
SCALE 1.000000, 1.000000, 1.000000
X -0.815858, 0.003181, 0.578244
Y 0.480973, -0.551379, 0.681649
Z 0.321000, 0.834249, 0.448317

PART 42
OFFSET 9.805937, -4.044194, -4.694882
SCALE 1.000000, 1.000000, 1.000000
X -0.895057, -0.212124, 0.392271
Y 0.439323, -0.570523, 0.693901
Z 0.076606, 0.793414, 0.603842

PART 43
OFFSET 8.868765, -3.215020, -3.791879
SCALE 1.000000, 1.000000, 1.000000
X -0.257063, -0.886697, 0.384301
Y 0.556395, -0.460939, -0.691347
Z 0.790154, 0.036103, 0.611844

PART 44
OFFSET 5.333337, -5.964140, -2.335476
SCALE 1.000000, 1.000000, 1.000000
X -0.719827, -0.468748, 0.511981
Y -0.691162, 0.415586, -0.591255
Z 0.064377, -0.779463, -0.623131

PART 45
OFFSET 14.124883, 1.579837, -4.641963
SCALE 1.000000, 1.000000, 1.000000
X 0.834257, 0.436332, -0.337089
Y -0.546904, 0.577129, -0.606480
Z -0.070083, 0.690316, 0.720106

PART 46
OFFSET 21.846246, 4.572982, -8.928908
SCALE 1.000000, 1.000000, 1.000000
X 0.601142, -0.120427, 0.790016
Y -0.770154, 0.176542, 0.612940
Z -0.213285, -0.976898, 0.013379

PART 47
OFFSET 22.060053, 3.647624, -7.910628
SCALE 1.000000, 1.000000, 1.000000
X -0.418652, 0.248600, 0.873458
Y -0.859911, 0.200772, -0.469302
Z -0.292034, -0.947570, 0.129720

PART 48
OFFSET 20.376971, 2.108776, -7.814246
SCALE 1.000000, 1.000000, 1.000000
X -0.097962, 0.302393, 0.948136
Y -0.886431, 0.406555, -0.221251
Z -0.452375, -0.862132, 0.228224

PART 49
OFFSET 20.749941, 2.879619, -8.529162
SCALE 1.000000, 1.000000, 1.000000
X 0.452291, 0.011612, 0.891795
Y -0.807428, 0.430027, 0.403903
Z -0.378806, -0.902742, 0.203873

PART 50
OFFSET 18.181109, 5.286703, -8.508849
SCALE 1.000000, 1.000000, 1.000000
X 0.899917, 0.423373, -0.104422
Y -0.427148, 0.807708, -0.406389
Z -0.087712, 0.410320, 0.907714

PART 51
OFFSET 13.601401, -1.311257, -4.775026
SCALE 1.000000, 1.000000, 1.000000
X -0.796711, -0.506288, 0.330037
Y 0.570616, -0.450237, 0.686792
Z -0.199119, 0.735499, 0.647605

PART 52
OFFSET 11.773520, -1.898154, -6.620186
SCALE 1.000000, 1.000000, 1.000000
X 0.996015, 0.007886, -0.088831
Y -0.081244, 0.491014, -0.867355
Z 0.036778, 0.871116, 0.489698

PART 53
OFFSET 11.487531, -4.315468, -6.546023
SCALE 1.000000, 1.000000, 1.000000
X 0.302103, -0.703252, 0.643561
Y 0.889953, -0.033884, -0.454791
Z 0.341639, 0.710133, 0.615625

PART 54
OFFSET 12.127257, -3.624112, -5.787385
SCALE 1.000000, 1.000000, 1.000000
X 0.251931, -0.554418, 0.793191
Y 0.934799, -0.072626, -0.347672
Z 0.250362, 0.829063, 0.499973

PART 55
OFFSET 9.323981, -1.257588, -4.586195
SCALE 1.000000, 1.000000, 1.000000
X -0.789583, -0.140438, 0.597357
Y 0.138952, -0.989093, -0.048870
Z 0.597704, 0.044417, 0.800485

PART 56
OFFSET 22.590013, 4.485923, -7.969296
SCALE 1.000000, 1.000000, 1.000000
X -0.068631, 0.131980, 0.988874
Y -0.985479, 0.145339, -0.087794
Z -0.155309, -0.980540, 0.120088

PART 57
OFFSET 21.448553, 4.010739, -6.634819
SCALE 1.000000, 1.000000, 1.000000
X -0.401234, 0.216028, 0.890137
Y -0.858520, 0.250067, -0.447671
Z -0.319304, -0.943821, 0.085129

PART 58
OFFSET 20.238280, 2.536894, -6.471907
SCALE 1.000000, 1.000000, 1.000000
X -0.667197, 0.515963, 0.537243
Y -0.604549, 0.046270, -0.795223
Z -0.435164, -0.855360, 0.281054

PART 59
OFFSET 21.519964, 2.899387, -7.010885
SCALE 1.000000, 1.000000, 1.000000
X -0.633732, 0.413517, 0.653748
Y -0.685234, 0.092055, -0.722482
Z -0.358939, -0.905831, 0.225018

PART 60
OFFSET 19.649546, 5.967974, -8.551531
SCALE 1.000000, 1.000000, 1.000000
X 0.797048, 0.597247, -0.089506
Y -0.559898, 0.675245, -0.480165
Z -0.226339, 0.432828, 0.872600

PART 61
OFFSET 14.557874, -0.651061, -5.136903
SCALE 1.000000, 1.000000, 1.000000
X -0.855261, -0.484149, 0.184738
Y 0.457913, -0.539222, 0.706792
Z -0.242578, 0.689086, 0.682874

PART 62
OFFSET 10.318723, -1.909672, -6.490437
SCALE 1.000000, 1.000000, 1.000000
X 0.703227, 0.313183, -0.638270
Y -0.710940, 0.317321, -0.627592
Z 0.005985, 0.895111, 0.445803

PART 63
OFFSET 11.059818, -3.319813, -7.457168
SCALE 1.000000, 1.000000, 1.000000
X 0.940552, -0.282082, -0.189187
Y 0.058086, 0.682390, -0.728677
Z 0.334646, 0.674370, 0.658208

PART 64
OFFSET 11.698340, -2.680205, -7.137807
SCALE 1.000000, 1.000000, 1.000000
X 0.966204, -0.172023, -0.191982
Y -0.066304, 0.553855, -0.829969
Z 0.249104, 0.814649, 0.523731

PART 65
OFFSET 10.540003, -1.094858, -5.643073
SCALE 1.000000, 1.000000, 1.000000
X -0.647028, 0.417204, 0.638197
Y -0.297029, -0.908813, 0.292973
Z 0.702231, -0.000001, 0.711949

PART 66
OFFSET 22.512492, 4.634999, -6.852325
SCALE 1.000000, 1.000000, 1.000000
X 0.868139, -0.450198, -0.208941
Y -0.209185, 0.049870, -0.976604
Z 0.450085, 0.891535, -0.050881

PART 67
OFFSET 20.992444, 4.248550, -5.625745
SCALE 1.000000, 1.000000, 1.000000
X 0.876504, -0.264844, -0.401994
Y -0.421316, -0.018059, -0.906734
Z 0.232883, 0.964122, -0.127412

PART 68
OFFSET 19.646724, 2.994362, -5.995572
SCALE 1.000000, 1.000000, 1.000000
X -0.603353, 0.493525, 0.626417
Y -0.645362, 0.159276, -0.747087
Z -0.468479, -0.855023, 0.222403

PART 69
OFFSET 20.641681, 3.472477, -6.104862
SCALE 1.000000, 1.000000, 1.000000
X -0.635309, 0.407724, 0.655853
Y -0.685592, 0.093120, -0.722006
Z -0.355452, -0.908344, 0.220373

PART 70
OFFSET 20.491606, 6.645157, -8.616539
SCALE 1.000000, 1.000000, 1.000000
X 0.618364, 0.301986, -0.725556
Y -0.120792, -0.875734, -0.467439
Z -0.776554, 0.376689, -0.505045

PART 71
OFFSET 15.523882, -0.104220, -5.345563
SCALE 1.000000, 1.000000, 1.000000
X -0.203219, 0.838078, -0.506288
Y 0.977444, 0.204000, -0.054647
Z 0.057484, -0.505974, -0.860631

PART 72
OFFSET 9.521727, -2.270461, -5.771107
SCALE 1.000000, 1.000000, 1.000000
X -0.085665, -0.498499, 0.862647
Y -0.993439, 0.108579, -0.035909
Z -0.075765, -0.860064, -0.504530

PART 73
OFFSET 10.225914, -3.069717, -7.289432
SCALE 1.000000, 1.000000, 1.000000
X 0.616388, 0.325181, -0.717163
Y -0.715328, 0.611979, -0.337323
Z 0.329198, 0.720929, 0.609828

PART 74
OFFSET 10.359298, -2.441802, -6.871743
SCALE 1.000000, 1.000000, 1.000000
X 0.726625, 0.205684, -0.655523
Y -0.642614, 0.540984, -0.542570
Z 0.243030, 0.815494, 0.525268

PART 75
OFFSET 11.212597, -1.530582, -6.370778
SCALE 1.000000, 1.000000, 1.000000
X -0.989911, 0.120714, 0.074193
Y -0.070944, 0.031001, -0.996998
Z -0.122651, -0.992203, -0.022124

PART 76
OFFSET 19.073522, 3.463223, -5.400460
SCALE 1.000000, 1.000000, 1.000000
X 0.934117, -0.354466, -0.042186
Y -0.158319, -0.305468, -0.938949
Z 0.319939, 0.883766, -0.341461

PART 77
OFFSET 19.952677, 3.914661, -5.393578
SCALE 1.000000, 1.000000, 1.000000
X 0.894104, -0.433113, -0.113980
Y -0.181957, -0.118749, -0.976110
Z 0.409231, 0.893483, -0.184982

PART 78
OFFSET 9.640318, -3.378653, -6.608095
SCALE 1.000000, 1.000000, 1.000000
X -0.069990, -0.736869, 0.672403
Y -0.895025, 0.344031, 0.283852
Z -0.440489, -0.581951, -0.683595

PART 79
OFFSET 9.571260, -2.664871, -6.160817
SCALE 1.000000, 1.000000, 1.000000
X -0.216479, -0.437834, 0.872604
Y -0.952744, 0.289847, -0.090928
Z -0.213110, -0.851052, -0.479890

FRAME 2
PART 0
OFFSET 0.000000, 0.000000, 0.000000
SCALE 1.000000, 1.000000, 1.000000
X 1.000000, 0.000000, 0.000000
Y 0.000000, 1.000000, 0.000000
Z 0.000000, 0.000000, 1.000000

PART 1
OFFSET 0.000000, 0.000000, 0.000000
SCALE 1.000000, 1.000000, 1.000000
X 1.000000, 0.000000, 0.000000
Y 0.000000, 1.000000, 0.000000
Z 0.000000, 0.000000, 1.000000

PART 2
OFFSET 0.000000, 0.000000, 0.000000
SCALE 1.000000, 1.000000, 1.000000
X 1.000000, 0.000000, 0.000000
Y 0.000000, 1.000000, 0.000000
Z 0.000000, 0.000000, 1.000000

PART 3
OFFSET 0.000000, 0.000000, 0.000000
SCALE 1.000000, 1.000000, 1.000000
X 1.000000, 0.000000, 0.000000
Y 0.000000, 1.000000, 0.000000
Z 0.000000, 0.000000, 1.000000

PART 4
OFFSET 0.000000, 0.000000, 0.000000
SCALE 1.000000, 1.000000, 1.000000
X 1.000000, 0.000000, 0.000000
Y 0.000000, 1.000000, 0.000000
Z 0.000000, 0.000000, 1.000000

PART 5
OFFSET 0.462600, 4.302200, -5.020600
SCALE 1.000000, 1.000000, 1.000000
X 0.736382, 0.501593, -0.454033
Y 0.115221, -0.754256, -0.646391
Z -0.666683, 0.423677, -0.613215

PART 6
OFFSET -5.186300, -6.970500, -2.725900
SCALE 1.000000, 1.000000, 1.000000
X -0.566448, 0.029021, 0.823587
Y -0.282027, -0.945862, -0.160643
Z 0.774337, -0.323269, 0.543966

PART 7
OFFSET 11.579599, -2.078455, -5.014190
SCALE 1.000000, 1.000000, 1.000000
X 0.828755, 0.458406, -0.320982
Y -0.551817, 0.574015, -0.604984
Z -0.093080, 0.678506, 0.728674

PART 8
OFFSET 15.159802, 0.000000, -6.752720
SCALE 1.000000, 1.000000, 1.000000
X 1.000000, 0.000000, 0.000000
Y 0.000000, 1.000000, 0.000000
Z 0.000000, 0.000000, 1.000000

PART 9
OFFSET 0.000000, 0.000000, 0.000000
SCALE 1.000000, 1.000000, 1.000000
X 1.000000, 0.000000, 0.000000
Y 0.000000, 1.000000, 0.000000
Z 0.000000, 0.000000, 1.000000

PART 10
OFFSET 0.000000, 0.000000, 0.000000
SCALE 1.000000, 1.000000, 1.000000
X 1.000000, 0.000000, 0.000000
Y 0.000000, 1.000000, 0.000000
Z 0.000000, 0.000000, 1.000000

PART 11
OFFSET 9.368312, 10.368531, -10.511535
SCALE 1.000000, 1.000000, 1.000000
X 0.665160, -0.725380, 0.177161
Y -0.706835, -0.535182, 0.462562
Z -0.240720, -0.432902, -0.868706

PART 12
OFFSET 1.664128, -7.321565, -12.686368
SCALE 1.000000, 1.000000, 1.000000
X -0.630533, -0.204374, -0.748772
Y 0.761126, 0.026159, -0.648076
Z 0.152037, -0.978543, 0.139060

PART 13
OFFSET 11.579599, -2.078455, -5.014190
SCALE 1.000000, 1.000000, 1.000000
X 0.828755, 0.458406, -0.320982
Y -0.551817, 0.574015, -0.604984
Z -0.093080, 0.678506, 0.728674

PART 14
OFFSET 16.886320, 4.361928, -7.440008
SCALE 1.000000, 1.000000, 1.000000
X 0.670044, -0.720985, 0.176698
Y 0.249040, 0.442569, 0.861459
Z -0.699300, -0.533211, 0.476094

PART 15
OFFSET 16.412117, 3.818961, -10.040244
SCALE 1.000000, 1.000000, 1.000000
X 0.670044, -0.720985, 0.176698
Y 0.249040, 0.442569, 0.861459
Z -0.699300, -0.533211, 0.476094

PART 16
OFFSET 15.706120, 2.732793, -6.728988
SCALE 1.000000, 1.000000, 1.000000
X 0.670044, -0.720985, 0.176698
Y 0.249040, 0.442569, 0.861459
Z -0.699300, -0.533211, 0.476094

PART 17
OFFSET 15.160810, 2.022544, -8.150209
SCALE 1.000000, 1.000000, 1.000000
X 0.670044, -0.720985, 0.176698
Y 0.249040, 0.442569, 0.861459
Z -0.699300, -0.533211, 0.476094

PART 18
OFFSET 14.663874, 1.713734, -9.675811
SCALE 1.000000, 1.000000, 1.000000
X 0.670044, -0.720985, 0.176698
Y 0.249040, 0.442569, 0.861459
Z -0.699300, -0.533211, 0.476094

PART 19
OFFSET 17.065016, 1.975008, -8.461563
SCALE 1.000000, 1.000000, 1.000000
X 0.878869, 0.476435, -0.024478
Y -0.475323, 0.878888, 0.040304
Z 0.040716, -0.023786, 0.998888

PART 20
OFFSET 15.025837, 4.198803, -9.004686
SCALE 1.000000, 1.000000, 1.000000
X 0.665137, -0.725399, 0.177169
Y 0.738232, 0.674474, -0.009949
Z -0.112279, 0.137409, 0.984130

PART 21
OFFSET 7.272923, -5.998202, -3.845508
SCALE 1.000000, 1.000000, 1.000000
X -0.635561, -0.201572, -0.745272
Y -0.161353, 0.978678, -0.127101
Z 0.755001, 0.039472, -0.654534

PART 22
OFFSET 6.806513, -4.667046, -3.948285
SCALE 1.000000, 1.000000, 1.000000
X -0.635561, -0.201572, -0.745272
Y -0.161353, 0.978678, -0.127101
Z 0.755001, 0.039472, -0.654534

PART 23
OFFSET 7.210549, -4.128059, -4.948407
SCALE 1.000000, 1.000000, 1.000000
X -0.635561, -0.201572, -0.745272
Y -0.161353, 0.978678, -0.127101
Z 0.755001, 0.039472, -0.654534

PART 24
OFFSET 8.959977, -4.956627, -4.022382
SCALE 1.000000, 1.000000, 1.000000
X -0.858969, -0.476970, 0.186203
Y 0.196735, -0.643186, -0.740005
Z 0.472723, -0.599009, 0.646314

PART 25
OFFSET 7.026992, -5.583305, -6.317849
SCALE 1.000000, 1.000000, 1.000000
X -0.630533, -0.204374, -0.748772
Y 0.768639, -0.030423, -0.638959
Z 0.107807, -0.978420, 0.176273

PART 26
OFFSET 14.521946, 0.665995, -3.430026
SCALE 1.000000, 1.000000, 1.000000
X 0.828755, 0.458406, -0.320982
Y -0.551817, 0.574015, -0.604984
Z -0.093080, 0.678506, 0.728674

PART 27
OFFSET 10.268231, -0.551664, -2.369746
SCALE 1.000000, 1.000000, 1.000000
X 0.828755, 0.458406, -0.320982
Y -0.551817, 0.574015, -0.604984
Z -0.093080, 0.678506, 0.728674

PART 28
OFFSET 14.532916, 1.170872, -4.385846
SCALE 1.000000, 1.000000, 1.000000
X 0.398648, -0.081040, 0.913516
Y 0.828750, 0.458410, -0.320990
Z -0.392752, 0.885038, 0.249906

PART 29
OFFSET 30.148337, 9.964467, -10.521716
SCALE 1.000000, 1.000000, 1.000000
X 0.828755, 0.458406, -0.320982
Y -0.551817, 0.574015, -0.604984
Z -0.093080, 0.678506, 0.728674

PART 30
OFFSET 20.705845, 6.329114, -5.361221
SCALE 1.000000, 1.000000, 1.000000
X 0.828755, 0.458406, -0.320982
Y -0.551817, 0.574015, -0.604984
Z -0.093080, 0.678506, 0.728674

PART 31
OFFSET 14.418246, -0.508323, -6.113617
SCALE 1.000000, 1.000000, 1.000000
X 0.828755, 0.458406, -0.320982
Y -0.551817, 0.574015, -0.604984
Z -0.093080, 0.678506, 0.728674

PART 32
OFFSET 20.115929, 4.503197, -8.897802
SCALE 1.000000, 1.000000, 1.000000
X 0.965623, -0.146937, 0.214431
Y -0.197072, 0.124113, 0.972501
Z -0.169510, -0.981328, 0.090889

PART 33
OFFSET 20.545151, 3.494663, -8.759712
SCALE 1.000000, 1.000000, 1.000000
X 0.763716, -0.094678, 0.638572
Y -0.604175, 0.243616, 0.758699
Z -0.227398, -0.965239, 0.128852

PART 34
OFFSET 18.325906, 1.432322, -8.323522
SCALE 1.000000, 1.000000, 1.000000
X 0.936345, 0.062794, 0.345421
Y -0.351000, 0.146180, 0.924895
Z 0.007584, -0.987263, 0.158916

PART 35
OFFSET 18.197633, 2.124477, -8.441646
SCALE 1.000000, 1.000000, 1.000000
X 0.970324, 0.208556, 0.122371
Y -0.103577, -0.098812, 0.989701
Z 0.218500, -0.973006, -0.074278

PART 36
OFFSET 17.018408, 3.027715, -8.023529
SCALE 1.000000, 1.000000, 1.000000
X 0.559253, 0.828015, -0.040340
Y -0.637157, 0.398195, -0.659903
Z -0.530346, 0.394755, 0.750267

PART 37
OFFSET 19.041368, 4.826475, -7.937637
SCALE 1.000000, 1.000000, 1.000000
X 0.930182, 0.271721, 0.246840
Y 0.197788, 0.195506, -0.960550
Z -0.309260, 0.942308, 0.128113

PART 38
OFFSET 19.765985, 2.756827, -7.027456
SCALE 1.000000, 1.000000, 1.000000
X 0.132383, -0.990778, -0.028869
Y -0.040678, 0.023670, -0.998892
Z 0.990364, 0.133411, -0.037169

PART 39
OFFSET 12.334234, -2.835642, -3.949589
SCALE 1.000000, 1.000000, 1.000000
X -0.754662, -0.555109, 0.349771
Y 0.627658, -0.455500, 0.631320
Z -0.191131, 0.695970, 0.692167

PART 40
OFFSET 12.371325, -3.476814, -4.848462
SCALE 1.000000, 1.000000, 1.000000
X 0.258301, -0.521385, 0.813289
Y 0.966042, 0.133582, -0.221178
Z 0.006678, 0.842801, 0.538184

PART 41
OFFSET 9.801981, -5.120686, -5.102945
SCALE 1.000000, 1.000000, 1.000000
X -0.821524, -0.022131, 0.569744
Y 0.485752, -0.550415, 0.679035
Z 0.298568, 0.834598, 0.462930

PART 42
OFFSET 9.926146, -4.671996, -4.561829
SCALE 1.000000, 1.000000, 1.000000
X -0.894227, -0.236477, 0.380048
Y 0.444399, -0.570607, 0.690592
Z 0.053548, 0.786439, 0.615342

PART 43
OFFSET 8.962421, -3.875463, -3.657393
SCALE 1.000000, 1.000000, 1.000000
X -0.241917, -0.897181, 0.369516
Y 0.573054, -0.439425, -0.691748
Z 0.782998, 0.044407, 0.620438

PART 44
OFFSET 5.472044, -6.718877, -2.275259
SCALE 1.000000, 1.000000, 1.000000
X -0.714769, -0.490954, 0.498066
Y -0.693892, 0.408955, -0.592681
Z 0.087293, -0.769234, -0.632977

PART 45
OFFSET 14.109137, 1.031992, -4.370205
SCALE 1.000000, 1.000000, 1.000000
X 0.828755, 0.458406, -0.320982
Y -0.551817, 0.574015, -0.604984
Z -0.093080, 0.678506, 0.728674

PART 46
OFFSET 21.816059, 4.244491, -8.520262
SCALE 1.000000, 1.000000, 1.000000
X 0.594186, -0.118914, 0.795489
Y -0.780833, 0.152015, 0.605963
Z -0.192983, -0.981199, -0.002527

PART 47
OFFSET 22.037142, 3.309701, -7.512202
SCALE 1.000000, 1.000000, 1.000000
X -0.434003, 0.227713, 0.871658
Y -0.858332, 0.189417, -0.476851
Z -0.273691, -0.955127, 0.113246

PART 48
OFFSET 20.385540, 1.735125, -7.457129
SCALE 1.000000, 1.000000, 1.000000
X -0.115407, 0.287095, 0.950925
Y -0.892062, 0.391140, -0.226352
Z -0.436929, -0.874406, 0.210966

PART 49
OFFSET 20.750722, 2.523389, -8.156910
SCALE 1.000000, 1.000000, 1.000000
X 0.441422, 0.008586, 0.897259
Y -0.820929, 0.407553, 0.399970
Z -0.362247, -0.913141, 0.186951

PART 50
OFFSET 18.132128, 4.876225, -8.134719
SCALE 1.000000, 1.000000, 1.000000
X 0.892048, 0.443335, -0.087777
Y -0.439107, 0.804255, -0.400448
Z -0.106938, 0.395762, 0.912105

PART 51
OFFSET 13.662965, -1.858264, -4.565428
SCALE 1.000000, 1.000000, 1.000000
