// Export filename: 'H:\01 Ricko0z\CoD World at War MT GCZ\xanim_export\guns\m27\m27_ads_fire.xanim_export'
// Source filename: 'C:\Users\Ricardo\Desktop\Working Gun\M27\01 Escenas\m27_handed.mb'
// Export time: Mon Jun 22 2015, 12:59:52

ANIMATION
VERSION 3

NUMPARTS 80
PART 0 "tag_view"
PART 1 "tag_ads"
PART 2 "tag_cambone"
PART 3 "tag_torso"
PART 4 "tag_camera"
PART 5 "j_shoulder_le"
PART 6 "j_shoulder_ri"
PART 7 "tag_weapon"
PART 8 "tag_weapon1"
PART 9 "tag_gasmask"
PART 10 "tag_gasmask2"
PART 11 "j_elbow_le"
PART 12 "j_elbow_ri"
PART 13 "j_gun"
PART 14 "j_sleave_reshape_bottom_le_1"
PART 15 "j_sleave_reshape_bottom_le_2"
PART 16 "j_sleave_reshape_top_le_1"
PART 17 "j_sleave_reshape_top_le_2"
PART 18 "j_sleave_reshape_top_le_3"
PART 19 "j_wrist_le"
PART 20 "j_wristtwist_le"
PART 21 "j_sleave_reshape_top_ri_1"
PART 22 "j_sleave_reshape_top_ri_2"
PART 23 "j_sleave_reshape_top_ri_3"
PART 24 "j_wrist_ri"
PART 25 "j_wristtwist_ri"
PART 26 "j_bolt"
PART 27 "j_handle"
PART 28 "tag_brass"
PART 29 "tag_flash"
PART 30 "tag_sights"
PART 31 "tag_clip"
PART 32 "j_index_le_0"
PART 33 "j_mid_le_0"
PART 34 "j_pinkypalm_le"
PART 35 "j_ringpalm_le"
PART 36 "j_thumb_le_0"
PART 37 "j_webbing_le"
PART 38 "tag_knife_attach"
PART 39 "j_index_ri_0"
PART 40 "j_mid_ri_0"
PART 41 "j_pinkypalm_ri"
PART 42 "j_ringpalm_ri"
PART 43 "j_thumb_ri_0"
PART 44 "j_webbing_ri"
PART 45 "tag_bullet"
PART 46 "j_index_le_1"
PART 47 "j_mid_le_1"
PART 48 "j_pinky_le_0"
PART 49 "j_ring_le_0"
PART 50 "j_thumb_le_1"
PART 51 "j_index_ri_1"
PART 52 "j_mid_ri_1"
PART 53 "j_pinky_ri_0"
PART 54 "j_ring_ri_0"
PART 55 "j_thumb_ri_1"
PART 56 "j_index_le_2"
PART 57 "j_mid_le_2"
PART 58 "j_pinky_le_1"
PART 59 "j_ring_le_1"
PART 60 "j_thumb_le_2"
PART 61 "j_index_ri_2"
PART 62 "j_mid_ri_2"
PART 63 "j_pinky_ri_1"
PART 64 "j_ring_ri_1"
PART 65 "j_thumb_ri_2"
PART 66 "j_index_le_3"
PART 67 "j_mid_le_3"
PART 68 "j_pinky_le_2"
PART 69 "j_ring_le_2"
PART 70 "j_thumb_le_3"
PART 71 "j_index_ri_3"
PART 72 "j_mid_ri_3"
PART 73 "j_pinky_ri_2"
PART 74 "j_ring_ri_2"
PART 75 "j_thumb_ri_3"
PART 76 "j_pinky_le_3"
PART 77 "j_ring_le_3"
PART 78 "j_pinky_ri_3"
PART 79 "j_ring_ri_3"

FRAMERATE 30
NUMFRAMES 11

FRAME 0
PART 0
OFFSET 0.000000, 0.000000, 0.000000
SCALE 1.000000, 1.000000, 1.000000
X 1.000000, 0.000000, 0.000000
Y 0.000000, 1.000000, 0.000000
Z 0.000000, 0.000000, 1.000000

PART 1
OFFSET 0.000000, 0.000000, 0.000000
SCALE 1.000000, 1.000000, 1.000000
X 1.000000, 0.000000, 0.000000
Y 0.000000, 1.000000, 0.000000
Z 0.000000, 0.000000, 1.000000

PART 2
OFFSET 0.000000, 0.000000, 0.000000
SCALE 1.000000, 1.000000, 1.000000
X 1.000000, 0.000000, 0.000000
Y 0.000000, 1.000000, 0.000000
Z 0.000000, 0.000000, 1.000000

PART 3
OFFSET 0.000000, 0.000000, 0.000000
SCALE 1.000000, 1.000000, 1.000000
X 1.000000, 0.000000, 0.000000
Y 0.000000, 1.000000, 0.000000
Z 0.000000, 0.000000, 1.000000

PART 4
OFFSET 0.000000, 0.000000, 0.000000
SCALE 1.000000, 1.000000, 1.000000
X 1.000000, 0.000000, 0.000000
Y 0.000000, 1.000000, 0.000000
Z 0.000000, 0.000000, 1.000000

PART 5
OFFSET 0.462600, 4.302200, -5.020600
SCALE 1.000000, 1.000000, 1.000000
X 0.963120, 0.112508, -0.244421
Y -0.002020, -0.905338, -0.424688
Z -0.269064, 0.409519, -0.871722

PART 6
OFFSET -5.186300, -6.970500, -2.725900
SCALE 1.000000, 1.000000, 1.000000
X -0.537759, 0.021019, 0.842836
Y -0.202545, -0.973633, -0.104950
Z 0.818407, -0.227150, 0.527837

PART 7
OFFSET 12.833130, -2.968800, -4.013500
SCALE 1.000000, 1.000000, 1.000000
X 1.000000, 0.000000, 0.000000
Y 0.000000, 1.000000, 0.000000
Z 0.000000, 0.000000, 1.000000

PART 8
OFFSET 15.159802, 0.000000, -6.752720
SCALE 1.000000, 1.000000, 1.000000
X 1.000000, 0.000000, 0.000000
Y 0.000000, 1.000000, 0.000000
Z 0.000000, 0.000000, 1.000000

PART 9
OFFSET 0.000000, 0.000000, 0.000000
SCALE 1.000000, 1.000000, 1.000000
X 1.000000, 0.000000, 0.000000
Y 0.000000, 1.000000, 0.000000
Z 0.000000, 0.000000, 1.000000

PART 10
OFFSET 0.000000, 0.000000, 0.000000
SCALE 1.000000, 1.000000, 1.000000
X 1.000000, 0.000000, 0.000000
Y 0.000000, 1.000000, 0.000000
Z 0.000000, 0.000000, 1.000000

PART 11
OFFSET 12.110298, 5.662847, -7.976335
SCALE 1.000000, 1.000000, 1.000000
X 0.711537, -0.626147, 0.318833
Y -0.688779, -0.531838, 0.492679
Z -0.138922, -0.570165, -0.809699

PART 12
OFFSET 1.317343, -7.224723, -12.918935
SCALE 1.000000, 1.000000, 1.000000
X -0.665856, -0.297958, -0.684000
Y 0.705421, 0.047092, -0.707223
Z 0.242934, -0.953417, 0.178829

PART 13
OFFSET 12.833130, -2.968800, -4.013500
SCALE 1.000000, 1.000000, 1.000000
X 1.000000, 0.000000, 0.000000
Y 0.000000, 1.000000, 0.000000
Z 0.000000, 0.000000, 1.000000

PART 14
OFFSET 19.883901, 0.894427, -3.633357
SCALE 1.000000, 1.000000, 1.000000
X 0.715980, -0.621453, 0.318071
Y 0.146806, 0.579449, 0.801677
Z -0.682511, -0.527290, 0.506107

PART 15
OFFSET 19.646992, -0.046367, -6.151137
SCALE 1.000000, 1.000000, 1.000000
X 0.715980, -0.621453, 0.318071
Y 0.146806, 0.579449, 0.801677
Z -0.682511, -0.527290, 0.506107

PART 16
OFFSET 18.802472, -0.727093, -2.765076
SCALE 1.000000, 1.000000, 1.000000
X 0.715980, -0.621453, 0.318071
Y 0.146806, 0.579449, 0.801677
Z -0.682511, -0.527290, 0.506107

PART 17
OFFSET 18.424888, -1.676523, -4.098371
SCALE 1.000000, 1.000000, 1.000000
X 0.715980, -0.621453, 0.318071
Y 0.146806, 0.579449, 0.801677
Z -0.682511, -0.527290, 0.506107

PART 18
OFFSET 18.067773, -2.240039, -5.589826
SCALE 1.000000, 1.000000, 1.000000
X 0.715980, -0.621453, 0.318071
Y 0.146806, 0.579449, 0.801677
Z -0.682511, -0.527290, 0.506107

PART 19
OFFSET 20.343393, -1.582216, -4.287158
SCALE 1.000000, 1.000000, 1.000000
X 0.954661, -0.196470, 0.223655
Y -0.004177, 0.742375, 0.669971
Z -0.297665, -0.640530, 0.707896

PART 20
OFFSET 18.162126, 0.337282, -5.264564
SCALE 1.000000, 1.000000, 1.000000
X 0.711499, -0.626195, 0.318825
Y 0.259317, 0.655683, 0.709108
Z -0.653088, -0.421853, 0.628901

PART 21
OFFSET 7.487936, -4.933316, -4.681078
SCALE 1.000000, 1.000000, 1.000000
X -0.670803, -0.295312, -0.680304
Y -0.251213, 0.953553, -0.166221
Z 0.697793, 0.059400, -0.713832

PART 22
OFFSET 6.861724, -3.573602, -4.807683
SCALE 1.000000, 1.000000, 1.000000
X -0.670803, -0.295312, -0.680304
Y -0.251213, 0.953553, -0.166221
Z 0.697793, 0.059400, -0.713832

PART 23
OFFSET 7.153685, -3.067296, -5.873914
SCALE 1.000000, 1.000000, 1.000000
X -0.670803, -0.295312, -0.680304
Y -0.251213, 0.953553, -0.166221
Z 0.697793, 0.059400, -0.713832

PART 24
OFFSET 9.021976, -3.777046, -5.004358
SCALE 1.000000, 1.000000, 1.000000
X -0.990289, 0.087828, -0.107768
Y 0.105495, -0.030131, -0.993963
Z -0.090545, -0.995680, 0.020573

PART 25
OFFSET 6.980685, -4.690485, -7.101272
SCALE 1.000000, 1.000000, 1.000000
X -0.665856, -0.297958, -0.684000
Y 0.737851, -0.127197, -0.662870
Z 0.110505, -0.946067, 0.304544

PART 26
OFFSET 16.021199, -3.975476, -1.270908
SCALE 1.000000, 1.000000, 1.000000
X 1.000000, 0.000000, 0.000000
Y 0.000000, 1.000000, 0.000000
Z 0.000000, 0.000000, 1.000000

PART 27
OFFSET 11.597399, -2.968610, -0.928564
SCALE 1.000000, 1.000000, 1.000000
X 1.000000, 0.000000, 0.000000
Y 0.000000, 1.000000, 0.000000
Z 0.000000, 0.000000, 1.000000

PART 28
OFFSET 16.568530, -3.113467, -1.625848
SCALE 1.000000, 1.000000, 1.000000
X 0.000010, -0.819161, 0.573563
Y 1.000000, 0.000010, -0.000003
Z -0.000003, 0.573563, 0.819161

PART 29
OFFSET 35.510425, -2.970566, -1.583864
SCALE 1.000000, 1.000000, 1.000000
X 1.000000, 0.000000, 0.000000
Y 0.000000, 1.000000, 0.000000
Z 0.000000, 0.000000, 1.000000

PART 30
OFFSET 24.362021, -2.968800, 0.588747
SCALE 1.000000, 1.000000, 1.000000
X 1.000000, 0.000000, 0.000000
Y 0.000000, 1.000000, 0.000000
Z 0.000000, 0.000000, 1.000000

PART 31
OFFSET 16.258327, -2.968800, -4.013500
SCALE 1.000000, 1.000000, 1.000000
X 1.000000, 0.000000, 0.000000
Y 0.000000, 1.000000, 0.000000
Z 0.000000, 0.000000, 1.000000

PART 32
OFFSET 24.170804, -1.549845, -3.173500
SCALE 1.000000, 1.000000, 1.000000
X 0.664269, -0.746749, -0.033338
Y -0.418539, -0.408524, 0.811131
Z -0.619331, -0.524856, -0.583914

PART 33
OFFSET 24.020116, -2.449106, -3.797198
SCALE 1.000000, 1.000000, 1.000000
X 0.384743, -0.861996, 0.330053
Y -0.632597, 0.014142, 0.774352
Z -0.672156, -0.506717, -0.539856

PART 34
OFFSET 21.095535, -2.672837, -4.672176
SCALE 1.000000, 1.000000, 1.000000
X 0.694052, -0.689446, 0.207256
Y -0.520711, -0.281946, 0.805833
Z -0.497144, -0.667211, -0.554687

PART 35
OFFSET 21.344305, -2.133256, -4.276651
SCALE 1.000000, 1.000000, 1.000000
X 0.860609, -0.489510, 0.140471
Y -0.448672, -0.598305, 0.663871
Z -0.240927, -0.634359, -0.734536

PART 36
OFFSET 20.646576, -1.217195, -3.249361
SCALE 1.000000, 1.000000, 1.000000
X 0.855916, 0.191260, 0.480445
Y -0.133869, 0.979368, -0.151387
Z -0.499487, 0.065258, 0.863860

PART 37
OFFSET 23.120201, -1.352470, -2.154555
SCALE 1.000000, 1.000000, 1.000000
X 0.816274, -0.506524, 0.277723
Y 0.561819, 0.584284, -0.585638
Z 0.134371, 0.634071, 0.761511

PART 38
OFFSET 22.480309, -3.491070, -2.963060
SCALE 1.000000, 1.000000, 1.000000
X -0.335074, -0.624324, -0.705652
Y 0.297702, 0.640425, -0.707976
Z 0.893924, -0.447298, -0.028727

PART 39
OFFSET 12.767495, -4.466569, -3.827163
SCALE 1.000000, 1.000000, 1.000000
X -0.992190, -0.113706, -0.051288
Y 0.108643, -0.989762, 0.092565
Z -0.061288, 0.086269, 0.994385

PART 40
OFFSET 12.792591, -4.311282, -4.920599
SCALE 1.000000, 1.000000, 1.000000
X -0.286098, -0.933765, 0.215012
Y 0.932720, -0.322792, -0.160744
Z 0.219501, 0.154557, 0.963292

PART 41
OFFSET 9.991218, -3.682388, -5.981632
SCALE 1.000000, 1.000000, 1.000000
X -0.873802, 0.096090, 0.476693
Y -0.067830, -0.994784, 0.076188
Z 0.481527, 0.034239, 0.875762

PART 42
OFFSET 10.126259, -3.820732, -5.294455
SCALE 1.000000, 1.000000, 1.000000
X -0.971418, 0.128019, 0.199894
Y -0.115157, -0.990531, 0.074749
Z 0.207571, 0.049593, 0.976962

PART 43
OFFSET 9.402796, -3.378672, -4.005201
SCALE 1.000000, 1.000000, 1.000000
X -0.730554, -0.604901, -0.316836
Y 0.495325, -0.150040, -0.855653
Z 0.470047, -0.782037, 0.409235

PART 44
OFFSET 4.762733, -3.919752, -4.601333
SCALE 1.000000, 1.000000, 1.000000
X -0.977336, -0.188410, 0.096518
Y -0.197066, 0.976277, -0.089713
Z -0.077326, -0.106700, -0.991280

PART 45
OFFSET 16.148637, -2.968800, -1.669236
SCALE 1.000000, 1.000000, 1.000000
X 1.000000, 0.000000, 0.000000
Y 0.000000, 1.000000, 0.000000
Z 0.000000, 0.000000, 1.000000

PART 46
OFFSET 25.340348, -2.864608, -3.232197
SCALE 1.000000, 1.000000, 1.000000
X 0.182752, -0.877348, 0.443691
Y -0.772048, 0.151352, 0.617280
Z -0.608723, -0.455360, -0.649695

PART 47
OFFSET 24.771720, -4.133035, -3.152432
SCALE 1.000000, 1.000000, 1.000000
X -0.535105, -0.157223, 0.830026
Y -0.471679, 0.870721, -0.139153
Z -0.700843, -0.465968, -0.540086

PART 48
OFFSET 22.663561, -4.159334, -4.026909
SCALE 1.000000, 1.000000, 1.000000
X -0.269272, -0.346832, 0.898443
Y -0.487666, 0.853561, 0.183348
Z -0.830467, -0.388770, -0.398978

PART 49
OFFSET 23.552031, -3.484740, -4.035829
SCALE 1.000000, 1.000000, 1.000000
X 0.081922, -0.781371, 0.618666
Y -0.622013, 0.444931, 0.644310
Z -0.778709, -0.437602, -0.449574

PART 50
OFFSET 22.452437, -0.703076, -2.179654
SCALE 1.000000, 1.000000, 1.000000
X 0.970732, -0.184411, 0.153858
Y 0.133047, 0.946267, 0.294748
Z -0.199945, -0.265651, 0.943107

PART 51
OFFSET 14.514466, -4.266364, -3.736858
SCALE 1.000000, 1.000000, 1.000000
X -0.996813, -0.057897, -0.054875
Y 0.049518, -0.988431, 0.143357
Z -0.062541, 0.140182, 0.988149

PART 52
OFFSET 13.351498, -2.487127, -5.340634
SCALE 1.000000, 1.000000, 1.000000
X 0.864720, -0.485256, -0.129558
Y 0.437526, 0.854458, -0.280131
Z 0.246637, 0.185550, 0.951179

PART 53
OFFSET 12.032956, -3.771325, -6.934496
SCALE 1.000000, 1.000000, 1.000000
X -0.270702, -0.961691, -0.043245
Y 0.880793, -0.229302, -0.414276
Z 0.388489, -0.150235, 0.909124

PART 54
OFFSET 12.614081, -4.182216, -5.956710
SCALE 1.000000, 1.000000, 1.000000
X -0.297956, -0.939183, 0.170753
Y 0.865286, -0.341268, -0.367173
Z 0.403115, 0.038348, 0.914346

PART 55
OFFSET 10.903683, -2.014822, -3.258850
SCALE 1.000000, 1.000000, 1.000000
X -0.920885, -0.012731, 0.389628
Y -0.299319, -0.617248, -0.727608
Z 0.249760, -0.786666, 0.564603

PART 56
OFFSET 25.599520, -3.903490, -2.653318
SCALE 1.000000, 1.000000, 1.000000
X -0.332906, -0.485982, 0.808081
Y -0.729168, 0.676047, 0.106180
Z -0.597903, -0.553879, -0.579422

PART 57
OFFSET 23.990109, -4.362685, -1.940040
SCALE 1.000000, 1.000000, 1.000000
X -0.540407, -0.195665, 0.818337
Y -0.456296, 0.885300, -0.089649
Z -0.706933, -0.421851, -0.567704

PART 58
OFFSET 22.282342, -4.650358, -2.754947
SCALE 1.000000, 1.000000, 1.000000
X -0.512523, 0.336840, 0.789848
Y -0.216330, 0.839524, -0.498399
Z -0.830976, -0.426308, -0.357407

PART 59
OFFSET 23.691503, -4.815023, -2.982552
SCALE 1.000000, 1.000000, 1.000000
X -0.568520, 0.188903, 0.800688
Y -0.288099, 0.865930, -0.408857
Z -0.770574, -0.463120, -0.437876

PART 60
OFFSET 23.989171, -1.086995, -1.843246
SCALE 1.000000, 1.000000, 1.000000
X 0.955762, -0.036837, 0.291824
Y -0.010655, 0.987140, 0.159503
Z -0.293947, -0.155556, 0.943079

PART 61
OFFSET 15.722496, -4.187468, -3.610156
SCALE 1.000000, 1.000000, 1.000000
X -0.987285, 0.075124, -0.140091
Y -0.090176, -0.990441, 0.104383
Z -0.130910, 0.115689, 0.984621

PART 62
OFFSET 12.088468, -1.778351, -5.151399
SCALE 1.000000, 1.000000, 1.000000
X 0.937885, 0.184416, -0.293875
Y -0.244401, 0.952374, -0.182349
Z 0.246251, 0.242846, 0.938289

PART 63
OFFSET 12.416220, -2.409749, -6.873269
SCALE 1.000000, 1.000000, 1.000000
X 0.725574, -0.561484, -0.397841
Y 0.590854, 0.804685, -0.058087
Z 0.352752, -0.192919, 0.915614

PART 64
OFFSET 13.121349, -2.583266, -6.247415
SCALE 1.000000, 1.000000, 1.000000
X 0.795877, -0.510279, -0.325876
Y 0.464964, 0.859855, -0.210851
Z 0.387799, 0.016290, 0.921600

PART 65
OFFSET 12.344485, -1.942935, -3.994488
SCALE 1.000000, 1.000000, 1.000000
X -0.572184, 0.206612, 0.793673
Y -0.742940, -0.540443, -0.394919
Z 0.347340, -0.815618, 0.462734

PART 66
OFFSET 25.223485, -4.452432, -1.740547
SCALE 1.000000, 1.000000, 1.000000
X 0.598452, -0.607833, -0.521914
Y 0.176395, 0.735431, -0.654237
Z 0.781498, 0.299467, 0.547339

PART 67
OFFSET 23.373378, -4.587876, -1.017165
SCALE 1.000000, 1.000000, 1.000000
X 0.750609, -0.388693, -0.534326
Y -0.054182, 0.769738, -0.636056
Z 0.658522, 0.506380, 0.556712

PART 68
OFFSET 21.827921, -4.351704, -2.054641
SCALE 1.000000, 1.000000, 1.000000
X -0.499136, 0.234874, 0.834085
Y -0.217293, 0.897882, -0.382873
Z -0.838837, -0.372346, -0.397129

PART 69
OFFSET 22.903570, -4.553215, -1.872849
SCALE 1.000000, 1.000000, 1.000000
X -0.573072, 0.185144, 0.798317
Y -0.288140, 0.866424, -0.407781
Z -0.767179, -0.463715, -0.443176

PART 70
OFFSET 25.009130, -1.117179, -1.481770
SCALE 1.000000, 1.000000, 1.000000
X 0.892131, 0.276152, -0.357551
Y -0.325515, -0.155890, -0.932598
Z -0.313277, 0.948387, -0.049183

PART 71
OFFSET 16.837656, -4.272322, -3.451921
SCALE 1.000000, 1.000000, 1.000000
X 0.365908, 0.902176, 0.228451
Y 0.923356, -0.382607, 0.032023
Z 0.116297, 0.199224, -0.973029

PART 72
OFFSET 11.024297, -1.988274, -4.825289
SCALE 1.000000, 1.000000, 1.000000
X -0.578974, -0.765224, 0.281462
Y -0.770180, 0.626581, 0.119238
Z -0.267602, -0.147741, -0.952135

PART 73
OFFSET 11.772901, -1.911918, -6.520529
SCALE 1.000000, 1.000000, 1.000000
X 0.897143, 0.286716, -0.336048
Y -0.216917, 0.948640, 0.230279
Z 0.384813, -0.133699, 0.913260

PART 74
OFFSET 12.018326, -1.876061, -5.795776
SCALE 1.000000, 1.000000, 1.000000
X 0.916332, 0.120016, -0.382010
Y -0.118181, 0.992587, 0.028358
Z 0.382581, 0.019161, 0.923723

PART 75
OFFSET 12.959961, -2.119891, -4.867214
SCALE 1.000000, 1.000000, 1.000000
X -0.798527, 0.565118, 0.207355
Y 0.288884, 0.661972, -0.691620
Z -0.528110, -0.492376, -0.691857

PART 76
OFFSET 21.353753, -4.128578, -1.262279
SCALE 1.000000, 1.000000, 1.000000
X 0.639690, -0.689287, -0.340118
Y 0.051182, 0.479714, -0.875931
Z 0.766927, 0.542917, 0.342148

PART 77
OFFSET 22.282063, -4.352423, -1.007060
SCALE 1.000000, 1.000000, 1.000000
X 0.596959, -0.669190, -0.442522
Y 0.126013, 0.622950, -0.772046
Z 0.792314, 0.405116, 0.456202

PART 78
OFFSET 10.920561, -2.184315, -6.201264
SCALE 1.000000, 1.000000, 1.000000
X -0.605770, -0.795395, -0.019725
Y -0.692406, 0.514798, 0.505527
Z -0.391939, 0.319891, -0.862585

PART 79
OFFSET 11.024527, -2.006223, -5.381471
SCALE 1.000000, 1.000000, 1.000000
X -0.664097, -0.664392, 0.342868
Y -0.638228, 0.742637, 0.202868
Z -0.389411, -0.084104, -0.917216

FRAME 1
PART 0
OFFSET 0.000000, 0.000000, 0.000000
SCALE 1.000000, 1.000000, 1.000000
X 1.000000, 0.000000, 0.000000
Y 0.000000, 1.000000, 0.000000
Z 0.000000, 0.000000, 1.000000

PART 1
OFFSET 0.000000, 0.000000, 0.000000
SCALE 1.000000, 1.000000, 1.000000
X 1.000000, 0.000000, 0.000000
Y 0.000000, 1.000000, 0.000000
Z 0.000000, 0.000000, 1.000000

PART 2
OFFSET 0.000000, 0.000000, 0.000000
SCALE 1.000000, 1.000000, 1.000000
X 1.000000, 0.000000, 0.000000
Y 0.000000, 1.000000, 0.000000
Z 0.000000, 0.000000, 1.000000

PART 3
OFFSET 0.000000, 0.000000, 0.000000
SCALE 1.000000, 1.000000, 1.000000
X 1.000000, 0.000000, 0.000000
Y 0.000000, 1.000000, 0.000000
Z 0.000000, 0.000000, 1.000000

PART 4
OFFSET 0.000000, 0.000000, 0.000000
SCALE 1.000000, 1.000000, 1.000000
X 1.000000, 0.000000, 0.000000
Y 0.000000, 1.000000, 0.000000
Z 0.000000, 0.000000, 1.000000

PART 5
OFFSET 0.462600, 4.302200, -5.020600
SCALE 1.000000, 1.000000, 1.000000
X 0.951085, 0.149210, -0.270505
Y 0.017626, -0.900407, -0.434691
Z -0.308425, 0.408660, -0.858994

PART 6
OFFSET -5.186300, -6.970500, -2.725900
SCALE 1.000000, 1.000000, 1.000000
X -0.502772, 0.032209, 0.863819
Y -0.200410, -0.976421, -0.080238
Z 0.840866, -0.213459, 0.497372

PART 7
OFFSET 12.107100, -2.968600, -4.028900
SCALE 1.000000, 1.000000, 1.000000
X 0.999990, -0.000001, 0.004517
Y -0.000001, 1.000000, 0.000427
Z -0.004517, -0.000427, 0.999990

PART 8
OFFSET 15.159802, 0.000000, -6.752720
SCALE 1.000000, 1.000000, 1.000000
X 1.000000, 0.000000, 0.000000
Y 0.000000, 1.000000, 0.000000
Z 0.000000, 0.000000, 1.000000

PART 9
OFFSET 0.000000, 0.000000, 0.000000
SCALE 1.000000, 1.000000, 1.000000
X 1.000000, 0.000000, 0.000000
Y 0.000000, 1.000000, 0.000000
Z 0.000000, 0.000000, 1.000000

PART 10
OFFSET 0.000000, 0.000000, 0.000000
SCALE 1.000000, 1.000000, 1.000000
X 1.000000, 0.000000, 0.000000
Y 0.000000, 1.000000, 0.000000
Z 0.000000, 0.000000, 1.000000

PART 11
OFFSET 11.964760, 6.106713, -8.291784
SCALE 1.000000, 1.000000, 1.000000
X 0.661508, -0.664432, 0.347759
Y -0.736353, -0.487604, 0.469071
Z -0.142097, -0.566368, -0.811810

PART 12
OFFSET 0.894217, -7.360059, -13.172695
SCALE 1.000000, 1.000000, 1.000000
X -0.640133, -0.309631, -0.703106
Y 0.724265, 0.062052, -0.686723
Z 0.256260, -0.948830, 0.184533

PART 13
OFFSET 12.107100, -2.968600, -4.028900
SCALE 1.000000, 1.000000, 1.000000
X 0.999990, -0.000001, 0.004517
Y -0.000001, 1.000000, 0.000427
Z -0.004517, -0.000427, 0.999990

PART 14
OFFSET 19.281241, 0.922063, -3.642408
SCALE 1.000000, 1.000000, 1.000000
X 0.666243, -0.660010, 0.347142
Y 0.150800, 0.575125, 0.804046
Z -0.730329, -0.483341, 0.482702

PART 15
OFFSET 19.082620, -0.019715, -6.163130
SCALE 1.000000, 1.000000, 1.000000
X 0.666243, -0.660010, 0.347142
Y 0.150800, 0.575125, 0.804046
Z -0.730329, -0.483341, 0.482702

PART 16
OFFSET 18.075668, -0.628037, -2.807836
SCALE 1.000000, 1.000000, 1.000000
X 0.666243, -0.660010, 0.347142
Y 0.150800, 0.575125, 0.804046
Z -0.730329, -0.483341, 0.482702

PART 17
OFFSET 17.692593, -1.562529, -4.150088
SCALE 1.000000, 1.000000, 1.000000
X 0.666243, -0.660010, 0.347142
Y 0.150800, 0.575125, 0.804046
Z -0.730329, -0.483341, 0.482702

PART 18
OFFSET 17.358313, -2.113993, -5.651309
SCALE 1.000000, 1.000000, 1.000000
X 0.666243, -0.660010, 0.347142
Y 0.150800, 0.575125, 0.804046
Z -0.730329, -0.483341, 0.482702

PART 19
OFFSET 19.618978, -1.581342, -4.267908
SCALE 1.000000, 1.000000, 1.000000
X 0.953688, -0.196395, 0.227834
Y -0.007208, 0.742294, 0.670035
Z -0.300712, -0.640647, 0.706501

PART 20
OFFSET 17.591078, 0.455522, -5.333989
SCALE 1.000000, 1.000000, 1.000000
X 0.661468, -0.664477, 0.347750
Y 0.278106, 0.647948, 0.709098
Z -0.696504, -0.372334, 0.613392

PART 21
OFFSET 6.781384, -4.963760, -4.759130
SCALE 1.000000, 1.000000, 1.000000
X -0.645234, -0.307088, -0.699550
Y -0.264897, 0.948782, -0.172167
Z 0.716591, 0.074221, -0.693533

PART 22
OFFSET 6.132668, -3.616254, -4.901915
SCALE 1.000000, 1.000000, 1.000000
X -0.645234, -0.307088, -0.699550
Y -0.264897, 0.948782, -0.172167
Z 0.716591, 0.074221, -0.693533

PART 23
OFFSET 6.445019, -3.102475, -5.958751
SCALE 1.000000, 1.000000, 1.000000
X -0.645234, -0.307088, -0.699550
Y -0.264897, 0.948782, -0.172167
Z 0.716591, 0.074221, -0.693533

PART 24
OFFSET 8.301206, -3.777315, -5.037043
SCALE 1.000000, 1.000000, 1.000000
X -0.989792, 0.087890, -0.112192
Y 0.109963, -0.029825, -0.993488
Z -0.090664, -0.995684, 0.019856

PART 25
OFFSET 6.338773, -4.726539, -7.192530
SCALE 1.000000, 1.000000, 1.000000
X -0.640133, -0.309631, -0.703106
Y 0.760882, -0.128946, -0.635949
Z 0.106247, -0.942073, 0.318135

PART 26
OFFSET 15.282749, -3.976451, -1.272367
SCALE 1.000000, 1.000000, 1.000000
X 0.999990, -0.000001, 0.004517
Y -0.000001, 1.000000, 0.000427
Z -0.004517, -0.000427, 0.999990

PART 27
OFFSET 10.857447, -2.969727, -0.949577
SCALE 1.000000, 1.000000, 1.000000
X 0.999990, -0.000001, 0.004517
Y -0.000001, 1.000000, 0.000427
Z -0.004517, -0.000427, 0.999990

PART 28
OFFSET 15.831677, -3.114291, -1.624463
SCALE 1.000000, 1.000000, 1.000000
X -0.002580, -0.819406, 0.573207
Y 0.999990, 0.000009, 0.004514
Z -0.003704, 0.573213, 0.819398

PART 29
OFFSET 34.773190, -2.971426, -1.496863
SCALE 1.000000, 1.000000, 1.000000
X 0.999990, -0.000001, 0.004517
Y -0.000001, 1.000000, 0.000427
Z -0.004517, -0.000427, 0.999990

PART 30
OFFSET 23.615086, -2.970578, 0.625372
SCALE 1.000000, 1.000000, 1.000000
X 0.999990, -0.000001, 0.004517
Y -0.000001, 1.000000, 0.000427
Z -0.004517, -0.000427, 0.999990

PART 31
OFFSET 15.532261, -2.968603, -4.013430
SCALE 1.000000, 1.000000, 1.000000
X 0.999990, -0.000001, 0.004517
Y -0.000001, 1.000000, 0.000427
Z -0.004517, -0.000427, 0.999990

PART 32
OFFSET 23.441442, -1.548695, -3.137397
SCALE 1.000000, 1.000000, 1.000000
X 0.664490, -0.746674, -0.030502
Y -0.422065, -0.408666, 0.809230
Z -0.616696, -0.524852, -0.586699

PART 33
OFFSET 23.293600, -2.447897, -3.761860
SCALE 1.000000, 1.000000, 1.000000
X 0.383378, -0.861995, 0.331642
Y -0.636004, 0.013981, 0.771559
Z -0.669717, -0.506724, -0.542872

PART 34
OFFSET 20.372926, -2.671836, -4.649740
SCALE 1.000000, 1.000000, 1.000000
X 0.693206, -0.689397, 0.210229
Y -0.524225, -0.282098, 0.803497
Z -0.494624, -0.667197, -0.556952

PART 35
OFFSET 20.619893, -2.132276, -4.253058
SCALE 1.000000, 1.000000, 1.000000
X 0.860035, -0.489434, 0.144202
Y -0.451527, -0.598433, 0.661816
Z -0.237620, -0.634296, -0.735666

PART 36
OFFSET 19.917547, -1.216413, -3.228742
SCALE 1.000000, 1.000000, 1.000000
X 0.853771, 0.191293, 0.484234
Y -0.133306, 0.979372, -0.151858
Z -0.503294, 0.065101, 0.861659

PART 37
OFFSET 22.386340, -1.351556, -2.123066
SCALE 1.000000, 1.000000, 1.000000
X 0.815097, -0.506470, 0.281255
Y 0.564331, 0.584414, -0.583087
Z 0.130947, 0.633994, 0.762171

PART 38
OFFSET 21.750245, -3.490126, -2.934638
SCALE 1.000000, 1.000000, 1.000000
X -0.331895, -0.624275, -0.707196
Y 0.300749, 0.640542, -0.706581
Z 0.894089, -0.447199, -0.024843

PART 39
OFFSET 12.041375, -4.467310, -3.843231
SCALE 1.000000, 1.000000, 1.000000
X -0.991952, -0.113662, -0.055785
Y 0.108199, -0.989794, 0.092744
Z -0.065757, 0.085962, 0.994126

PART 40
OFFSET 12.071392, -4.311684, -4.936495
SCALE 1.000000, 1.000000, 1.000000
X -0.287088, -0.933824, 0.213433
Y 0.933425, -0.322768, -0.156649
Z 0.215171, 0.154251, 0.964317

PART 41
OFFSET 9.274835, -3.682380, -6.009920
SCALE 1.000000, 1.000000, 1.000000
X -0.875935, 0.095967, 0.472788
Y -0.068199, -0.994805, 0.075573
Z 0.477585, 0.033953, 0.877929

PART 42
OFFSET 9.406781, -3.820942, -5.322185
SCALE 1.000000, 1.000000, 1.000000
X -0.972304, 0.127985, 0.195564
Y -0.115519, -0.990551, 0.073922
Z 0.203177, 0.049283, 0.977901

PART 43
OFFSET 8.677540, -3.379262, -4.036060
SCALE 1.000000, 1.000000, 1.000000
X -0.729138, -0.604782, -0.320307
Y 0.499164, -0.149788, -0.853463
Z 0.468181, -0.782178, 0.411101

PART 44
OFFSET 4.040190, -3.920024, -4.653220
SCALE 1.000000, 1.000000, 1.000000
X -0.977765, -0.188412, 0.092064
Y -0.196634, 0.976310, -0.090295
Z -0.072870, -0.106390, -0.991651

PART 45
OFFSET 15.411984, -2.969605, -1.669685
SCALE 1.000000, 1.000000, 1.000000
X 0.999990, -0.000001, 0.004517
Y -0.000001, 1.000000, 0.000427
Z -0.004517, -0.000427, 0.999990

PART 46
OFFSET 24.611375, -2.863326, -3.191099
SCALE 1.000000, 1.000000, 1.000000
X 0.180890, -0.877382, 0.444387
Y -0.774776, 0.151195, 0.613891
Z -0.605806, -0.455347, -0.652425

PART 47
OFFSET 24.042537, -4.131823, -3.113991
SCALE 1.000000, 1.000000, 1.000000
X -0.538740, -0.157380, 0.827642
Y -0.471155, 0.870687, -0.141125
Z -0.698407, -0.465978, -0.543224

PART 48
OFFSET 21.938254, -4.158242, -3.997750
SCALE 1.000000, 1.000000, 1.000000
X -0.273190, -0.346969, 0.897207
Y -0.488560, 0.853486, 0.181300
Z -0.828659, -0.388810, -0.402679

PART 49
OFFSET 22.826681, -3.483552, -4.002675
SCALE 1.000000, 1.000000, 1.000000
X 0.079280, -0.781437, 0.618927
Y -0.624893, 0.444787, 0.641618
Z -0.776674, -0.437631, -0.453052

PART 50
OFFSET 21.718623, -0.702229, -2.151028
SCALE 1.000000, 1.000000, 1.000000
X 0.970064, -0.184326, 0.158110
Y 0.131646, 0.946246, 0.295445
Z -0.204069, -0.265786, 0.942185

PART 51
OFFSET 13.787927, -4.267183, -3.745009
SCALE 1.000000, 1.000000, 1.000000
X -0.996558, -0.057852, -0.059376
Y 0.048846, -0.988477, 0.143270
Z -0.066980, 0.139877, 0.987901

PART 52
OFFSET 12.632232, -2.487415, -5.353446
SCALE 1.000000, 1.000000, 1.000000
X 0.865281, -0.485240, -0.125819
Y 0.438804, 0.854532, -0.277895
Z 0.242363, 0.185248, 0.952336

PART 53
OFFSET 11.320835, -3.771079, -6.953620
SCALE 1.000000, 1.000000, 1.000000
X -0.270531, -0.961670, -0.044761
Y 0.882641, -0.229198, -0.410382
Z 0.384393, -0.150529, 0.910815

PART 54
OFFSET 11.897547, -4.182291, -5.973358
SCALE 1.000000, 1.000000, 1.000000
X -0.298747, -0.939228, 0.169119
Y 0.866919, -0.341179, -0.363384
Z 0.399000, 0.038053, 0.916161

PART 55
OFFSET 10.175093, -2.015687, -3.282543
SCALE 1.000000, 1.000000, 1.000000
X -0.922628, -0.012826, 0.385478
Y -0.296060, -0.617013, -0.729139
Z 0.247197, -0.786848, 0.565476

PART 56
OFFSET 24.868106, -3.902250, -2.611208
SCALE 1.000000, 1.000000, 1.000000
X -0.336410, -0.486115, 0.806549
Y -0.729701, 0.675957, 0.103048
Z -0.595285, -0.553873, -0.582117

PART 57
OFFSET 23.255618, -4.361703, -1.905082
SCALE 1.000000, 1.000000, 1.000000
X -0.543986, -0.195822, 0.815925
Y -0.455992, 0.885262, -0.091552
Z -0.704380, -0.421858, -0.570863

PART 58
OFFSET 21.551488, -4.649460, -2.727539
SCALE 1.000000, 1.000000, 1.000000
X -0.516033, 0.336690, 0.787623
Y -0.214222, 0.839561, -0.499246
Z -0.829348, -0.426354, -0.361115

PART 59
OFFSET 22.961656, -4.813947, -2.948953
SCALE 1.000000, 1.000000, 1.000000
X -0.572062, 0.188746, 0.798198
Y -0.286388, 0.865949, -0.410018
Z -0.768588, -0.463150, -0.441322

PART 60
OFFSET 23.253901, -1.086025, -1.807900
SCALE 1.000000, 1.000000, 1.000000
X 0.954472, -0.036770, 0.296027
Y -0.011463, 0.987120, 0.159573
Z -0.298082, -0.155701, 0.941756

PART 61
OFFSET 14.995377, -4.188361, -3.612851
SCALE 1.000000, 1.000000, 1.000000
X -0.986643, 0.075196, -0.144506
Y -0.090671, -0.990470, 0.103669
Z -0.135333, 0.115386, 0.984058

PART 62
OFFSET 11.368383, -1.778662, -5.169671
SCALE 1.000000, 1.000000, 1.000000
X 0.939202, 0.184480, -0.289597
Y -0.243553, 0.952438, -0.183150
Z 0.242036, 0.242547, 0.939462

PART 63
OFFSET 11.703857, -2.409533, -6.890246
SCALE 1.000000, 1.000000, 1.000000
X 0.727341, -0.561381, -0.394749
Y 0.591131, 0.804686, -0.055179
Z 0.348625, -0.193214, 0.917131

PART 64
OFFSET 12.406160, -2.583266, -6.261282
SCALE 1.000000, 1.000000, 1.000000
X 0.797321, -0.510200, -0.322453
Y 0.465931, 0.859907, -0.208490
Z 0.383651, 0.015993, 0.923340

PART 65
OFFSET 11.619190, -1.943612, -4.011673
SCALE 1.000000, 1.000000, 1.000000
X -0.575742, 0.206382, 0.791156
Y -0.741171, -0.540299, -0.398424
Z 0.345233, -0.815772, 0.464037

PART 66
OFFSET 24.488113, -4.451342, -1.700169
SCALE 1.000000, 1.000000, 1.000000
X 0.600811, -0.607706, -0.519346
Y 0.179196, 0.735529, -0.653365
Z 0.779047, 0.299484, 0.550812

PART 67
OFFSET 22.634851, -4.587071, -0.984960
SCALE 1.000000, 1.000000, 1.000000
X 0.752997, -0.388548, -0.531061
Y -0.051463, 0.769809, -0.636196
Z 0.656009, 0.506384, 0.559668

PART 68
OFFSET 21.093955, -4.350939, -2.029205
SCALE 1.000000, 1.000000, 1.000000
X -0.502830, 0.234720, 0.831906
Y -0.215701, 0.897905, -0.383718
Z -0.837039, -0.372388, -0.400865

PART 69
OFFSET 22.168814, -4.552357, -1.842701
SCALE 1.000000, 1.000000, 1.000000
X -0.576604, 0.184986, 0.795807
Y -0.286434, 0.866442, -0.408942
Z -0.765169, -0.463743, -0.446607

PART 70
OFFSET 24.272262, -1.116144, -1.441939
SCALE 1.000000, 1.000000, 1.000000
X 0.893668, 0.276290, -0.353584
Y -0.321387, -0.155812, -0.934041
Z -0.313159, 0.948360, -0.050448

PART 71
OFFSET 16.109812, -4.273297, -3.449629
SCALE 1.000000, 1.000000, 1.000000
X 0.364901, 0.902094, 0.230375
Y 0.923192, -0.382643, 0.036056
Z 0.120677, 0.199523, -0.972434

PART 72
OFFSET 10.302750, -1.988655, -4.848415
SCALE 1.000000, 1.000000, 1.000000
X -0.580255, -0.765295, 0.278617
Y -0.770692, 0.626566, 0.115968
Z -0.263322, -0.147437, -0.953375

PART 73
OFFSET 11.058972, -1.911794, -6.540249
SCALE 1.000000, 1.000000, 1.000000
X 0.898653, 0.286795, -0.331921
Y -0.217924, 0.948575, 0.229596
Z 0.380699, -0.133994, 0.914939

PART 74
OFFSET 11.301137, -1.876169, -5.814388
SCALE 1.000000, 1.000000, 1.000000
X 0.918044, 0.120108, -0.377848
Y -0.118280, 0.992582, 0.028135
Z 0.378424, 0.018863, 0.925440

PART 75
OFFSET 12.238580, -2.120315, -4.881677
SCALE 1.000000, 1.000000, 1.000000
X -0.799436, 0.565076, 0.203938
Y 0.292009, 0.662179, -0.690108
Z -0.525007, -0.492146, -0.694377

PART 76
OFFSET 20.616277, -4.127960, -1.238913
SCALE 1.000000, 1.000000, 1.000000
X 0.641257, -0.689177, -0.337379
Y 0.054989, 0.479825, -0.875639
Z 0.765354, 0.542957, 0.345588

PART 77
OFFSET 21.543477, -4.351736, -0.979634
SCALE 1.000000, 1.000000, 1.000000
X 0.598974, -0.669073, -0.439968
Y 0.129346, 0.623056, -0.771408
Z 0.790253, 0.405145, 0.459736

PART 78
OFFSET 10.205198, -2.184266, -6.224904
SCALE 1.000000, 1.000000, 1.000000
X -0.605697, -0.795372, -0.022696
Y -0.694658, 0.514660, 0.502568
Z -0.388048, 0.320170, -0.864240

PART 79
OFFSET 10.305481, -2.006431, -5.404597
SCALE 1.000000, 1.000000, 1.000000
X -0.665650, -0.664480, 0.339672
Y -0.639114, 0.742592, 0.200227
Z -0.385284, -0.083807, -0.918984

FRAME 2
PART 0
OFFSET 0.000000, 0.000000, 0.000000
SCALE 1.000000, 1.000000, 1.000000
X 1.000000, 0.000000, 0.000000
Y 0.000000, 1.000000, 0.000000
Z 0.000000, 0.000000, 1.000000

PART 1
OFFSET 0.000000, 0.000000, 0.000000
SCALE 1.000000, 1.000000, 1.000000
X 1.000000, 0.000000, 0.000000
Y 0.000000, 1.000000, 0.000000
Z 0.000000, 0.000000, 1.000000

PART 2
OFFSET 0.000000, 0.000000, 0.000000
SCALE 1.000000, 1.000000, 1.000000
X 1.000000, 0.000000, 0.000000
Y 0.000000, 1.000000, 0.000000
Z 0.000000, 0.000000, 1.000000

PART 3
OFFSET 0.000000, 0.000000, 0.000000
SCALE 1.000000, 1.000000, 1.000000
X 1.000000, 0.000000, 0.000000
Y 0.000000, 1.000000, 0.000000
Z 0.000000, 0.000000, 1.000000

PART 4
OFFSET 0.000000, 0.000000, 0.000000
SCALE 1.000000, 1.000000, 1.000000
X 1.000000, 0.000000, 0.000000
Y 0.000000, 1.000000, 0.000000
Z 0.000000, 0.000000, 1.000000

PART 5
OFFSET 0.462600, 4.302200, -5.020600
SCALE 1.000000, 1.000000, 1.000000
X 0.951564, 0.147848, -0.269567
Y 0.016898, -0.900609, -0.434302
Z -0.306985, 0.408711, -0.859486

PART 6
OFFSET -5.186300, -6.970500, -2.725900
SCALE 1.000000, 1.000000, 1.000000
X -0.504191, 0.031716, 0.863009
Y -0.200581, -0.976297, -0.081305
Z 0.839975, -0.214097, 0.498602

PART 7
OFFSET 12.136025, -2.968600, -4.025820
SCALE 1.000000, 1.000000, 1.000000
X 0.999994, -0.000001, 0.003516
Y -0.000001, 1.000000, 0.000342
Z -0.003516, -0.000342, 0.999994

PART 8
OFFSET 15.159802, 0.000000, -6.752720
SCALE 1.000000, 1.000000, 1.000000
X 1.000000, 0.000000, 0.000000
Y 0.000000, 1.000000, 0.000000
Z 0.000000, 0.000000, 1.000000

PART 9
OFFSET 0.000000, 0.000000, 0.000000
SCALE 1.000000, 1.000000, 1.000000
X 1.000000, 0.000000, 0.000000
Y 0.000000, 1.000000, 0.000000
Z 0.000000, 0.000000, 1.000000

PART 10
OFFSET 0.000000, 0.000000, 0.000000
SCALE 1.000000, 1.000000, 1.000000
X 1.000000, 0.000000, 0.000000
Y 0.000000, 1.000000, 0.000000
Z 0.000000, 0.000000, 1.000000

PART 11
OFFSET 11.970553, 6.090237, -8.280438
SCALE 1.000000, 1.000000, 1.000000
X 0.663380, -0.663119, 0.346701
Y -0.734694, -0.489302, 0.469903
Z -0.141960, -0.566443, -0.811782

PART 12
OFFSET 0.911382, -7.354090, -13.162907
SCALE 1.000000, 1.000000, 1.000000
X -0.641034, -0.309117, -0.702511
Y 0.723680, 0.061457, -0.687394
Z 0.255659, -0.949036, 0.184306

PART 13
OFFSET 12.136025, -2.968600, -4.025820
SCALE 1.000000, 1.000000, 1.000000
X 0.999994, -0.000001, 0.003516
Y -0.000001, 1.000000, 0.000342
Z -0.003516, -0.000342, 0.999994

PART 14
OFFSET 19.304181, 0.919889, -3.642164
SCALE 1.000000, 1.000000, 1.000000
X 0.668104, -0.658686, 0.346078
Y 0.150634, 0.575221, 0.804009
Z -0.728661, -0.485030, 0.483528

PART 15
OFFSET 19.104245, -0.021607, -6.162888
SCALE 1.000000, 1.000000, 1.000000
X 0.668104, -0.658686, 0.346078
Y 0.150634, 0.575221, 0.804009
Z -0.728661, -0.485030, 0.483528

PART 16
OFFSET 18.103013, -0.633009, -2.806441
SCALE 1.000000, 1.000000, 1.000000
X 0.668104, -0.658686, 0.346078
Y 0.150634, 0.575221, 0.804009
Z -0.728661, -0.485030, 0.483528

PART 17
OFFSET 17.720161, -1.567940, -4.148451
SCALE 1.000000, 1.000000, 1.000000
X 0.668104, -0.658686, 0.346078
Y 0.150634, 0.575221, 0.804009
Z -0.728661, -0.485030, 0.483528

PART 18
OFFSET 17.385079, -2.119696, -5.649385
SCALE 1.000000, 1.000000, 1.000000
X 0.668104, -0.658686, 0.346078
Y 0.150634, 0.575221, 0.804009
Z -0.728661, -0.485030, 0.483528

PART 19
OFFSET 19.646425, -1.582616, -4.268814
SCALE 1.000000, 1.000000, 1.000000
X 0.953710, -0.196623, 0.227544
Y -0.006912, 0.742114, 0.670238
Z -0.300647, -0.640786, 0.706402

PART 20
OFFSET 17.612788, 0.450220, -5.331649
SCALE 1.000000, 1.000000, 1.000000
X 0.663355, -0.663146, 0.346695
Y 0.276713, 0.647851, 0.709732
Z -0.695262, -0.374870, 0.613256

PART 21
OFFSET 6.808272, -4.962495, -4.754815
SCALE 1.000000, 1.000000, 1.000000
X -0.646130, -0.306571, -0.698950
Y -0.264285, 0.948996, -0.171932
Z 0.716009, 0.073631, -0.694197

PART 22
OFFSET 6.160520, -3.614463, -4.897014
SCALE 1.000000, 1.000000, 1.000000
X -0.646130, -0.306571, -0.698950
Y -0.264285, 0.948996, -0.171932
Z 0.716009, 0.073631, -0.694197

PART 23
OFFSET 6.472312, -3.100949, -5.954144
SCALE 1.000000, 1.000000, 1.000000
X -0.646130, -0.306571, -0.698950
Y -0.264285, 0.948996, -0.171932
Z 0.716009, 0.073631, -0.694197

PART 24
OFFSET 8.328801, -3.777288, -5.034146
SCALE 1.000000, 1.000000, 1.000000
X -0.989843, 0.086744, -0.112630
Y 0.110435, -0.029712, -0.993439
Z -0.089522, -0.995787, 0.019831

PART 25
OFFSET 6.363605, -4.724938, -7.187807
SCALE 1.000000, 1.000000, 1.000000
X -0.641034, -0.309117, -0.702511
Y 0.759940, -0.127375, -0.637391
Z 0.107546, -0.942455, 0.316563

PART 26
OFFSET 15.314433, -3.976215, -1.272381
SCALE 1.000000, 1.000000, 1.000000
X 0.999994, -0.000001, 0.003516
Y -0.000001, 1.000000, 0.000342
Z -0.003516, -0.000342, 0.999994

PART 27
OFFSET 10.889456, -2.969464, -0.945248
SCALE 1.000000, 1.000000, 1.000000
X 0.999994, -0.000001, 0.003516
Y -0.000001, 1.000000, 0.000342
Z -0.003516, -0.000342, 0.999994

PART 28
OFFSET 15.863008, -3.114085, -1.625100
SCALE 1.000000, 1.000000, 1.000000
X -0.002006, -0.819357, 0.573280
Y 0.999994, 0.000009, 0.003513
Z -0.002883, 0.573283, 0.819352

PART 29
OFFSET 34.804638, -2.971210, -1.516473
SCALE 1.000000, 1.000000, 1.000000
X 0.999994, -0.000001, 0.003516
Y -0.000001, 1.000000, 0.000342
Z -0.003516, -0.000342, 0.999994

PART 30
OFFSET 23.648665, -2.970180, 0.616931
SCALE 1.000000, 1.000000, 1.000000
X 0.999994, -0.000001, 0.003516
Y -0.000001, 1.000000, 0.000342
Z -0.003516, -0.000342, 0.999994

PART 31
OFFSET 15.561201, -2.968602, -4.013778
SCALE 1.000000, 1.000000, 1.000000
X 0.999994, -0.000001, 0.003516
Y -0.000001, 1.000000, 0.000342
Z -0.003516, -0.000342, 0.999994

PART 32
OFFSET 23.469176, -1.550942, -3.139245
SCALE 1.000000, 1.000000, 1.000000
X 0.664352, -0.746782, -0.030869
Y -0.421934, -0.408812, 0.809224
Z -0.616934, -0.524585, -0.586688

PART 33
OFFSET 23.321022, -2.449949, -3.763915
SCALE 1.000000, 1.000000, 1.000000
X 0.383310, -0.862152, 0.331312
Y -0.635809, 0.013882, 0.771721
Z -0.669940, -0.506460, -0.542843

PART 34
OFFSET 20.400088, -2.673138, -4.651129
SCALE 1.000000, 1.000000, 1.000000
X 0.693139, -0.689575, 0.209870
Y -0.524075, -0.282225, 0.803551
Z -0.494879, -0.666960, -0.557010

PART 35
OFFSET 20.647248, -2.133728, -4.254362
SCALE 1.000000, 1.000000, 1.000000
X 0.859985, -0.489623, 0.143856
Y -0.451467, -0.598534, 0.661766
Z -0.237914, -0.634055, -0.735779

PART 36
OFFSET 19.945316, -1.218021, -3.229623
SCALE 1.000000, 1.000000, 1.000000
X 0.853924, 0.191013, 0.484073
Y -0.133173, 0.979436, -0.151559
Z -0.503069, 0.064955, 0.861802

PART 37
OFFSET 22.414361, -1.353894, -2.124598
SCALE 1.000000, 1.000000, 1.000000
X 0.815079, -0.506688, 0.280915
Y 0.564288, 0.584474, -0.583069
Z 0.131247, 0.633764, 0.762311

PART 38
OFFSET 21.777691, -3.492134, -2.936592
SCALE 1.000000, 1.000000, 1.000000
X -0.332180, -0.624025, -0.707283
Y 0.300685, 0.640681, -0.706482
Z 0.894005, -0.447348, -0.025187

PART 39
OFFSET 12.069238, -4.462942, -3.838675
SCALE 1.000000, 1.000000, 1.000000
X -0.991795, -0.114810, -0.056221
Y 0.109302, -0.989667, 0.092807
Z -0.066295, 0.085900, 0.994096

PART 40
OFFSET 12.099558, -4.307297, -4.931927
SCALE 1.000000, 1.000000, 1.000000
X -0.286102, -0.934152, 0.213320
Y 0.933866, -0.321691, -0.156232
Z 0.214568, 0.154514, 0.964410

PART 41
OFFSET 9.302749, -3.681241, -6.006595
SCALE 1.000000, 1.000000, 1.000000
X -0.876253, 0.094961, 0.472401
Y -0.067083, -0.994882, 0.075557
Z 0.477158, 0.034517, 0.878139

PART 42
OFFSET 9.434551, -3.819641, -5.318799
SCALE 1.000000, 1.000000, 1.000000
X -0.972537, 0.126864, 0.195133
Y -0.114406, -0.990683, 0.073886
Z 0.202688, 0.049532, 0.977990

PART 43
OFFSET 8.704233, -3.378786, -4.033003
SCALE 1.000000, 1.000000, 1.000000
X -0.728297, -0.605629, -0.320619
Y 0.499713, -0.149223, -0.853241
Z 0.468904, -0.781630, 0.411319

PART 44
OFFSET 4.067784, -3.924918, -4.652200
SCALE 1.000000, 1.000000, 1.000000
X -0.977587, -0.189541, 0.091635
Y -0.197723, 0.976081, -0.090396
Z -0.072310, -0.106488, -0.991681

PART 45
OFFSET 15.443270, -2.969403, -1.669914
SCALE 1.000000, 1.000000, 1.000000
X 0.999994, -0.000001, 0.003516
Y -0.000001, 1.000000, 0.000342
Z -0.003516, -0.000342, 0.999994

PART 46
OFFSET 24.638866, -2.865762, -3.193595
SCALE 1.000000, 1.000000, 1.000000
X 0.180847, -0.877534, 0.444104
Y -0.774597, 0.151164, 0.614125
Z -0.606048, -0.455064, -0.652397

PART 47
OFFSET 24.069827, -4.134181, -3.116689
SCALE 1.000000, 1.000000, 1.000000
X -0.538561, -0.157511, 0.827733
Y -0.471039, 0.870808, -0.140772
Z -0.698623, -0.465709, -0.543177

PART 48
OFFSET 21.965319, -4.159994, -3.999932
SCALE 1.000000, 1.000000, 1.000000
X -0.273027, -0.347165, 0.897180
Y -0.488366, 0.853522, 0.181653
Z -0.828827, -0.388557, -0.402579

PART 49
OFFSET 22.853863, -3.485457, -4.004895
SCALE 1.000000, 1.000000, 1.000000
X 0.079298, -0.781619, 0.618695
Y -0.624656, 0.444721, 0.641894
Z -0.776863, -0.437373, -0.452978

PART 50
OFFSET 21.746750, -0.704444, -2.152218
SCALE 1.000000, 1.000000, 1.000000
X 0.970072, -0.184538, 0.157819
Y 0.131884, 0.946143, 0.295669
