// Export filename: 'H:\01 Ricko0z\CoD World at War MT GCZ\xanim_export\guns\m27\m27_sprint_in.xanim_export'
// Source filename: 'C:\Users\Ricardo\Desktop\Working Gun\M27\01 Escenas\m27_handed.mb'
// Export time: Mon Jun 22 2015, 12:40:17

ANIMATION
VERSION 3

NUMPARTS 80
PART 0 "tag_view"
PART 1 "tag_ads"
PART 2 "tag_cambone"
PART 3 "tag_torso"
PART 4 "tag_camera"
PART 5 "j_shoulder_le"
PART 6 "j_shoulder_ri"
PART 7 "tag_weapon"
PART 8 "tag_weapon1"
PART 9 "tag_gasmask"
PART 10 "tag_gasmask2"
PART 11 "j_elbow_le"
PART 12 "j_elbow_ri"
PART 13 "j_gun"
PART 14 "j_sleave_reshape_bottom_le_1"
PART 15 "j_sleave_reshape_bottom_le_2"
PART 16 "j_sleave_reshape_top_le_1"
PART 17 "j_sleave_reshape_top_le_2"
PART 18 "j_sleave_reshape_top_le_3"
PART 19 "j_wrist_le"
PART 20 "j_wristtwist_le"
PART 21 "j_sleave_reshape_top_ri_1"
PART 22 "j_sleave_reshape_top_ri_2"
PART 23 "j_sleave_reshape_top_ri_3"
PART 24 "j_wrist_ri"
PART 25 "j_wristtwist_ri"
PART 26 "j_bolt"
PART 27 "j_handle"
PART 28 "tag_brass"
PART 29 "tag_flash"
PART 30 "tag_sights"
PART 31 "tag_clip"
PART 32 "j_index_le_0"
PART 33 "j_mid_le_0"
PART 34 "j_pinkypalm_le"
PART 35 "j_ringpalm_le"
PART 36 "j_thumb_le_0"
PART 37 "j_webbing_le"
PART 38 "tag_knife_attach"
PART 39 "j_index_ri_0"
PART 40 "j_mid_ri_0"
PART 41 "j_pinkypalm_ri"
PART 42 "j_ringpalm_ri"
PART 43 "j_thumb_ri_0"
PART 44 "j_webbing_ri"
PART 45 "tag_bullet"
PART 46 "j_index_le_1"
PART 47 "j_mid_le_1"
PART 48 "j_pinky_le_0"
PART 49 "j_ring_le_0"
PART 50 "j_thumb_le_1"
PART 51 "j_index_ri_1"
PART 52 "j_mid_ri_1"
PART 53 "j_pinky_ri_0"
PART 54 "j_ring_ri_0"
PART 55 "j_thumb_ri_1"
PART 56 "j_index_le_2"
PART 57 "j_mid_le_2"
PART 58 "j_pinky_le_1"
PART 59 "j_ring_le_1"
PART 60 "j_thumb_le_2"
PART 61 "j_index_ri_2"
PART 62 "j_mid_ri_2"
PART 63 "j_pinky_ri_1"
PART 64 "j_ring_ri_1"
PART 65 "j_thumb_ri_2"
PART 66 "j_index_le_3"
PART 67 "j_mid_le_3"
PART 68 "j_pinky_le_2"
PART 69 "j_ring_le_2"
PART 70 "j_thumb_le_3"
PART 71 "j_index_ri_3"
PART 72 "j_mid_ri_3"
PART 73 "j_pinky_ri_2"
PART 74 "j_ring_ri_2"
PART 75 "j_thumb_ri_3"
PART 76 "j_pinky_le_3"
PART 77 "j_ring_le_3"
PART 78 "j_pinky_ri_3"
PART 79 "j_ring_ri_3"

FRAMERATE 30
NUMFRAMES 11

FRAME 0
PART 0
OFFSET 0.000000, 0.000000, 0.000000
SCALE 1.000000, 1.000000, 1.000000
X 1.000000, 0.000000, 0.000000
Y 0.000000, 1.000000, 0.000000
Z 0.000000, 0.000000, 1.000000

PART 1
OFFSET 0.000000, 0.000000, 0.000000
SCALE 1.000000, 1.000000, 1.000000
X 1.000000, 0.000000, 0.000000
Y 0.000000, 1.000000, 0.000000
Z 0.000000, 0.000000, 1.000000

PART 2
OFFSET 0.000000, 0.000000, 0.000000
SCALE 1.000000, 1.000000, 1.000000
X 1.000000, 0.000000, 0.000000
Y 0.000000, 1.000000, 0.000000
Z 0.000000, 0.000000, 1.000000

PART 3
OFFSET 0.000000, 0.000000, 0.000000
SCALE 1.000000, 1.000000, 1.000000
X 1.000000, 0.000000, 0.000000
Y 0.000000, 1.000000, 0.000000
Z 0.000000, 0.000000, 1.000000

PART 4
OFFSET 0.000000, 0.000000, 0.000000
SCALE 1.000000, 1.000000, 1.000000
X 1.000000, 0.000000, 0.000000
Y 0.000000, 1.000000, 0.000000
Z 0.000000, 0.000000, 1.000000

PART 5
OFFSET 0.462600, 4.302200, -5.020600
SCALE 1.000000, 1.000000, 1.000000
X 0.963120, 0.112508, -0.244421
Y -0.002020, -0.905338, -0.424688
Z -0.269064, 0.409519, -0.871722

PART 6
OFFSET -5.186300, -6.970500, -2.725900
SCALE 1.000000, 1.000000, 1.000000
X -0.537759, 0.021019, 0.842836
Y -0.202545, -0.973633, -0.104950
Z 0.818407, -0.227150, 0.527837

PART 7
OFFSET 12.832399, -2.968800, -4.013500
SCALE 1.000000, 1.000000, 1.000000
X 1.000000, 0.000000, 0.000000
Y 0.000000, 1.000000, 0.000000
Z 0.000000, 0.000000, 1.000000

PART 8
OFFSET 15.159802, 0.000000, -6.752720
SCALE 1.000000, 1.000000, 1.000000
X 1.000000, 0.000000, 0.000000
Y 0.000000, 1.000000, 0.000000
Z 0.000000, 0.000000, 1.000000

PART 9
OFFSET 0.000000, 0.000000, 0.000000
SCALE 1.000000, 1.000000, 1.000000
X 1.000000, 0.000000, 0.000000
Y 0.000000, 1.000000, 0.000000
Z 0.000000, 0.000000, 1.000000

PART 10
OFFSET 0.000000, 0.000000, 0.000000
SCALE 1.000000, 1.000000, 1.000000
X 1.000000, 0.000000, 0.000000
Y 0.000000, 1.000000, 0.000000
Z 0.000000, 0.000000, 1.000000

PART 11
OFFSET 12.110523, 5.662861, -7.976615
SCALE 1.000000, 1.000000, 1.000000
X 0.711537, -0.626147, 0.318833
Y -0.688779, -0.531838, 0.492679
Z -0.138922, -0.570165, -0.809699

PART 12
OFFSET 1.317166, -7.224881, -12.918942
SCALE 1.000000, 1.000000, 1.000000
X -0.665856, -0.297958, -0.684000
Y 0.705421, 0.047092, -0.707223
Z 0.242934, -0.953417, 0.178829

PART 13
OFFSET 12.832399, -2.968800, -4.013500
SCALE 1.000000, 1.000000, 1.000000
X 1.000000, 0.000000, 0.000000
Y 0.000000, 1.000000, 0.000000
Z 0.000000, 0.000000, 1.000000

PART 14
OFFSET 19.884185, 0.894233, -3.633880
SCALE 1.000000, 1.000000, 1.000000
X 0.715980, -0.621453, 0.318071
Y 0.146806, 0.579449, 0.801677
Z -0.682511, -0.527290, 0.506107

PART 15
OFFSET 19.647380, -0.046550, -6.151605
SCALE 1.000000, 1.000000, 1.000000
X 0.715980, -0.621453, 0.318071
Y 0.146806, 0.579449, 0.801677
Z -0.682511, -0.527290, 0.506107

PART 16
OFFSET 18.802672, -0.727233, -2.765580
SCALE 1.000000, 1.000000, 1.000000
X 0.715980, -0.621453, 0.318071
Y 0.146806, 0.579449, 0.801677
Z -0.682511, -0.527290, 0.506107

PART 17
OFFSET 18.425131, -1.676686, -4.098832
SCALE 1.000000, 1.000000, 1.000000
X 0.715980, -0.621453, 0.318071
Y 0.146806, 0.579449, 0.801677
Z -0.682511, -0.527290, 0.506107

PART 18
OFFSET 18.068028, -2.240199, -5.590277
SCALE 1.000000, 1.000000, 1.000000
X 0.715980, -0.621453, 0.318071
Y 0.146806, 0.579449, 0.801677
Z -0.682511, -0.527290, 0.506107

PART 19
OFFSET 20.343638, -1.582444, -4.287672
SCALE 1.000000, 1.000000, 1.000000
X 0.954661, -0.196470, 0.223655
Y -0.004177, 0.742375, 0.669971
Z -0.297665, -0.640530, 0.707896

PART 20
OFFSET 18.162354, 0.337133, -5.265019
SCALE 1.000000, 1.000000, 1.000000
X 0.711499, -0.626195, 0.318825
Y 0.259317, 0.655683, 0.709108
Z -0.653088, -0.421853, 0.628901

PART 21
OFFSET 7.484194, -4.933674, -4.677150
SCALE 1.000000, 1.000000, 1.000000
X -0.670803, -0.295312, -0.680304
Y -0.251213, 0.953553, -0.166221
Z 0.697793, 0.059400, -0.713832

PART 22
OFFSET 6.861995, -3.580718, -4.804742
SCALE 1.000000, 1.000000, 1.000000
X -0.670803, -0.295312, -0.680304
Y -0.251213, 0.953553, -0.166221
Z 0.697793, 0.059400, -0.713832

PART 23
OFFSET 7.153121, -3.074180, -5.870261
SCALE 1.000000, 1.000000, 1.000000
X -0.670803, -0.295312, -0.680304
Y -0.251213, 0.953553, -0.166221
Z 0.697793, 0.059400, -0.713832

PART 24
OFFSET 9.021935, -3.777144, -5.004225
SCALE 1.000000, 1.000000, 1.000000
X -0.990289, 0.087828, -0.107768
Y 0.105495, -0.030131, -0.993963
Z -0.090545, -0.995680, 0.020573

PART 25
OFFSET 6.980563, -4.690618, -7.101222
SCALE 1.000000, 1.000000, 1.000000
X -0.665856, -0.297958, -0.684000
Y 0.737851, -0.127197, -0.662870
Z 0.110505, -0.946067, 0.304544

PART 26
OFFSET 16.020468, -3.975476, -1.270908
SCALE 1.000000, 1.000000, 1.000000
X 1.000000, 0.000000, 0.000000
Y 0.000000, 1.000000, 0.000000
Z 0.000000, 0.000000, 1.000000

PART 27
OFFSET 11.596668, -2.968610, -0.928564
SCALE 1.000000, 1.000000, 1.000000
X 1.000000, 0.000000, 0.000000
Y 0.000000, 1.000000, 0.000000
Z 0.000000, 0.000000, 1.000000

PART 28
OFFSET 16.567799, -3.113467, -1.625848
SCALE 1.000000, 1.000000, 1.000000
X 0.000010, -0.819161, 0.573563
Y 1.000000, 0.000010, -0.000003
Z -0.000003, 0.573563, 0.819161

PART 29
OFFSET 35.509695, -2.970566, -1.583864
SCALE 1.000000, 1.000000, 1.000000
X 1.000000, 0.000000, 0.000000
Y 0.000000, 1.000000, 0.000000
Z 0.000000, 0.000000, 1.000000

PART 30
OFFSET 24.361291, -2.968800, 0.588747
SCALE 1.000000, 1.000000, 1.000000
X 1.000000, 0.000000, 0.000000
Y 0.000000, 1.000000, 0.000000
Z 0.000000, 0.000000, 1.000000

PART 31
OFFSET 16.257596, -2.968800, -4.013500
SCALE 1.000000, 1.000000, 1.000000
X 1.000000, 0.000000, 0.000000
Y 0.000000, 1.000000, 0.000000
Z 0.000000, 0.000000, 1.000000

PART 32
OFFSET 24.171005, -1.550066, -3.173983
SCALE 1.000000, 1.000000, 1.000000
X 0.664269, -0.746749, -0.033338
Y -0.418539, -0.408524, 0.811131
Z -0.619331, -0.524856, -0.583914

PART 33
OFFSET 24.020400, -2.449332, -3.797634
SCALE 1.000000, 1.000000, 1.000000
X 0.384743, -0.861996, 0.330053
Y -0.632597, 0.014142, 0.774352
Z -0.672156, -0.506717, -0.539856

PART 34
OFFSET 21.095795, -2.673093, -4.672682
SCALE 1.000000, 1.000000, 1.000000
X 0.694052, -0.689446, 0.207256
Y -0.520711, -0.281946, 0.805833
Z -0.497144, -0.667211, -0.554687

PART 35
OFFSET 21.344562, -2.133454, -4.277123
SCALE 1.000000, 1.000000, 1.000000
X 0.860609, -0.489510, 0.140471
Y -0.448672, -0.598305, 0.663871
Z -0.240927, -0.634359, -0.734536

PART 36
OFFSET 20.646855, -1.217424, -3.249873
SCALE 1.000000, 1.000000, 1.000000
X 0.855916, 0.191260, 0.480445
Y -0.133869, 0.979368, -0.151387
Z -0.499487, 0.065258, 0.863860

PART 37
OFFSET 23.120428, -1.352675, -2.155086
SCALE 1.000000, 1.000000, 1.000000
X 0.816274, -0.506524, 0.277723
Y 0.561819, 0.584284, -0.585638
Z 0.134371, 0.634071, 0.761511

PART 38
OFFSET 22.480620, -3.491324, -2.963586
SCALE 1.000000, 1.000000, 1.000000
X -0.335074, -0.624324, -0.705652
Y 0.297702, 0.640425, -0.707976
Z 0.893924, -0.447298, -0.028727

PART 39
OFFSET 12.767389, -4.466640, -3.826981
SCALE 1.000000, 1.000000, 1.000000
X -0.992190, -0.113706, -0.051288
Y 0.108643, -0.989762, 0.092565
Z -0.061288, 0.086269, 0.994385

PART 40
OFFSET 12.792430, -4.311374, -4.920488
SCALE 1.000000, 1.000000, 1.000000
X -0.286098, -0.933765, 0.215012
Y 0.932720, -0.322792, -0.160744
Z 0.219501, 0.154557, 0.963292

PART 41
OFFSET 9.991153, -3.682500, -5.981518
SCALE 1.000000, 1.000000, 1.000000
X -0.873802, 0.096090, 0.476693
Y -0.067830, -0.994784, 0.076188
Z 0.481527, 0.034239, 0.875762

PART 42
OFFSET 10.126187, -3.820878, -5.294344
SCALE 1.000000, 1.000000, 1.000000
X -0.971418, 0.128019, 0.199894
Y -0.115157, -0.990531, 0.074749
Z 0.207571, 0.049593, 0.976962

PART 43
OFFSET 9.402754, -3.378748, -4.005038
SCALE 1.000000, 1.000000, 1.000000
X -0.730554, -0.604901, -0.316836
Y 0.495325, -0.150040, -0.855653
Z 0.470047, -0.782037, 0.409235

PART 44
OFFSET 4.762670, -3.919851, -4.601281
SCALE 1.000000, 1.000000, 1.000000
X -0.977336, -0.188410, 0.096518
Y -0.197066, 0.976277, -0.089713
Z -0.077326, -0.106700, -0.991280

PART 45
OFFSET 16.147907, -2.968800, -1.669236
SCALE 1.000000, 1.000000, 1.000000
X 1.000000, 0.000000, 0.000000
Y 0.000000, 1.000000, 0.000000
Z 0.000000, 0.000000, 1.000000

PART 46
OFFSET 25.340549, -2.864828, -3.232681
SCALE 1.000000, 1.000000, 1.000000
X 0.182752, -0.877348, 0.443691
Y -0.772048, 0.151352, 0.617280
Z -0.608723, -0.455360, -0.649695

PART 47
OFFSET 24.772008, -4.133270, -3.152864
SCALE 1.000000, 1.000000, 1.000000
X -0.535105, -0.157223, 0.830026
Y -0.471679, 0.870721, -0.139153
Z -0.700843, -0.465968, -0.540086

PART 48
OFFSET 22.663746, -4.159521, -4.027390
SCALE 1.000000, 1.000000, 1.000000
X -0.269272, -0.346832, 0.898443
Y -0.487666, 0.853561, 0.183348
Z -0.830467, -0.388770, -0.398978

PART 49
OFFSET 23.552226, -3.484926, -4.036257
SCALE 1.000000, 1.000000, 1.000000
X 0.081922, -0.781371, 0.618666
Y -0.622013, 0.444931, 0.644310
Z -0.778709, -0.437602, -0.449574

PART 50
OFFSET 22.452715, -0.703308, -2.180087
SCALE 1.000000, 1.000000, 1.000000
X 0.970732, -0.184411, 0.153858
Y 0.133047, 0.946267, 0.294748
Z -0.199945, -0.265651, 0.943107

PART 51
OFFSET 14.514255, -4.266447, -3.736682
SCALE 1.000000, 1.000000, 1.000000
X -0.996813, -0.057897, -0.054875
Y 0.049518, -0.988431, 0.143357
Z -0.062541, 0.140182, 0.988149

PART 52
OFFSET 13.351327, -2.487249, -5.340517
SCALE 1.000000, 1.000000, 1.000000
X 0.864720, -0.485256, -0.129558
Y 0.437526, 0.854458, -0.280131
Z 0.246637, 0.185550, 0.951179

PART 53
OFFSET 12.032931, -3.771426, -6.934363
SCALE 1.000000, 1.000000, 1.000000
X -0.270702, -0.961691, -0.043245
Y 0.880793, -0.229302, -0.414276
Z 0.388489, -0.150235, 0.909124

PART 54
OFFSET 12.614058, -4.182416, -5.956598
SCALE 1.000000, 1.000000, 1.000000
X -0.297956, -0.939183, 0.170753
Y 0.865286, -0.341268, -0.367173
Z 0.403115, 0.038348, 0.914346

PART 55
OFFSET 10.903678, -2.014883, -3.258678
SCALE 1.000000, 1.000000, 1.000000
X -0.920885, -0.012731, 0.389628
Y -0.299319, -0.617248, -0.727608
Z 0.249760, -0.786666, 0.564603

PART 56
OFFSET 25.599679, -3.903739, -2.653848
SCALE 1.000000, 1.000000, 1.000000
X -0.332906, -0.485982, 0.808081
Y -0.729168, 0.676047, 0.106180
Z -0.597903, -0.553879, -0.579422

PART 57
OFFSET 23.990415, -4.362915, -1.940501
SCALE 1.000000, 1.000000, 1.000000
X -0.540407, -0.195665, 0.818337
Y -0.456296, 0.885300, -0.089649
Z -0.706933, -0.421851, -0.567704

PART 58
OFFSET 22.282524, -4.650549, -2.755419
SCALE 1.000000, 1.000000, 1.000000
X -0.512523, 0.336840, 0.789848
Y -0.216330, 0.839524, -0.498399
Z -0.830976, -0.426308, -0.357407

PART 59
OFFSET 23.691699, -4.815211, -2.982977
SCALE 1.000000, 1.000000, 1.000000
X -0.568520, 0.188903, 0.800688
Y -0.288099, 0.865930, -0.408857
Z -0.770574, -0.463120, -0.437876

PART 60
OFFSET 23.989498, -1.087204, -1.843654
SCALE 1.000000, 1.000000, 1.000000
X 0.955762, -0.036837, 0.291824
Y -0.010655, 0.987140, 0.159503
Z -0.293947, -0.155556, 0.943079

PART 61
OFFSET 15.722280, -4.187549, -3.609966
SCALE 1.000000, 1.000000, 1.000000
X -0.987285, 0.075124, -0.140091
Y -0.090176, -0.990441, 0.104383
Z -0.130910, 0.115689, 0.984621

PART 62
OFFSET 12.088316, -1.778484, -5.151284
SCALE 1.000000, 1.000000, 1.000000
X 0.937885, 0.184416, -0.293875
Y -0.244401, 0.952374, -0.182349
Z 0.246251, 0.242846, 0.938289

PART 63
OFFSET 12.416188, -2.409878, -6.873137
SCALE 1.000000, 1.000000, 1.000000
X 0.725574, -0.561484, -0.397841
Y 0.590854, 0.804685, -0.058087
Z 0.352752, -0.192919, 0.915614

PART 64
OFFSET 13.121334, -2.583440, -6.247308
SCALE 1.000000, 1.000000, 1.000000
X 0.795877, -0.510279, -0.325876
Y 0.464964, 0.859855, -0.210851
Z 0.387799, 0.016290, 0.921600

PART 65
OFFSET 12.344475, -1.943024, -3.994328
SCALE 1.000000, 1.000000, 1.000000
X -0.572184, 0.206612, 0.793673
Y -0.742940, -0.540443, -0.394919
Z 0.347340, -0.815618, 0.462734

PART 66
OFFSET 25.223646, -4.452677, -1.741084
SCALE 1.000000, 1.000000, 1.000000
X 0.598452, -0.607833, -0.521914
Y 0.176395, 0.735431, -0.654237
Z 0.781498, 0.299467, 0.547339

PART 67
OFFSET 23.373657, -4.588097, -1.017579
SCALE 1.000000, 1.000000, 1.000000
X 0.750609, -0.388693, -0.534326
Y -0.054182, 0.769738, -0.636056
Z 0.658522, 0.506380, 0.556712

PART 68
OFFSET 21.828127, -4.351911, -2.055148
SCALE 1.000000, 1.000000, 1.000000
X -0.499136, 0.234874, 0.834085
Y -0.217293, 0.897882, -0.382873
Z -0.838837, -0.372346, -0.397129

PART 69
OFFSET 22.903773, -4.553406, -1.873284
SCALE 1.000000, 1.000000, 1.000000
X -0.573072, 0.185144, 0.798317
Y -0.288140, 0.866424, -0.407781
Z -0.767179, -0.463715, -0.443176

PART 70
OFFSET 25.009491, -1.117381, -1.482204
SCALE 1.000000, 1.000000, 1.000000
X 0.892131, 0.276152, -0.357551
Y -0.325515, -0.155890, -0.932598
Z -0.313277, 0.948387, -0.049183

PART 71
OFFSET 16.837402, -4.272401, -3.451736
SCALE 1.000000, 1.000000, 1.000000
X 0.365908, 0.902176, 0.228451
Y 0.923356, -0.382607, 0.032023
Z 0.116297, 0.199224, -0.973029

PART 72
OFFSET 11.024167, -1.988448, -4.825212
SCALE 1.000000, 1.000000, 1.000000
X -0.578974, -0.765224, 0.281462
Y -0.770180, 0.626581, 0.119238
Z -0.267602, -0.147741, -0.952135

PART 73
OFFSET 11.772884, -1.912059, -6.520406
SCALE 1.000000, 1.000000, 1.000000
X 0.897143, 0.286716, -0.336048
Y -0.216917, 0.948640, 0.230279
Z 0.384813, -0.133699, 0.913260

PART 74
OFFSET 12.018290, -1.876221, -5.795660
SCALE 1.000000, 1.000000, 1.000000
X 0.916332, 0.120016, -0.382010
Y -0.118181, 0.992587, 0.028358
Z 0.382581, 0.019161, 0.923723

PART 75
OFFSET 12.959958, -2.119969, -4.867083
SCALE 1.000000, 1.000000, 1.000000
X -0.798527, 0.565118, 0.207355
Y 0.288884, 0.661972, -0.691620
Z -0.528110, -0.492376, -0.691857

PART 76
OFFSET 21.353944, -4.128778, -1.262761
SCALE 1.000000, 1.000000, 1.000000
X 0.639690, -0.689287, -0.340118
Y 0.051182, 0.479714, -0.875931
Z 0.766927, 0.542917, 0.342148

PART 77
OFFSET 22.282266, -4.352614, -1.007496
SCALE 1.000000, 1.000000, 1.000000
X 0.596959, -0.669190, -0.442522
Y 0.126013, 0.622950, -0.772046
Z 0.792314, 0.405116, 0.456202

PART 78
OFFSET 10.920554, -2.184453, -6.201144
SCALE 1.000000, 1.000000, 1.000000
X -0.605770, -0.795395, -0.019725
Y -0.692406, 0.514798, 0.505527
Z -0.391939, 0.319891, -0.862585

PART 79
OFFSET 11.024503, -2.006382, -5.381360
SCALE 1.000000, 1.000000, 1.000000
X -0.664097, -0.664392, 0.342868
Y -0.638228, 0.742637, 0.202868
Z -0.389411, -0.084104, -0.917216

FRAME 1
PART 0
OFFSET 0.000000, 0.000000, 0.000000
SCALE 1.000000, 1.000000, 1.000000
X 1.000000, 0.000000, 0.000000
Y 0.000000, 1.000000, 0.000000
Z 0.000000, 0.000000, 1.000000

PART 1
OFFSET 0.000000, 0.000000, 0.000000
SCALE 1.000000, 1.000000, 1.000000
X 1.000000, 0.000000, 0.000000
Y 0.000000, 1.000000, 0.000000
Z 0.000000, 0.000000, 1.000000

PART 2
OFFSET 0.000000, 0.000000, 0.000000
SCALE 1.000000, 1.000000, 1.000000
X 1.000000, 0.000000, 0.000000
Y 0.000000, 1.000000, 0.000000
Z 0.000000, 0.000000, 1.000000

PART 3
OFFSET 0.000000, 0.000000, 0.000000
SCALE 1.000000, 1.000000, 1.000000
X 1.000000, 0.000000, 0.000000
Y 0.000000, 1.000000, 0.000000
Z 0.000000, 0.000000, 1.000000

PART 4
OFFSET 0.000000, 0.000000, 0.000000
SCALE 1.000000, 1.000000, 1.000000
X 1.000000, 0.000000, 0.000000
Y 0.000000, 1.000000, 0.000000
Z 0.000000, 0.000000, 1.000000

PART 5
OFFSET 0.462600, 4.302200, -5.020600
SCALE 1.000000, 1.000000, 1.000000
X 0.959043, 0.125506, -0.253939
Y 0.004747, -0.903479, -0.428606
Z -0.283221, 0.409846, -0.867071

PART 6
OFFSET -5.186300, -6.970500, -2.725900
SCALE 1.000000, 1.000000, 1.000000
X -0.535747, 0.021758, 0.844098
Y -0.202106, -0.973914, -0.103172
Z 0.819834, -0.225871, 0.526169

PART 7
OFFSET 12.779976, -2.909669, -4.054579
SCALE 1.000000, 1.000000, 1.000000
X 0.999916, 0.009696, -0.008624
Y -0.009835, 0.999821, -0.016132
Z 0.008466, 0.016216, 0.999833

PART 8
OFFSET 15.159802, 0.000000, -6.752720
SCALE 1.000000, 1.000000, 1.000000
X 1.000000, 0.000000, 0.000000
Y 0.000000, 1.000000, 0.000000
Z 0.000000, 0.000000, 1.000000

PART 9
OFFSET 0.000000, 0.000000, 0.000000
SCALE 1.000000, 1.000000, 1.000000
X 1.000000, 0.000000, 0.000000
Y 0.000000, 1.000000, 0.000000
Z 0.000000, 0.000000, 1.000000

PART 10
OFFSET 0.000000, 0.000000, 0.000000
SCALE 1.000000, 1.000000, 1.000000
X 1.000000, 0.000000, 0.000000
Y 0.000000, 1.000000, 0.000000
Z 0.000000, 0.000000, 1.000000

PART 11
OFFSET 12.061213, 5.820063, -8.091726
SCALE 1.000000, 1.000000, 1.000000
X 0.709957, -0.628465, 0.317792
Y -0.690129, -0.530968, 0.491727
Z -0.140296, -0.568422, -0.810687

PART 12
OFFSET 1.292835, -7.233823, -12.934199
SCALE 1.000000, 1.000000, 1.000000
X -0.663702, -0.299001, -0.685637
Y 0.707077, 0.048232, -0.705490
Z 0.244011, -0.953033, 0.179405

PART 13
OFFSET 12.779976, -2.909669, -4.054579
SCALE 1.000000, 1.000000, 1.000000
X 0.999916, 0.009696, -0.008624
Y -0.009835, 0.999821, -0.016132
Z 0.008466, 0.016216, 0.999833

PART 14
OFFSET 19.822729, 1.024621, -3.756801
SCALE 1.000000, 1.000000, 1.000000
X 0.714418, -0.623776, 0.317034
Y 0.148209, 0.577706, 0.802677
Z -0.683843, -0.526459, 0.505173

PART 15
OFFSET 19.583723, 0.088765, -6.276154
SCALE 1.000000, 1.000000, 1.000000
X 0.714418, -0.623776, 0.317034
Y 0.148209, 0.577706, 0.802677
Z -0.683843, -0.526459, 0.505173

PART 16
OFFSET 18.737132, -0.595638, -2.891350
SCALE 1.000000, 1.000000, 1.000000
X 0.714418, -0.623776, 0.317034
Y 0.148209, 0.577706, 0.802677
Z -0.683843, -0.526459, 0.505173

PART 17
OFFSET 18.357302, -1.541853, -4.226254
SCALE 1.000000, 1.000000, 1.000000
X 0.714418, -0.623776, 0.317034
Y 0.148209, 0.577706, 0.802677
Z -0.683843, -0.526459, 0.505173

PART 18
OFFSET 17.998880, -2.101906, -5.718685
SCALE 1.000000, 1.000000, 1.000000
X 0.714418, -0.623776, 0.317034
Y 0.148209, 0.577706, 0.802677
Z -0.683843, -0.526459, 0.505173

PART 19
OFFSET 20.276049, -1.452064, -4.414831
SCALE 1.000000, 1.000000, 1.000000
X 0.958416, -0.183405, 0.218636
Y -0.005956, 0.753113, 0.657864
Z -0.285313, -0.631810, 0.720703

PART 20
OFFSET 18.099607, 0.474619, -5.388986
SCALE 1.000000, 1.000000, 1.000000
X 0.709937, -0.628459, 0.317849
Y 0.275500, 0.663181, 0.695910
Z -0.648143, -0.406485, 0.643957

PART 21
OFFSET 7.435976, -4.933012, -4.677248
SCALE 1.000000, 1.000000, 1.000000
X -0.668664, -0.296367, -0.681949
Y -0.252331, 0.953154, -0.166814
Z 0.699441, 0.060534, -0.712122

PART 22
OFFSET 6.811947, -3.581053, -4.806343
SCALE 1.000000, 1.000000, 1.000000
X -0.668664, -0.296367, -0.681949
Y -0.252331, 0.953154, -0.166814
Z 0.699441, 0.060534, -0.712122

PART 23
OFFSET 7.104924, -3.073520, -5.871410
SCALE 1.000000, 1.000000, 1.000000
X -0.668664, -0.296367, -0.681949
Y -0.252331, 0.953154, -0.166814
Z 0.699441, 0.060534, -0.712122

PART 24
OFFSET 8.972676, -3.774021, -5.000542
SCALE 1.000000, 1.000000, 1.000000
X -0.991969, 0.076806, -0.100494
Y 0.097217, -0.045277, -0.994233
Z -0.080913, -0.996017, 0.037446

PART 25
OFFSET 6.937910, -4.690692, -7.102557
SCALE 1.000000, 1.000000, 1.000000
X -0.663702, -0.299001, -0.685637
Y 0.740166, -0.130239, -0.659690
Z 0.107951, -0.945323, 0.307750

PART 26
OFFSET 16.000895, -3.840779, -1.323699
SCALE 1.000000, 1.000000, 1.000000
X 0.999916, 0.009696, -0.008624
Y -0.009835, 0.999821, -0.016132
Z 0.008466, 0.016216, 0.999833

PART 27
OFFSET 11.570464, -2.871436, -0.959506
SCALE 1.000000, 1.000000, 1.000000
X 0.999916, 0.009696, -0.008624
Y -0.009835, 0.999821, -0.016132
Z 0.008466, 0.016216, 0.999833

PART 28
OFFSET 16.536698, -2.979373, -1.697206
SCALE 1.000000, 1.000000, 1.000000
X 0.012922, -0.809714, 0.586682
Y 0.999916, 0.009706, -0.008627
Z 0.001291, 0.586744, 0.809771

PART 29
OFFSET 35.475948, -2.652149, -1.820885
SCALE 1.000000, 1.000000, 1.000000
X 0.999916, 0.009696, -0.008624
Y -0.009835, 0.999821, -0.016132
Z 0.008466, 0.016216, 0.999833

PART 30
OFFSET 24.346858, -2.723252, 0.447475
SCALE 1.000000, 1.000000, 1.000000
X 0.999916, 0.009696, -0.008624
Y -0.009835, 0.999821, -0.016132
Z 0.008466, 0.016216, 0.999833

PART 31
OFFSET 16.204884, -2.876457, -4.084118
SCALE 1.000000, 1.000000, 1.000000
X 0.999916, 0.009696, -0.008624
Y -0.009835, 0.999821, -0.016132
Z 0.008466, 0.016216, 0.999833

PART 32
OFFSET 24.112114, -1.363922, -3.334588
SCALE 1.000000, 1.000000, 1.000000
X 0.671377, -0.740628, -0.026912
Y -0.407623, -0.399349, 0.821197
Z -0.618948, -0.540362, -0.570010

PART 33
OFFSET 23.965253, -2.274664, -3.942274
SCALE 1.000000, 1.000000, 1.000000
X 0.396074, -0.852685, 0.340667
Y -0.626187, 0.020524, 0.779403
Z -0.671577, -0.522023, -0.525811

PART 34
OFFSET 21.035784, -2.541392, -4.788536
SCALE 1.000000, 1.000000, 1.000000
X 0.702607, -0.679124, 0.212447
Y -0.511095, -0.273904, 0.814714
Z -0.495102, -0.681004, -0.539544

PART 35
OFFSET 21.282470, -1.992962, -4.403916
SCALE 1.000000, 1.000000, 1.000000
X 0.866594, -0.478677, 0.141010
Y -0.437101, -0.591809, 0.677278
Z -0.240746, -0.648560, -0.722088

PART 36
OFFSET 20.584309, -1.067225, -3.385715
SCALE 1.000000, 1.000000, 1.000000
X 0.857970, 0.207467, 0.469941
Y -0.144896, 0.975409, -0.166082
Z -0.492841, 0.074401, 0.866933

PART 37
OFFSET 23.068208, -1.160300, -2.310075
SCALE 1.000000, 1.000000, 1.000000
X 0.823590, -0.493878, 0.278897
Y 0.551025, 0.580169, -0.599813
Z 0.134427, 0.647679, 0.749961

PART 38
OFFSET 22.442991, -3.318022, -3.078312
SCALE 1.000000, 1.000000, 1.000000
X -0.334738, -0.639003, -0.692551
Y 0.285345, 0.631706, -0.720781
Z 0.898070, -0.438888, -0.029120

PART 39
OFFSET 12.734499, -4.409271, -3.845167
SCALE 1.000000, 1.000000, 1.000000
X -0.991473, -0.123777, -0.040753
Y 0.118806, -0.987072, 0.107584
Z -0.053543, 0.101825, 0.993360

PART 40
OFFSET 12.748652, -4.271551, -4.941218
SCALE 1.000000, 1.000000, 1.000000
X -0.275374, -0.932785, 0.232555
Y 0.934322, -0.316632, -0.163664
Z 0.226298, 0.172213, 0.958714

PART 41
OFFSET 9.932505, -3.686200, -5.987688
SCALE 1.000000, 1.000000, 1.000000
X -0.870532, 0.095655, 0.482726
Y -0.057743, -0.994006, 0.092836
Z 0.488712, 0.052943, 0.870837

PART 42
OFFSET 10.074756, -3.812135, -5.299578
SCALE 1.000000, 1.000000, 1.000000
X -0.970831, 0.122166, 0.206306
Y -0.105109, -0.990220, 0.091745
Z 0.215496, 0.067385, 0.974177

PART 43
OFFSET 9.358284, -3.355913, -4.011294
SCALE 1.000000, 1.000000, 1.000000
X -0.727487, -0.616764, -0.300607
Y 0.489339, -0.159284, -0.857424
Z 0.480947, -0.770864, 0.417684

PART 44
OFFSET 4.718583, -3.949978, -4.558051
SCALE 1.000000, 1.000000, 1.000000
X -0.974636, -0.195949, 0.108112
Y -0.207090, 0.972805, -0.103750
Z -0.084842, -0.123507, -0.988710

PART 45
OFFSET 16.115050, -2.839507, -1.739300
SCALE 1.000000, 1.000000, 1.000000
X 0.999916, 0.009696, -0.008624
Y -0.009835, 0.999821, -0.016132
Z 0.008466, 0.016216, 0.999833

PART 46
OFFSET 25.294171, -2.667906, -3.381971
SCALE 1.000000, 1.000000, 1.000000
X 0.195208, -0.868168, 0.456265
Y -0.768306, 0.153787, 0.621333
Z -0.609589, -0.471841, -0.636998

PART 47
OFFSET 24.738997, -3.940411, -3.276770
SCALE 1.000000, 1.000000, 1.000000
X -0.526525, -0.148943, 0.837011
Y -0.481485, 0.863663, -0.149194
Z -0.700674, -0.481563, -0.526454

PART 48
OFFSET 22.623838, -4.001633, -4.132697
SCALE 1.000000, 1.000000, 1.000000
X -0.258247, -0.334790, 0.906214
Y -0.494584, 0.851602, 0.173671
Z -0.829877, -0.403349, -0.385506

PART 49
OFFSET 23.505437, -3.318572, -4.160098
SCALE 1.000000, 1.000000, 1.000000
X 0.094897, -0.770359, 0.630509
Y -0.620992, 0.449216, 0.642319
Z -0.778051, -0.452495, -0.435758

PART 50
OFFSET 22.393872, -0.518020, -2.339892
SCALE 1.000000, 1.000000, 1.000000
X 0.973779, -0.172331, 0.148517
Y 0.126077, 0.952203, 0.278233
Z -0.189366, -0.252213, 0.948962

PART 51
OFFSET 14.480102, -4.191347, -3.773416
SCALE 1.000000, 1.000000, 1.000000
X -0.996656, -0.068073, -0.045201
Y 0.060104, -0.985470, 0.158858
Z -0.055358, 0.155609, 0.986266

PART 52
OFFSET 13.286600, -2.449342, -5.395518
SCALE 1.000000, 1.000000, 1.000000
X 0.868136, -0.479197, -0.129269
Y 0.426980, 0.853847, -0.297712
Z 0.253039, 0.203259, 0.945863

PART 53
OFFSET 11.966745, -3.771520, -6.956847
SCALE 1.000000, 1.000000, 1.000000
X -0.261936, -0.964753, -0.025339
Y 0.879326, -0.227757, -0.418226
Z 0.397713, -0.131830, 0.907990

PART 54
OFFSET 12.560149, -4.161116, -5.977683
SCALE 1.000000, 1.000000, 1.000000
X -0.287547, -0.939033, 0.188503
Y 0.865296, -0.339076, -0.369175
Z 0.410584, 0.056955, 0.910042

PART 55
OFFSET 10.852581, -1.966148, -3.300251
SCALE 1.000000, 1.000000, 1.000000
X -0.917336, -0.015005, 0.397830
Y -0.299703, -0.631744, -0.714896
Z 0.262054, -0.775032, 0.575025

PART 56
OFFSET 25.568496, -3.694656, -2.788624
SCALE 1.000000, 1.000000, 1.000000
X -0.321246, -0.476008, 0.818668
Y -0.734953, 0.670486, 0.101452
Z -0.597198, -0.569091, -0.565234

PART 57
OFFSET 23.969938, -4.157963, -2.054204
SCALE 1.000000, 1.000000, 1.000000
X -0.531541, -0.187621, 0.825992
Y -0.465833, 0.879196, -0.100066
Z -0.707435, -0.437964, -0.554729

PART 58
OFFSET 22.258224, -4.475613, -2.849724
SCALE 1.000000, 1.000000, 1.000000
X -0.509204, 0.344606, 0.788643
Y -0.228853, 0.829134, -0.510062
Z -0.829661, -0.440209, -0.343334

PART 59
OFFSET 23.666999, -4.630109, -3.086656
SCALE 1.000000, 1.000000, 1.000000
X -0.563635, 0.196307, 0.802358
Y -0.300135, 0.856291, -0.420339
Z -0.769568, -0.477733, -0.423717

PART 60
OFFSET 23.937174, -0.881262, -2.010440
SCALE 1.000000, 1.000000, 1.000000
X 0.958497, -0.022684, 0.284198
Y -0.019154, 0.989454, 0.143577
Z -0.284457, -0.143062, 0.947954

PART 61
OFFSET 15.688372, -4.099141, -3.658576
SCALE 1.000000, 1.000000, 1.000000
X -0.989121, 0.063625, -0.132632
Y -0.079889, -0.989415, 0.121147
Z -0.123520, 0.130425, 0.983734

PART 62
OFFSET 12.018601, -1.749426, -5.206707
SCALE 1.000000, 1.000000, 1.000000
X 0.933535, 0.188376, -0.305003
Y -0.254979, 0.946964, -0.195563
Z 0.251987, 0.260334, 0.932056

PART 63
OFFSET 12.337590, -2.405638, -6.920972
SCALE 1.000000, 1.000000, 1.000000
X 0.727411, -0.561064, -0.395070
Y 0.582676, 0.809120, -0.076248
Z 0.362439, -0.174735, 0.915481

PART 64
OFFSET 13.049703, -2.562396, -6.298612
SCALE 1.000000, 1.000000, 1.000000
X 0.797850, -0.508040, -0.324547
Y 0.454953, 0.860627, -0.228776
Z 0.395541, 0.034876, 0.917786

PART 65
OFFSET 12.286250, -1.892787, -4.049553
SCALE 1.000000, 1.000000, 1.000000
X -0.567268, 0.214114, 0.795212
Y -0.741154, -0.553696, -0.379620
Z 0.359024, -0.804721, 0.472786

PART 66
OFFSET 25.205634, -4.232328, -1.863901
SCALE 1.000000, 1.000000, 1.000000
X 0.600056, -0.610345, -0.517119
Y 0.163549, 0.726379, -0.667552
Z 0.783061, 0.315994, 0.535689

PART 67
OFFSET 23.363224, -4.374143, -1.122513
SCALE 1.000000, 1.000000, 1.000000
X 0.749986, -0.389915, -0.534310
Y -0.067157, 0.758721, -0.647944
Z 0.658035, 0.521832, 0.542845

PART 68
OFFSET 21.806770, -4.170089, -2.150522
SCALE 1.000000, 1.000000, 1.000000
X -0.494427, 0.243513, 0.834412
Y -0.229427, 0.889353, -0.395493
Z -0.838395, -0.386979, -0.383851

PART 69
OFFSET 22.885842, -4.358043, -1.974647
SCALE 1.000000, 1.000000, 1.000000
X -0.568170, 0.192465, 0.800088
Y -0.300167, 0.856805, -0.419267
Z -0.766213, -0.478375, -0.429039

PART 70
OFFSET 24.960415, -0.895523, -1.657285
SCALE 1.000000, 1.000000, 1.000000
X 0.886303, 0.279051, -0.369591
Y -0.331753, -0.174254, -0.927133
Z -0.323120, 0.944334, -0.061866

PART 71
OFFSET 16.805568, -4.171005, -3.508770
SCALE 1.000000, 1.000000, 1.000000
X 0.359304, 0.909146, 0.210607
Y 0.927182, -0.373401, 0.030083
Z 0.105990, 0.184462, -0.977108

PART 72
OFFSET 10.959330, -1.964003, -4.867997
SCALE 1.000000, 1.000000, 1.000000
X -0.569208, -0.765884, 0.299040
Y -0.775002, 0.621240, 0.115905
Z -0.274545, -0.165782, -0.947175

PART 73
OFFSET 11.692658, -1.908191, -6.570697
SCALE 1.000000, 1.000000, 1.000000
X 0.891460, 0.289586, -0.348481
Y -0.223905, 0.950187, 0.216823
Z 0.393911, -0.115262, 0.911893

PART 74
OFFSET 11.943924, -1.858280, -5.848807
SCALE 1.000000, 1.000000, 1.000000
X 0.911832, 0.122359, -0.391907
Y -0.127346, 0.991768, 0.013354
Z 0.390315, 0.037731, 0.919908

PART 75
OFFSET 12.895851, -2.078118, -4.924692
SCALE 1.000000, 1.000000, 1.000000
X -0.802041, 0.560920, 0.205180
Y 0.276631, 0.653327, -0.704726
Z -0.529345, -0.508460, -0.679163

PART 76
OFFSET 21.337060, -3.938749, -1.357823
SCALE 1.000000, 1.000000, 1.000000
X 0.643568, -0.688469, -0.334410
Y 0.039025, 0.465863, -0.883996
Z 0.764394, 0.555861, 0.326682

PART 77
OFFSET 22.269653, -4.149311, -1.106939
SCALE 1.000000, 1.000000, 1.000000
X 0.599701, -0.670473, -0.436834
Y 0.113238, 0.611499, -0.783100
Z 0.792171, 0.420160, 0.442640

PART 78
OFFSET 10.845727, -2.183312, -6.239623
SCALE 1.000000, 1.000000, 1.000000
X -0.598340, -0.801241, -0.001517
Y -0.692865, 0.516456, 0.503201
Z -0.402402, 0.302136, -0.864168

PART 79
OFFSET 10.955018, -1.990981, -5.423774
SCALE 1.000000, 1.000000, 1.000000
X -0.654847, -0.664917, 0.359249
Y -0.643481, 0.739841, 0.196385
Z -0.396367, -0.102568, -0.912345

FRAME 2
PART 0
OFFSET 0.000000, 0.000000, 0.000000
SCALE 1.000000, 1.000000, 1.000000
X 1.000000, 0.000000, 0.000000
Y 0.000000, 1.000000, 0.000000
Z 0.000000, 0.000000, 1.000000

PART 1
OFFSET 0.000000, 0.000000, 0.000000
SCALE 1.000000, 1.000000, 1.000000
X 1.000000, 0.000000, 0.000000
Y 0.000000, 1.000000, 0.000000
Z 0.000000, 0.000000, 1.000000

PART 2
OFFSET 0.000000, 0.000000, 0.000000
SCALE 1.000000, 1.000000, 1.000000
X 1.000000, 0.000000, 0.000000
Y 0.000000, 1.000000, 0.000000
Z 0.000000, 0.000000, 1.000000

PART 3
OFFSET 0.000000, 0.000000, 0.000000
SCALE 1.000000, 1.000000, 1.000000
X 1.000000, 0.000000, 0.000000
Y 0.000000, 1.000000, 0.000000
Z 0.000000, 0.000000, 1.000000

PART 4
OFFSET 0.000000, 0.000000, 0.000000
SCALE 1.000000, 1.000000, 1.000000
X 1.000000, 0.000000, 0.000000
Y 0.000000, 1.000000, 0.000000
Z 0.000000, 0.000000, 1.000000

PART 5
OFFSET 0.462600, 4.302200, -5.020600
SCALE 1.000000, 1.000000, 1.000000
X 0.946886, 0.160042, -0.278916
Y 0.022256, -0.897892, -0.439652
Z -0.320799, 0.410092, -0.853763

PART 6
OFFSET -5.186300, -6.970500, -2.725900
SCALE 1.000000, 1.000000, 1.000000
X -0.531225, 0.022786, 0.846925
Y -0.199921, -0.974780, -0.099172
Z 0.823306, -0.222000, 0.522383

PART 7
OFFSET 12.643675, -2.747059, -4.162412
SCALE 1.000000, 1.000000, 1.000000
X 0.998820, 0.036379, -0.032183
Y -0.038274, 0.997443, -0.060350
Z 0.029905, 0.061510, 0.997658

PART 8
OFFSET 15.159802, 0.000000, -6.752720
SCALE 1.000000, 1.000000, 1.000000
X 1.000000, 0.000000, 0.000000
Y 0.000000, 1.000000, 0.000000
Z 0.000000, 0.000000, 1.000000

PART 9
OFFSET 0.000000, 0.000000, 0.000000
SCALE 1.000000, 1.000000, 1.000000
X 1.000000, 0.000000, 0.000000
Y 0.000000, 1.000000, 0.000000
Z 0.000000, 0.000000, 1.000000

PART 10
OFFSET 0.000000, 0.000000, 0.000000
SCALE 1.000000, 1.000000, 1.000000
X 1.000000, 0.000000, 0.000000
Y 0.000000, 1.000000, 0.000000
Z 0.000000, 0.000000, 1.000000

PART 11
OFFSET 11.914184, 6.237734, -8.393800
SCALE 1.000000, 1.000000, 1.000000
X 0.706272, -0.634433, 0.314125
Y -0.693053, -0.529112, 0.489609
Z -0.144417, -0.563502, -0.813393

PART 12
OFFSET 1.238140, -7.246256, -12.968382
SCALE 1.000000, 1.000000, 1.000000
X -0.657060, -0.302327, -0.690558
Y 0.711987, 0.052096, -0.700258
Z 0.247682, -0.951780, 0.181023

PART 13
OFFSET 12.643675, -2.747059, -4.162412
SCALE 1.000000, 1.000000, 1.000000
X 0.998820, 0.036379, -0.032183
Y -0.038274, 0.997443, -0.060350
Z 0.029905, 0.061510, 0.997658

PART 14
OFFSET 19.648936, 1.372709, -4.088672
SCALE 1.000000, 1.000000, 1.000000
X 0.710767, -0.629763, 0.313382
Y 0.152388, 0.572781, 0.805419
Z -0.686723, -0.524710, 0.503082

PART 15
OFFSET 19.402278, 0.450894, -6.612461
SCALE 1.000000, 1.000000, 1.000000
X 0.710767, -0.629763, 0.313382
Y 0.152388, 0.572781, 0.805419
Z -0.686723, -0.524710, 0.503082

PART 16
OFFSET 18.553929, -0.245064, -3.230453
SCALE 1.000000, 1.000000, 1.000000
X 0.710767, -0.629763, 0.313382
Y 0.152388, 0.572781, 0.805419
Z -0.686723, -0.524710, 0.503082

PART 17
OFFSET 18.167253, -1.182253, -4.569751
SCALE 1.000000, 1.000000, 1.000000
X 0.710767, -0.629763, 0.313382
Y 0.152388, 0.572781, 0.805419
Z -0.686723, -0.524710, 0.503082

PART 18
OFFSET 17.804267, -1.732642, -6.064673
SCALE 1.000000, 1.000000, 1.000000
X 0.710767, -0.629763, 0.313382
Y 0.152388, 0.572781, 0.805419
Z -0.686723, -0.524710, 0.503082

PART 19
OFFSET 20.086382, -1.103440, -4.759344
SCALE 1.000000, 1.000000, 1.000000
X 0.967758, -0.147381, 0.204262
Y -0.012568, 0.781683, 0.623549
Z -0.251568, -0.606012, 0.754628

PART 20
OFFSET 17.921237, 0.841536, -5.722255
SCALE 1.000000, 1.000000, 1.000000
X 0.706291, -0.634441, 0.314067
Y 0.321139, 0.682514, 0.656540
Z -0.630890, -0.362849, 0.685797

PART 21
OFFSET 7.308141, -4.915094, -4.665947
SCALE 1.000000, 1.000000, 1.000000
X -0.662065, -0.299725, -0.686902
Y -0.256104, 0.951852, -0.168490
Z 0.704330, 0.064367, -0.706949

PART 22
OFFSET 6.678053, -3.566485, -4.799409
SCALE 1.000000, 1.000000, 1.000000
X -0.662065, -0.299725, -0.686902
Y -0.256104, 0.951852, -0.168490
Z 0.704330, 0.064367, -0.706949

PART 23
OFFSET 6.976304, -3.055849, -5.862918
SCALE 1.000000, 1.000000, 1.000000
X -0.662065, -0.299725, -0.686902
Y -0.256104, 0.951852, -0.168490
Z 0.704330, 0.064367, -0.706949

PART 24
OFFSET 8.841130, -3.747962, -4.977789
SCALE 1.000000, 1.000000, 1.000000
X -0.995709, 0.044683, -0.081031
Y 0.076901, -0.087473, -0.993194
Z -0.051467, -0.995164, 0.083661

PART 25
OFFSET 6.826725, -4.674832, -7.094889
SCALE 1.000000, 1.000000, 1.000000
X -0.657060, -0.302327, -0.690558
Y 0.746679, -0.135069, -0.651327
Z 0.103641, -0.943586, 0.314490

PART 26
OFFSET 15.948528, -3.466485, -1.468092
SCALE 1.000000, 1.000000, 1.000000
X 0.998820, 0.036379, -0.032183
Y -0.038274, 0.997443, -0.060350
Z 0.029905, 0.061510, 0.997658

PART 27
OFFSET 11.501651, -2.602069, -1.044942
SCALE 1.000000, 1.000000, 1.000000
X 0.998820, 0.036379, -0.032183
Y -0.038274, 0.997443, -0.060350
Z 0.029905, 0.061510, 0.997658

PART 28
OFFSET 16.451607, -2.608601, -1.891838
SCALE 1.000000, 1.000000, 1.000000
X 0.048515, -0.781787, 0.621656
Y 0.998819, 0.036389, -0.032187
Z 0.002542, 0.622483, 0.782629

PART 29
OFFSET 35.366931, -1.774392, -2.468187
SCALE 1.000000, 1.000000, 1.000000
X 0.998820, 0.036379, -0.032183
Y -0.038274, 0.997443, -0.060350
Z 0.029905, 0.061510, 0.997658

PART 30
OFFSET 24.296591, -2.044563, 0.058021
SCALE 1.000000, 1.000000, 1.000000
X 0.998820, 0.036379, -0.032183
Y -0.038274, 0.997443, -0.060350
Z 0.029905, 0.061510, 0.997658

PART 31
OFFSET 16.064829, -2.622453, -4.272646
SCALE 1.000000, 1.000000, 1.000000
X 0.998820, 0.036379, -0.032183
Y -0.038274, 0.997443, -0.060350
Z 0.029905, 0.061510, 0.997658

PART 32
OFFSET 23.941322, -0.862967, -3.773597
SCALE 1.000000, 1.000000, 1.000000
X 0.691104, -0.722693, -0.009425
Y -0.378098, -0.372623, 0.847463
Z -0.615968, -0.582122, -0.530770

PART 33
OFFSET 23.806691, -1.803914, -4.336441
SCALE 1.000000, 1.000000, 1.000000
X 0.427210, -0.825391, 0.369083
Y -0.609207, 0.038861, 0.792058
Z -0.668101, -0.563223, -0.486232

PART 34
OFFSET 20.867924, -2.187660, -5.101610
SCALE 1.000000, 1.000000, 1.000000
X 0.725864, -0.649599, 0.226149
Y -0.485163, -0.250459, 0.837787
Z -0.487584, -0.717838, -0.496961

PART 35
OFFSET 21.107557, -1.615923, -4.747696
SCALE 1.000000, 1.000000, 1.000000
X 0.882556, -0.448241, 0.142042
Y -0.405338, -0.572145, 0.712988
Z -0.238322, -0.686826, -0.686639

PART 36
OFFSET 20.406320, -0.664232, -3.755879
SCALE 1.000000, 1.000000, 1.000000
X 0.861960, 0.251614, 0.440131
Y -0.175790, 0.962624, -0.206041
Z -0.475523, 0.100228, 0.873975

PART 37
OFFSET 22.914928, -0.641434, -2.735200
SCALE 1.000000, 1.000000, 1.000000
X 0.843047, -0.458329, 0.281435
Y 0.521211, 0.567095, -0.637764
Z 0.132706, 0.684352, 0.716974

PART 38
OFFSET 22.333643, -2.847809, -3.391603
SCALE 1.000000, 1.000000, 1.000000
X -0.331865, -0.678502, -0.655363
Y 0.251594, 0.605907, -0.754703
Z 0.909157, -0.415345, -0.030372

PART 39
OFFSET 12.643794, -4.225902, -3.881857
SCALE 1.000000, 1.000000, 1.000000
X -0.988166, -0.152886, -0.012437
Y 0.149369, -0.977532, 0.148729
Z -0.034896, 0.145111, 0.988800

PART 40
OFFSET 12.630227, -4.137539, -4.982994
SCALE 1.000000, 1.000000, 1.000000
X -0.243398, -0.928584, 0.280158
Y 0.939256, -0.297717, -0.170769
Z 0.241982, 0.221575, 0.944642

PART 41
OFFSET 9.776420, -3.678315, -5.989631
SCALE 1.000000, 1.000000, 1.000000
X -0.862242, 0.093250, 0.497838
Y -0.027182, -0.990009, 0.138359
Z 0.505766, 0.105766, 0.856163

PART 42
OFFSET 9.937108, -3.769022, -5.300036
SCALE 1.000000, 1.000000, 1.000000
X -0.969236, 0.104440, 0.222878
Y -0.074641, -0.987589, 0.138189
Z 0.234545, 0.117302, 0.965002

PART 43
OFFSET 9.235934, -3.275037, -4.017273
SCALE 1.000000, 1.000000, 1.000000
X -0.715840, -0.649630, -0.256034
Y 0.475003, -0.184283, -0.860472
Z 0.511806, -0.737577, 0.440494

PART 44
OFFSET 4.604430, -4.021477, -4.430403
SCALE 1.000000, 1.000000, 1.000000
X -0.966038, -0.217780, 0.139080
Y -0.237125, 0.961009, -0.142246
Z -0.102679, -0.170394, -0.980012

PART 45
OFFSET 16.025375, -2.482248, -1.930341
SCALE 1.000000, 1.000000, 1.000000
X 0.998820, 0.036379, -0.032183
Y -0.038274, 0.997443, -0.060350
Z 0.029905, 0.061510, 0.997658

PART 46
OFFSET 25.158113, -2.135375, -3.790190
SCALE 1.000000, 1.000000, 1.000000
X 0.229451, -0.841042, 0.489899
Y -0.758444, 0.160955, 0.631551
Z -0.610012, -0.516471, -0.600952

PART 47
OFFSET 24.641259, -3.416341, -3.615426
SCALE 1.000000, 1.000000, 1.000000
X -0.503590, -0.125071, 0.854842
Y -0.508656, 0.842715, -0.176354
Z -0.698331, -0.523630, -0.488000

PART 48
OFFSET 22.510316, -3.573323, -4.418361
SCALE 1.000000, 1.000000, 1.000000
X -0.228750, -0.300285, 0.926014
Y -0.514292, 0.844932, 0.146948
Z -0.826545, -0.442627, -0.347713

PART 49
OFFSET 23.371612, -2.868656, -4.496722
SCALE 1.000000, 1.000000, 1.000000
X 0.130297, -0.738200, 0.661879
Y -0.619044, 0.460889, 0.635898
Z -0.774472, -0.492588, -0.396926

PART 50
OFFSET 22.222374, -0.019598, -2.777981
SCALE 1.000000, 1.000000, 1.000000
X 0.981257, -0.139084, 0.133380
Y 0.105449, 0.966876, 0.232448
