// Export filename: 'H:\01 Ricko0z\CoD World at War MT GCZ\xanim_export\guns\m27\m27_pullout.xanim_export'
// Source filename: 'C:\Users\Ricardo\Desktop\Working Gun\M27\01 Escenas\m27_handed.mb'
// Export time: Mon Jun 22 2015, 12:44:39

ANIMATION
VERSION 3

NUMPARTS 80
PART 0 "tag_view"
PART 1 "tag_ads"
PART 2 "tag_cambone"
PART 3 "tag_torso"
PART 4 "tag_camera"
PART 5 "j_shoulder_le"
PART 6 "j_shoulder_ri"
PART 7 "tag_weapon"
PART 8 "tag_weapon1"
PART 9 "tag_gasmask"
PART 10 "tag_gasmask2"
PART 11 "j_elbow_le"
PART 12 "j_elbow_ri"
PART 13 "j_gun"
PART 14 "j_sleave_reshape_bottom_le_1"
PART 15 "j_sleave_reshape_bottom_le_2"
PART 16 "j_sleave_reshape_top_le_1"
PART 17 "j_sleave_reshape_top_le_2"
PART 18 "j_sleave_reshape_top_le_3"
PART 19 "j_wrist_le"
PART 20 "j_wristtwist_le"
PART 21 "j_sleave_reshape_top_ri_1"
PART 22 "j_sleave_reshape_top_ri_2"
PART 23 "j_sleave_reshape_top_ri_3"
PART 24 "j_wrist_ri"
PART 25 "j_wristtwist_ri"
PART 26 "j_bolt"
PART 27 "j_handle"
PART 28 "tag_brass"
PART 29 "tag_flash"
PART 30 "tag_sights"
PART 31 "tag_clip"
PART 32 "j_index_le_0"
PART 33 "j_mid_le_0"
PART 34 "j_pinkypalm_le"
PART 35 "j_ringpalm_le"
PART 36 "j_thumb_le_0"
PART 37 "j_webbing_le"
PART 38 "tag_knife_attach"
PART 39 "j_index_ri_0"
PART 40 "j_mid_ri_0"
PART 41 "j_pinkypalm_ri"
PART 42 "j_ringpalm_ri"
PART 43 "j_thumb_ri_0"
PART 44 "j_webbing_ri"
PART 45 "tag_bullet"
PART 46 "j_index_le_1"
PART 47 "j_mid_le_1"
PART 48 "j_pinky_le_0"
PART 49 "j_ring_le_0"
PART 50 "j_thumb_le_1"
PART 51 "j_index_ri_1"
PART 52 "j_mid_ri_1"
PART 53 "j_pinky_ri_0"
PART 54 "j_ring_ri_0"
PART 55 "j_thumb_ri_1"
PART 56 "j_index_le_2"
PART 57 "j_mid_le_2"
PART 58 "j_pinky_le_1"
PART 59 "j_ring_le_1"
PART 60 "j_thumb_le_2"
PART 61 "j_index_ri_2"
PART 62 "j_mid_ri_2"
PART 63 "j_pinky_ri_1"
PART 64 "j_ring_ri_1"
PART 65 "j_thumb_ri_2"
PART 66 "j_index_le_3"
PART 67 "j_mid_le_3"
PART 68 "j_pinky_le_2"
PART 69 "j_ring_le_2"
PART 70 "j_thumb_le_3"
PART 71 "j_index_ri_3"
PART 72 "j_mid_ri_3"
PART 73 "j_pinky_ri_2"
PART 74 "j_ring_ri_2"
PART 75 "j_thumb_ri_3"
PART 76 "j_pinky_le_3"
PART 77 "j_ring_le_3"
PART 78 "j_pinky_ri_3"
PART 79 "j_ring_ri_3"

FRAMERATE 30
NUMFRAMES 26

FRAME 0
PART 0
OFFSET 0.000000, 0.000000, 0.000000
SCALE 1.000000, 1.000000, 1.000000
X 1.000000, 0.000000, 0.000000
Y 0.000000, 1.000000, 0.000000
Z 0.000000, 0.000000, 1.000000

PART 1
OFFSET 0.000000, 0.000000, 0.000000
SCALE 1.000000, 1.000000, 1.000000
X 1.000000, 0.000000, 0.000000
Y 0.000000, 1.000000, 0.000000
Z 0.000000, 0.000000, 1.000000

PART 2
OFFSET 0.000000, 0.000000, 0.000000
SCALE 1.000000, 1.000000, 1.000000
X 1.000000, 0.000000, 0.000000
Y 0.000000, 1.000000, 0.000000
Z 0.000000, 0.000000, 1.000000

PART 3
OFFSET 0.000000, 0.000000, 0.000000
SCALE 1.000000, 1.000000, 1.000000
X 1.000000, 0.000000, 0.000000
Y 0.000000, 1.000000, 0.000000
Z 0.000000, 0.000000, 1.000000

PART 4
OFFSET 0.000000, 0.000000, 0.000000
SCALE 1.000000, 1.000000, 1.000000
X 1.000000, 0.000000, 0.000000
Y 0.000000, 1.000000, 0.000000
Z 0.000000, 0.000000, 1.000000

PART 5
OFFSET 0.462601, 4.302200, -5.789302
SCALE 1.000000, 1.000000, 1.000000
X -0.169300, 0.235492, -0.957017
Y 0.335274, -0.899359, -0.280615
Z -0.926784, -0.368371, 0.073307

PART 6
OFFSET -5.186300, -6.970500, -2.725900
SCALE 1.000000, 1.000000, 1.000000
X 0.054843, 0.248576, 0.967059
Y -0.894397, -0.418341, 0.158254
Z 0.443898, -0.873614, 0.199382

PART 7
OFFSET 5.045500, -13.767900, -10.298901
SCALE 1.000000, 1.000000, 1.000000
X 0.394457, -0.254984, -0.882829
Y 0.196843, 0.961876, -0.189863
Z 0.897583, -0.098886, 0.429611

PART 8
OFFSET 15.159802, 0.000000, -6.752720
SCALE 1.000000, 1.000000, 1.000000
X 1.000000, 0.000000, 0.000000
Y 0.000000, 1.000000, 0.000000
Z 0.000000, 0.000000, 1.000000

PART 9
OFFSET 0.000000, 0.000000, 0.000000
SCALE 1.000000, 1.000000, 1.000000
X 1.000000, 0.000000, 0.000000
Y 0.000000, 1.000000, 0.000000
Z 0.000000, 0.000000, 1.000000

PART 10
OFFSET 0.000000, 0.000000, 0.000000
SCALE 1.000000, 1.000000, 1.000000
X 1.000000, 0.000000, 0.000000
Y 0.000000, 1.000000, 0.000000
Z 0.000000, 0.000000, 1.000000

PART 11
OFFSET -1.584822, 7.150052, -17.363249
SCALE 1.000000, 1.000000, 1.000000
X 0.938746, -0.110345, -0.326465
Y 0.291405, -0.251511, 0.922944
Z -0.183951, -0.961544, -0.203950

PART 12
OFFSET -5.849567, -9.976750, -14.421405
SCALE 1.000000, 1.000000, 1.000000
X -0.720993, 0.302288, -0.623531
Y 0.430245, -0.510084, -0.744784
Z -0.543193, -0.805255, 0.237709

PART 13
OFFSET 5.045500, -13.767900, -10.298901
SCALE 1.000000, 1.000000, 1.000000
X 0.394457, -0.254984, -0.882829
Y 0.196843, 0.961876, -0.189863
Z 0.897583, -0.098886, 0.429611

PART 14
OFFSET 7.734260, 7.671972, -21.072811
SCALE 1.000000, 1.000000, 1.000000
X 0.937485, -0.106225, -0.331418
Y 0.177100, 0.965373, 0.191547
Z 0.299595, -0.238267, 0.923835

PART 15
OFFSET 6.851425, 5.713222, -21.778899
SCALE 1.000000, 1.000000, 1.000000
X 0.937485, -0.106225, -0.331418
Y 0.177100, 0.965373, 0.191547
Z 0.299595, -0.238267, 0.923835

PART 16
OFFSET 8.833386, 6.798295, -19.221097
SCALE 1.000000, 1.000000, 1.000000
X 0.937485, -0.106225, -0.331418
Y 0.177100, 0.965373, 0.191547
Z 0.299595, -0.238267, 0.923835

PART 17
OFFSET 8.504564, 5.304446, -19.357392
SCALE 1.000000, 1.000000, 1.000000
X 0.937485, -0.106225, -0.331418
Y 0.177100, 0.965373, 0.191547
Z 0.299595, -0.238267, 0.923835

PART 18
OFFSET 7.782860, 4.354862, -19.948052
SCALE 1.000000, 1.000000, 1.000000
X 0.937485, -0.106225, -0.331418
Y 0.177100, 0.965373, 0.191547
Z 0.299595, -0.238267, 0.923835

PART 19
OFFSET 9.277514, 5.873242, -21.140805
SCALE 1.000000, 1.000000, 1.000000
X 0.999074, 0.041499, -0.011325
Y -0.021893, 0.717168, 0.696556
Z 0.037029, -0.695664, 0.717413

PART 20
OFFSET 6.399666, 6.211518, -20.139986
SCALE 1.000000, 1.000000, 1.000000
X 0.938746, -0.110345, -0.326465
Y 0.311588, 0.676449, 0.667330
Z 0.147200, -0.728176, 0.669397

PART 21
OFFSET 0.562891, -13.104367, -6.630731
SCALE 1.000000, 1.000000, 1.000000
X -0.721843, 0.307811, -0.619834
Y 0.539087, 0.811722, -0.224704
Z 0.433967, -0.496346, -0.751873

PART 22
OFFSET 1.198591, -11.807840, -6.895989
SCALE 1.000000, 1.000000, 1.000000
X -0.721843, 0.307811, -0.619834
Y 0.539087, 0.811722, -0.224704
Z 0.433967, -0.496346, -0.751873

PART 23
OFFSET 1.677972, -11.648403, -7.988342
SCALE 1.000000, 1.000000, 1.000000
X -0.721843, 0.307811, -0.619834
Y 0.539087, 0.811722, -0.224704
Z 0.433967, -0.496346, -0.751873

PART 24
OFFSET 2.493181, -13.474585, -7.206416
SCALE 1.000000, 1.000000, 1.000000
X -0.470074, 0.347500, 0.811341
Y -0.856495, 0.042431, -0.514409
Z -0.213183, -0.936719, 0.277686

PART 25
OFFSET 0.282804, -12.547848, -9.117998
SCALE 1.000000, 1.000000, 1.000000
X -0.720993, 0.302288, -0.623531
Y 0.523946, -0.351063, -0.776038
Z -0.453486, -0.886215, 0.094732

PART 26
OFFSET 8.566606, -15.820308, -11.744042
SCALE 1.000000, 1.000000, 1.000000
X 0.394457, -0.254984, -0.882829
Y 0.196843, 0.961876, -0.189863
Z 0.897583, -0.098886, 0.429611

PART 27
OFFSET 7.327082, -13.757684, -7.882676
SCALE 1.000000, 1.000000, 1.000000
X 0.394457, -0.254984, -0.882829
Y 0.196843, 0.961876, -0.189863
Z 0.897583, -0.098886, 0.429611

PART 28
OFFSET 8.633597, -15.095624, -12.543391
SCALE 1.000000, 1.000000, 1.000000
X 0.353578, -0.844651, 0.401929
Y 0.394457, -0.254974, -0.882832
Z 0.848166, 0.470694, 0.243025

PART 29
OFFSET 16.171180, -19.792197, -29.274937
SCALE 1.000000, 1.000000, 1.000000
X 0.394457, -0.254984, -0.882829
Y 0.196843, 0.961876, -0.189863
Z 0.897583, -0.098886, 0.429611

PART 30
OFFSET 13.724058, -17.162678, -18.499763
SCALE 1.000000, 1.000000, 1.000000
X 0.394457, -0.254984, -0.882829
Y 0.196843, 0.961876, -0.189863
Z 0.897583, -0.098886, 0.429611

PART 31
OFFSET 6.396594, -14.641270, -13.322763
SCALE 1.000000, 1.000000, 1.000000
X 0.394457, -0.254984, -0.882829
Y 0.196843, 0.961876, -0.189863
Z 0.897583, -0.098886, 0.429611

PART 32
OFFSET 13.140212, 6.834406, -20.926205
SCALE 1.000000, 1.000000, 1.000000
X 0.837221, -0.473067, 0.274351
Y -0.546420, -0.703422, 0.454558
Z -0.022053, -0.530476, -0.847413

PART 33
OFFSET 13.064041, 5.927170, -21.552011
SCALE 1.000000, 1.000000, 1.000000
X 0.876416, -0.438635, 0.198733
Y -0.448136, -0.591844, 0.669996
Z -0.176265, -0.676255, -0.715269

PART 34
OFFSET 10.153877, 4.999866, -21.751241
SCALE 1.000000, 1.000000, 1.000000
X 0.874022, -0.307338, -0.376337
Y 0.052091, -0.710802, 0.701460
Z -0.483087, -0.632695, -0.605247

PART 35
OFFSET 10.353883, 5.582763, -21.391003
SCALE 1.000000, 1.000000, 1.000000
X 0.950863, -0.063422, -0.303045
Y 0.148754, -0.764841, 0.626810
Z -0.271535, -0.641090, -0.717825

PART 36
OFFSET 9.721016, 6.298376, -20.179115
SCALE 1.000000, 1.000000, 1.000000
X 0.753367, -0.074200, 0.653401
Y -0.260911, 0.878333, 0.400571
Z -0.603626, -0.472256, 0.642347

PART 37
OFFSET 12.342481, 6.767065, -19.685183
SCALE 1.000000, 1.000000, 1.000000
X 0.954559, -0.293073, 0.054091
Y 0.254001, 0.705106, -0.662049
Z 0.155890, 0.645704, 0.747506

PART 38
OFFSET 12.054443, 4.539167, -20.453605
SCALE 1.000000, 1.000000, 1.000000
X -0.334339, -0.685133, -0.647155
Y -0.036994, 0.695683, -0.717396
Z 0.941726, -0.215913, -0.257940

PART 39
OFFSET 4.891610, -15.208760, -9.876676
SCALE 1.000000, 1.000000, 1.000000
X -0.459779, 0.148625, 0.875508
Y -0.068869, -0.988894, 0.131706
Z 0.885359, 0.000260, 0.464908

PART 40
OFFSET 3.950519, -14.957631, -10.398055
SCALE 1.000000, 1.000000, 1.000000
X -0.103760, -0.846557, 0.522087
Y 0.160070, -0.532291, -0.831291
Z 0.981637, -0.002684, 0.190739

PART 41
OFFSET 2.016931, -13.533897, -8.499907
SCALE 1.000000, 1.000000, 1.000000
X 0.102201, 0.267930, 0.958002
Y -0.154168, -0.947143, 0.281340
Z 0.982745, -0.176447, -0.055493

PART 42
OFFSET 2.659736, -13.769335, -8.297706
SCALE 1.000000, 1.000000, 1.000000
X -0.178533, 0.350880, 0.919244
Y -0.173235, -0.930869, 0.321672
Z 0.968564, -0.101816, 0.226975

PART 43
OFFSET 3.618666, -13.287251, -7.188989
SCALE 1.000000, 1.000000, 1.000000
X -0.691579, -0.364304, 0.623699
Y -0.602220, -0.185945, -0.776373
Z 0.398810, -0.912528, -0.090795

PART 44
OFFSET 1.146707, -12.566256, -3.245803
SCALE 1.000000, 1.000000, 1.000000
X -0.335866, 0.058282, 0.940105
Y 0.033788, 0.998187, -0.049811
Z -0.941304, 0.015035, -0.337226

PART 45
OFFSET 8.457499, -14.845116, -12.218805
SCALE 1.000000, 1.000000, 1.000000
X 0.394457, -0.254984, -0.882829
Y 0.196843, 0.961876, -0.189863
Z 0.897583, -0.098886, 0.429611

PART 46
OFFSET 14.614272, 6.001496, -20.443167
SCALE 1.000000, 1.000000, 1.000000
X 0.392668, -0.824560, 0.407324
Y -0.919541, -0.344310, 0.189458
Z -0.015974, -0.448946, -0.893416

PART 47
OFFSET 14.776151, 5.070281, -21.163778
SCALE 1.000000, 1.000000, 1.000000
X 0.450989, -0.715118, 0.534056
Y -0.863843, -0.199246, 0.462684
Z -0.224466, -0.670006, -0.707607

PART 48
OFFSET 12.194404, 4.314304, -22.422578
SCALE 1.000000, 1.000000, 1.000000
X 0.781685, -0.618341, 0.081381
Y -0.432729, -0.443759, 0.784744
Z -0.449126, -0.648639, -0.614454

PART 49
OFFSET 12.778101, 5.339789, -22.297996
SCALE 1.000000, 1.000000, 1.000000
X 0.883354, -0.462270, -0.077406
Y -0.228151, -0.568346, 0.790525
Z -0.409429, -0.680654, -0.607518

PART 50
OFFSET 11.287088, 6.199618, -18.693438
SCALE 1.000000, 1.000000, 1.000000
X 0.926350, -0.375509, 0.029476
Y 0.185673, 0.523322, 0.831661
Z -0.327722, -0.764936, 0.554501

PART 51
OFFSET 5.701129, -15.470438, -11.418155
SCALE 1.000000, 1.000000, 1.000000
X -0.453837, 0.203840, 0.867457
Y -0.046392, -0.977569, 0.205444
Z 0.889876, 0.052994, 0.453113

PART 52
OFFSET 4.153220, -13.303832, -11.417981
SCALE 1.000000, 1.000000, 1.000000
X 0.129253, -0.674258, -0.727097
Y 0.089412, 0.738186, -0.668646
Z 0.987572, 0.021413, 0.155699

PART 53
OFFSET 1.949350, -14.045434, -10.694976
SCALE 1.000000, 1.000000, 1.000000
X -0.334956, -0.851796, 0.402800
Y -0.069623, -0.403951, -0.912127
Z 0.939658, -0.333567, 0.076001

PART 54
OFFSET 2.975422, -14.685374, -10.710136
SCALE 1.000000, 1.000000, 1.000000
X -0.149100, -0.844348, 0.514631
Y -0.055501, -0.512482, -0.856902
Z 0.987263, -0.156327, 0.029548

PART 55
OFFSET 5.148934, -12.431778, -8.452369
SCALE 1.000000, 1.000000, 1.000000
X -0.016059, 0.183953, 0.982804
Y -0.892661, -0.445448, 0.068789
Z 0.450442, -0.876206, 0.171361

PART 56
OFFSET 15.092603, 5.026381, -19.893686
SCALE 1.000000, 1.000000, 1.000000
X 0.043376, -0.833299, 0.551119
Y -0.998982, -0.042996, 0.013614
Z 0.012351, -0.551148, -0.834316

PART 57
OFFSET 15.434880, 4.025757, -20.383720
SCALE 1.000000, 1.000000, 1.000000
X -0.042760, -0.718959, 0.693735
Y -0.960408, 0.220913, 0.169749
Z -0.275298, -0.659010, -0.699940

PART 58
OFFSET 13.301131, 3.438842, -22.307357
SCALE 1.000000, 1.000000, 1.000000
X 0.516964, -0.729625, 0.447655
Y -0.757623, -0.146576, 0.636021
Z -0.398441, -0.667954, -0.628556

PART 59
OFFSET 14.282013, 4.552774, -22.429779
SCALE 1.000000, 1.000000, 1.000000
X 0.481666, -0.718319, 0.502012
Y -0.788362, -0.104988, 0.606187
Z -0.382731, -0.687747, -0.616864

PART 60
OFFSET 12.734806, 5.476529, -18.633353
SCALE 1.000000, 1.000000, 1.000000
X 0.844786, -0.336087, 0.416393
Y -0.031799, 0.745246, 0.666031
Z -0.534159, -0.575894, 0.618886

PART 61
OFFSET 6.306902, -15.715031, -12.445216
SCALE 1.000000, 1.000000, 1.000000
X -0.500377, 0.337796, 0.797193
Y -0.136871, -0.940035, 0.312412
Z 0.854921, 0.047211, 0.516606

PART 62
OFFSET 3.964431, -12.318999, -10.355969
SCALE 1.000000, 1.000000, 1.000000
X 0.142504, -0.032515, -0.989260
Y -0.072525, 0.996431, -0.043198
Z 0.987134, 0.077902, 0.139637

PART 63
OFFSET 2.423583, -12.839459, -11.265261
SCALE 1.000000, 1.000000, 1.000000
X -0.181472, -0.685530, -0.705065
Y 0.339280, 0.629301, -0.699191
Z 0.923015, -0.366098, 0.118386

PART 64
OFFSET 3.229262, -13.247883, -11.586289
SCALE 1.000000, 1.000000, 1.000000
X -0.079074, -0.661448, -0.745811
Y 0.163357, 0.729442, -0.664250
Z 0.983393, -0.174358, 0.050373

PART 65
OFFSET 5.071168, -12.657155, -10.054036
SCALE 1.000000, 1.000000, 1.000000
X 0.527333, 0.265973, 0.806956
Y -0.753920, -0.291501, 0.588754
Z 0.391821, -0.918850, 0.046804

PART 66
OFFSET 15.141597, 4.085149, -19.271183
SCALE 1.000000, 1.000000, 1.000000
X 0.891236, 0.155242, -0.426144
Y -0.341378, 0.848217, -0.404956
Z 0.298597, 0.506387, 0.808958

PART 67
OFFSET 15.385159, 3.206675, -19.603088
SCALE 1.000000, 1.000000, 1.000000
X 0.663703, 0.452843, -0.595342
Y -0.726172, 0.580946, -0.367663
Z 0.179368, 0.676339, 0.714417

PART 68
OFFSET 13.759485, 2.791937, -21.910454
SCALE 1.000000, 1.000000, 1.000000
X -0.118965, -0.609068, 0.784145
Y -0.883638, 0.425107, 0.196134
Z -0.452805, -0.669567, -0.588768

PART 69
OFFSET 14.949562, 3.557244, -21.734033
SCALE 1.000000, 1.000000, 1.000000
X 0.060092, -0.688755, 0.722499
Y -0.920264, 0.242145, 0.307376
Z -0.386657, -0.683361, -0.619285

PART 70
OFFSET 13.623411, 5.099390, -18.143430
SCALE 1.000000, 1.000000, 1.000000
X 0.960190, 0.275333, 0.047195
Y -0.072452, 0.408620, -0.909825
Z -0.269789, 0.870185, 0.412301

PART 71
OFFSET 6.872083, -16.096576, -13.345655
SCALE 1.000000, 1.000000, 1.000000
X 0.527000, 0.751909, -0.396111
Y 0.317625, -0.606569, -0.728827
Z -0.788280, 0.258277, -0.558487

PART 72
OFFSET 3.795995, -12.282075, -9.236553
SCALE 1.000000, 1.000000, 1.000000
X -0.127225, -0.616520, 0.776992
Y -0.073694, 0.787068, 0.612448
Z -0.989132, 0.020659, -0.145569

PART 73
OFFSET 2.584481, -12.231647, -10.640130
SCALE 1.000000, 1.000000, 1.000000
X 0.108626, 0.080495, -0.990818
Y 0.307813, 0.945006, 0.110520
Z 0.945226, -0.316992, 0.077875

PART 74
OFFSET 3.338851, -12.331174, -10.552659
SCALE 1.000000, 1.000000, 1.000000
X 0.042098, -0.080374, -0.995875
Y 0.174222, 0.982078, -0.071896
Z 0.983806, -0.170477, 0.055346

PART 75
OFFSET 4.495773, -12.897780, -10.938860
SCALE 1.000000, 1.000000, 1.000000
X -0.017766, 0.726556, 0.686878
Y -0.376471, 0.631566, -0.677786
Z -0.926258, -0.270630, 0.262307

PART 76
OFFSET 13.646464, 2.213299, -21.165486
SCALE 1.000000, 1.000000, 1.000000
X 0.711230, 0.296033, -0.637586
Y -0.647765, 0.628296, -0.430865
Z 0.273043, 0.719450, 0.638623

PART 77
OFFSET 15.014733, 2.810282, -20.950476
SCALE 1.000000, 1.000000, 1.000000
X 0.458208, 0.393310, -0.797090
Y -0.770664, 0.622603, -0.135804
Z 0.442858, 0.676515, 0.588391

PART 78
OFFSET 2.481282, -12.308120, -9.698818
SCALE 1.000000, 1.000000, 1.000000
X -0.413170, -0.608980, 0.677078
Y 0.281851, 0.621484, 0.730970
Z -0.865939, 0.492850, -0.085138

PART 79
OFFSET 3.293193, -12.244004, -9.472576
SCALE 1.000000, 1.000000, 1.000000
X -0.085531, -0.503425, 0.859795
Y 0.076017, 0.857145, 0.509436
Z -0.993431, 0.108931, -0.035044

FRAME 1
PART 0
OFFSET 0.000000, 0.000000, 0.000000
SCALE 1.000000, 1.000000, 1.000000
X 1.000000, 0.000000, 0.000000
Y 0.000000, 1.000000, 0.000000
Z 0.000000, 0.000000, 1.000000

PART 1
OFFSET 0.000000, 0.000000, 0.000000
SCALE 1.000000, 1.000000, 1.000000
X 1.000000, 0.000000, 0.000000
Y 0.000000, 1.000000, 0.000000
Z 0.000000, 0.000000, 1.000000

PART 2
OFFSET 0.000000, 0.000000, 0.000000
SCALE 1.000000, 1.000000, 1.000000
X 1.000000, 0.000000, 0.000000
Y 0.000000, 1.000000, 0.000000
Z 0.000000, 0.000000, 1.000000

PART 3
OFFSET 0.000000, 0.000000, 0.000000
SCALE 1.000000, 1.000000, 1.000000
X 1.000000, 0.000000, 0.000000
Y 0.000000, 1.000000, 0.000000
Z 0.000000, 0.000000, 1.000000

PART 4
OFFSET 0.000000, 0.000000, 0.000000
SCALE 1.000000, 1.000000, 1.000000
X 0.999997, 0.002258, -0.000001
Y -0.002258, 0.999997, -0.001190
Z -0.000001, 0.001190, 0.999999

PART 5
OFFSET 0.313571, 4.302200, -5.796588
SCALE 1.000000, 1.000000, 1.000000
X -0.161548, 0.240544, -0.957100
Y 0.383391, -0.878362, -0.285468
Z -0.909348, -0.413061, 0.049675

PART 6
OFFSET -5.186300, -6.970500, -2.725900
SCALE 1.000000, 1.000000, 1.000000
X 0.015337, 0.249922, 0.968144
Y -0.870760, -0.472587, 0.135791
Z 0.491469, -0.845104, 0.210374

PART 7
OFFSET 5.855444, -13.343747, -10.140676
SCALE 1.000000, 1.000000, 1.000000
X 0.459487, -0.255702, -0.850581
Y 0.154572, 0.966070, -0.206921
Z 0.874631, -0.036398, 0.483421

PART 8
OFFSET 15.159802, 0.000000, -6.752720
SCALE 1.000000, 1.000000, 1.000000
X 1.000000, 0.000000, 0.000000
Y 0.000000, 1.000000, 0.000000
Z 0.000000, 0.000000, 1.000000

PART 9
OFFSET 0.000000, 0.000000, 0.000000
SCALE 1.000000, 1.000000, 1.000000
X 0.999997, 0.002258, -0.000001
Y -0.002258, 0.999997, -0.001190
Z -0.000001, 0.001190, 0.999999

PART 10
OFFSET 0.000000, 0.000000, 0.000000
SCALE 1.000000, 1.000000, 1.000000
X 0.999997, 0.002258, -0.000001
Y -0.002258, 0.999997, -0.001190
Z -0.000001, 0.001190, 0.999999

PART 11
OFFSET -1.640098, 7.211162, -17.371542
SCALE 1.000000, 1.000000, 1.000000
X 0.959696, -0.070698, -0.272004
Y 0.247248, -0.247749, 0.936744
Z -0.133615, -0.966241, -0.220283

PART 12
OFFSET -5.371788, -9.993032, -14.434538
SCALE 1.000000, 1.000000, 1.000000
X -0.733231, 0.269658, -0.624225
Y 0.462243, -0.475606, -0.748419
Z -0.498702, -0.837307, 0.224081

PART 13
OFFSET 5.855444, -13.343747, -10.140676
SCALE 1.000000, 1.000000, 1.000000
X 0.459487, -0.255702, -0.850581
Y 0.154572, 0.966070, -0.206921
Z 0.874631, -0.036398, 0.483421

PART 14
OFFSET 7.842021, 8.098721, -20.550020
SCALE 1.000000, 1.000000, 1.000000
X 0.958561, -0.066591, -0.276995
Y 0.127349, 0.969904, 0.207530
Z 0.254839, -0.234205, 0.938192

PART 15
OFFSET 7.087782, 6.143595, -21.298005
SCALE 1.000000, 1.000000, 1.000000
X 0.958561, -0.066591, -0.276995
Y 0.127349, 0.969904, 0.207530
Z 0.254839, -0.234205, 0.938192

PART 16
OFFSET 8.871275, 7.252640, -18.623826
SCALE 1.000000, 1.000000, 1.000000
X 0.958561, -0.066591, -0.276995
Y 0.127349, 0.969904, 0.207530
Z 0.254839, -0.234205, 0.938192

PART 17
OFFSET 8.613303, 5.766790, -18.782881
SCALE 1.000000, 1.000000, 1.000000
X 0.958561, -0.066591, -0.276995
Y 0.127349, 0.969904, 0.207530
Z 0.254839, -0.234205, 0.938192

PART 18
OFFSET 7.962338, 4.838560, -19.439957
SCALE 1.000000, 1.000000, 1.000000
X 0.958561, -0.066591, -0.276995
Y 0.127349, 0.969904, 0.207530
Z 0.254839, -0.234205, 0.938192

PART 19
OFFSET 9.464643, 6.393104, -20.518928
SCALE 1.000000, 1.000000, 1.000000
X 0.999430, 0.030458, 0.014587
Y -0.031192, 0.666990, 0.744414
Z 0.012944, -0.744444, 0.667559

PART 20
OFFSET 6.522572, 6.609839, -19.685065
SCALE 1.000000, 1.000000, 1.000000
X 0.959696, -0.070698, -0.272004
Y 0.253813, 0.633621, 0.730824
Z 0.120679, -0.770406, 0.626028

PART 21
OFFSET 1.168275, -12.844574, -6.645241
SCALE 1.000000, 1.000000, 1.000000
X -0.734411, 0.275076, -0.620463
Y 0.494168, 0.843367, -0.211023
Z 0.465230, -0.461590, -0.755311

PART 22
OFFSET 1.721296, -11.521787, -6.882018
SCALE 1.000000, 1.000000, 1.000000
X -0.734411, 0.275076, -0.620463
Y 0.494168, 0.843367, -0.211023
Z 0.465230, -0.461590, -0.755311

PART 23
OFFSET 2.189667, -11.333653, -7.965835
SCALE 1.000000, 1.000000, 1.000000
X -0.734411, 0.275076, -0.620463
Y 0.494168, 0.843367, -0.211023
Z 0.465230, -0.461590, -0.755311

PART 24
OFFSET 3.112566, -13.113296, -7.211515
SCALE 1.000000, 1.000000, 1.000000
X -0.535674, 0.341865, 0.772128
Y -0.825566, -0.019859, -0.563955
Z -0.177463, -0.939539, 0.292870

PART 25
OFFSET 0.864672, -12.286594, -9.125225
SCALE 1.000000, 1.000000, 1.000000
X -0.733231, 0.269658, -0.624225
Y 0.532634, -0.342895, -0.773773
Z -0.422698, -0.899837, 0.107793

PART 26
OFFSET 9.563473, -15.231289, -11.318258
SCALE 1.000000, 1.000000, 1.000000
X 0.459487, -0.255702, -0.850581
Y 0.154572, 0.966070, -0.206921
Z 0.874631, -0.036398, 0.483421

PART 27
OFFSET 7.985851, -13.139870, -7.598303
SCALE 1.000000, 1.000000, 1.000000
X 0.459487, -0.255702, -0.850581
Y 0.154572, 0.966070, -0.206921
Z 0.874631, -0.036398, 0.483421

PART 28
OFFSET 9.637765, -14.525562, -12.133760
SCALE 1.000000, 1.000000, 1.000000
X 0.375042, -0.812246, 0.446766
Y 0.459486, -0.255693, -0.850584
Z 0.805119, 0.524287, 0.277320

PART 29
OFFSET 18.400132, -19.232526, -28.254647
SCALE 1.000000, 1.000000, 1.000000
X 0.459487, -0.255702, -0.850581
Y 0.154572, 0.966070, -0.206921
Z 0.874631, -0.036398, 0.483421

PART 30
OFFSET 15.178089, -16.459226, -17.722107
SCALE 1.000000, 1.000000, 1.000000
X 0.459487, -0.255702, -0.850581
Y 0.154572, 0.966070, -0.206921
Z 0.874631, -0.036398, 0.483421

PART 31
OFFSET 7.429278, -14.219578, -13.054083
SCALE 1.000000, 1.000000, 1.000000
X 0.459487, -0.255702, -0.850581
Y 0.154572, 0.966070, -0.206921
Z 0.874631, -0.036398, 0.483421

PART 32
OFFSET 13.330663, 7.291531, -20.148734
SCALE 1.000000, 1.000000, 1.000000
X 0.825636, -0.500877, 0.259705
Y -0.564156, -0.726975, 0.391453
Z -0.007271, -0.469712, -0.882790

PART 33
OFFSET 13.260222, 6.431161, -20.838165
SCALE 1.000000, 1.000000, 1.000000
X 0.866969, -0.461705, 0.187601
Y -0.469889, -0.631888, 0.616378
Z -0.166042, -0.622532, -0.764777

PART 34
OFFSET 10.346395, 5.554255, -21.168754
SCALE 1.000000, 1.000000, 1.000000
X 0.879567, -0.290548, -0.376753
Y 0.028226, -0.758614, 0.650929
Z -0.474936, -0.583170, -0.659051

PART 35
OFFSET 10.543663, 6.108189, -20.764049
SCALE 1.000000, 1.000000, 1.000000
X 0.957110, -0.053263, -0.284788
Y 0.126075, -0.808444, 0.574912
Z -0.260856, -0.586158, -0.767054

PART 36
OFFSET 9.889442, 6.744818, -19.519866
SCALE 1.000000, 1.000000, 1.000000
X 0.736843, -0.128481, 0.663743
Y -0.261472, 0.851218, 0.455039
Z -0.623454, -0.508842, 0.593620

PART 37
OFFSET 12.503031, 7.147072, -18.934155
SCALE 1.000000, 1.000000, 1.000000
X 0.949995, -0.307320, 0.055357
Y 0.276770, 0.746583, -0.604990
Z 0.144597, 0.590058, 0.794306

PART 38
OFFSET 12.210843, 4.981799, -19.863234
SCALE 1.000000, 1.000000, 1.000000
X -0.325768, -0.634308, -0.701091
Y -0.012909, 0.744457, -0.667545
Z 0.945361, -0.208415, -0.250709

PART 39
OFFSET 5.756557, -14.779582, -9.685968
SCALE 1.000000, 1.000000, 1.000000
X -0.518286, 0.145671, 0.842710
Y -0.022108, -0.987339, 0.157075
Z 0.854922, 0.062779, 0.514944

PART 40
OFFSET 4.835617, -14.596126, -10.268005
SCALE 1.000000, 1.000000, 1.000000
X -0.087818, -0.836838, 0.540362
Y 0.238019, -0.544372, -0.804367
Z 0.967282, 0.057979, 0.246989

PART 41
OFFSET 2.717725, -13.233968, -8.527946
SCALE 1.000000, 1.000000, 1.000000
X 0.030415, 0.298757, 0.953844
Y -0.118284, -0.946505, 0.300230
Z 0.992514, -0.121956, 0.006550

PART 42
OFFSET 3.359392, -13.427165, -8.282073
SCALE 1.000000, 1.000000, 1.000000
X -0.251662, 0.364621, 0.896503
Y -0.140573, -0.930264, 0.338892
Z 0.957552, -0.040738, 0.285368

PART 43
OFFSET 4.223048, -12.862161, -7.134872
SCALE 1.000000, 1.000000, 1.000000
X -0.706236, -0.386091, 0.593435
Y -0.544061, -0.240386, -0.803873
Z 0.453021, -0.890589, -0.040288

PART 44
OFFSET 1.486059, -12.177259, -3.364072
SCALE 1.000000, 1.000000, 1.000000
X -0.393642, 0.064246, 0.917016
Y -0.018213, 0.996814, -0.077655
Z -0.919083, -0.047270, -0.391218

PART 45
OFFSET 9.429243, -14.276857, -11.827516
SCALE 1.000000, 1.000000, 1.000000
X 0.459487, -0.255702, -0.850581
Y 0.154572, 0.966070, -0.206921
Z 0.874631, -0.036398, 0.483421

PART 46
OFFSET 14.784326, 6.409658, -19.691481
SCALE 1.000000, 1.000000, 1.000000
X 0.374516, -0.855547, 0.357458
Y -0.927220, -0.345868, 0.143661
Z 0.000724, -0.385246, -0.922814

PART 47
OFFSET 14.953877, 5.529203, -20.471679
SCALE 1.000000, 1.000000, 1.000000
X 0.430922, -0.755914, 0.492849
Y -0.876564, -0.220917, 0.427588
Z -0.214341, -0.616271, -0.757805

PART 48
OFFSET 12.395268, 4.893338, -21.839388
SCALE 1.000000, 1.000000, 1.000000
X 0.773242, -0.631651, 0.055803
Y -0.455716, -0.492356, 0.741558
Z -0.440931, -0.598834, -0.668564

PART 49
OFFSET 12.986180, 5.900703, -21.629826
SCALE 1.000000, 1.000000, 1.000000
X 0.880230, -0.466075, -0.089271
Y -0.252606, -0.619442, 0.743291
Z -0.401728, -0.631717, -0.662985

PART 50
OFFSET 11.418698, 6.524186, -18.009149
SCALE 1.000000, 1.000000, 1.000000
X 0.921550, -0.387494, 0.024378
Y 0.171134, 0.461751, 0.870344
Z -0.348510, -0.797894, 0.491840

PART 51
OFFSET 6.669086, -15.036061, -11.169701
SCALE 1.000000, 1.000000, 1.000000
X -0.514920, 0.200900, 0.833365
Y -0.004692, -0.972796, 0.231614
Z 0.857226, 0.115353, 0.501854

PART 52
OFFSET 5.007174, -12.961315, -11.323633
SCALE 1.000000, 1.000000, 1.000000
X 0.208933, -0.685027, -0.697915
Y 0.088151, 0.723952, -0.684195
Z 0.973949, 0.081429, 0.211643

PART 53
OFFSET 2.808459, -13.806910, -10.706953
SCALE 1.000000, 1.000000, 1.000000
X -0.310909, -0.858336, 0.408161
Y 0.006813, -0.431446, -0.902113
Z 0.950415, -0.277694, 0.139989

PART 54
OFFSET 3.867231, -14.387927, -10.643777
SCALE 1.000000, 1.000000, 1.000000
X -0.132694, -0.837399, 0.530240
Y 0.023582, -0.537487, -0.842942
Z 0.990876, -0.099349, 0.091069

PART 55
OFFSET 5.776125, -11.955462, -8.333010
SCALE 1.000000, 1.000000, 1.000000
X -0.084309, 0.208910, 0.974294
Y -0.869342, -0.493267, 0.030540
Z 0.486967, -0.844420, 0.223201

PART 56
OFFSET 15.239576, 5.392999, -19.200835
SCALE 1.000000, 1.000000, 1.000000
X 0.021834, -0.870201, 0.492213
Y -0.999407, -0.032101, -0.012419
Z 0.026608, -0.491650, -0.870386

PART 57
OFFSET 15.583296, 4.425091, -19.751808
SCALE 1.000000, 1.000000, 1.000000
X -0.066495, -0.765100, 0.640469
Y -0.961888, 0.219783, 0.162685
Z -0.265234, -0.605242, -0.750555

PART 58
OFFSET 13.490041, 3.999032, -21.760381
SCALE 1.000000, 1.000000, 1.000000
X 0.498779, -0.765126, 0.407189
Y -0.773964, -0.181719, 0.606595
Z -0.390127, -0.617706, -0.682817

PART 59
OFFSET 14.484773, 5.107211, -21.781810
SCALE 1.000000, 1.000000, 1.000000
X 0.462306, -0.757232, 0.461381
Y -0.803574, -0.137794, 0.579035
Z -0.374888, -0.638446, -0.672195

PART 60
OFFSET 12.857207, 5.781730, -17.966619
SCALE 1.000000, 1.000000, 1.000000
X 0.831219, -0.374238, 0.411122
Y -0.040084, 0.697234, 0.715722
Z -0.554499, -0.611401, 0.564553

PART 61
OFFSET 7.347135, -15.273293, -12.152356
SCALE 1.000000, 1.000000, 1.000000
X -0.564508, 0.330084, 0.756555
Y -0.103271, -0.937603, 0.332019
Z 0.818942, 0.109297, 0.563372

PART 62
OFFSET 4.702002, -11.960752, -10.304246
SCALE 1.000000, 1.000000, 1.000000
X 0.202401, -0.050788, -0.977985
Y -0.124482, 0.989219, -0.077134
Z 0.971359, 0.137354, 0.193897

PART 63
OFFSET 3.248645, -12.591676, -11.284829
SCALE 1.000000, 1.000000, 1.000000
X -0.101460, -0.713279, -0.693497
Y 0.344999, 0.628608, -0.697013
Z 0.933103, -0.309975, 0.182302

PART 64
OFFSET 4.093141, -12.962266, -11.546503
SCALE 1.000000, 1.000000, 1.000000
X 0.001693, -0.684530, -0.728983
Y 0.162079, 0.719533, -0.675280
Z 0.986776, -0.117009, 0.112166

PART 65
OFFSET 5.805836, -12.227540, -9.929026
SCALE 1.000000, 1.000000, 1.000000
X 0.463214, 0.316838, 0.827675
Y -0.770302, -0.317889, 0.552794
Z 0.438255, -0.893622, 0.096811

PART 66
OFFSET 15.264238, 4.410085, -18.644868
SCALE 1.000000, 1.000000, 1.000000
X 0.902635, 0.174133, -0.393609
Y -0.323062, 0.878374, -0.352263
Z 0.284395, 0.445125, 0.849107

PART 67
OFFSET 15.506765, 3.554134, -19.031857
SCALE 1.000000, 1.000000, 1.000000
X 0.682202, 0.485455, -0.546749
Y -0.711320, 0.613688, -0.342654
Z 0.169190, 0.622672, 0.763972

PART 68
OFFSET 13.932271, 3.320651, -21.399356
SCALE 1.000000, 1.000000, 1.000000
X -0.143722, -0.660892, 0.736590
Y -0.883704, 0.420732, 0.205067
Z -0.445434, -0.621455, -0.644501

PART 69
OFFSET 15.125491, 4.057750, -21.142374
SCALE 1.000000, 1.000000, 1.000000
X 0.035933, -0.738192, 0.673633
Y -0.924816, 0.230880, 0.302339
Z -0.378713, -0.633850, -0.674396

PART 70
OFFSET 13.730068, 5.360893, -17.484037
SCALE 1.000000, 1.000000, 1.000000
X 0.961529, 0.260081, 0.088435
Y -0.046695, 0.471983, -0.880370
Z -0.270707, 0.842372, 0.465970

PART 71
OFFSET 7.984753, -15.646127, -13.006894
SCALE 1.000000, 1.000000, 1.000000
X 0.507418, 0.769695, -0.387422
Y 0.393073, -0.606850, -0.690816
Z -0.766825, 0.198247, -0.610473

PART 72
OFFSET 4.465803, -11.903558, -9.198006
SCALE 1.000000, 1.000000, 1.000000
X -0.138910, -0.601769, 0.786498
Y -0.152954, 0.797705, 0.583329
Z -0.978422, -0.039268, -0.202852

PART 73
OFFSET 3.338602, -11.959261, -10.669953
SCALE 1.000000, 1.000000, 1.000000
X 0.162521, 0.060040, -0.984877
Y 0.248341, 0.963526, 0.099719
Z 0.954942, -0.260792, 0.141683

PART 74
OFFSET 4.090794, -12.013567, -10.536196
SCALE 1.000000, 1.000000, 1.000000
X 0.105350, -0.104408, -0.988939
Y 0.123949, 0.988097, -0.091114
Z 0.986680, -0.112980, 0.117037

PART 75
OFFSET 5.297935, -12.523879, -10.837934
SCALE 1.000000, 1.000000, 1.000000
X -0.098295, 0.742459, 0.662641
Y -0.369810, 0.590930, -0.716967
Z -0.923893, -0.315526, 0.216483

PART 76
OFFSET 13.795730, 2.692778, -20.699567
SCALE 1.000000, 1.000000, 1.000000
X 0.729140, 0.331448, -0.598746
Y -0.630953, 0.664417, -0.400560
Z 0.265052, 0.669844, 0.693582

PART 77
OFFSET 15.164461, 3.257174, -20.411813
SCALE 1.000000, 1.000000, 1.000000
X 0.480966, 0.442591, -0.756825
Y -0.760884, 0.639578, -0.109521
Z 0.435576, 0.628532, 0.644376

PART 78
OFFSET 3.184201, -12.016301, -9.734286
SCALE 1.000000, 1.000000, 1.000000
X -0.418455, -0.613094, 0.670083
Y 0.203503, 0.655733, 0.727049
Z -0.885145, 0.440601, -0.149628

PART 79
OFFSET 3.976536, -11.900331, -9.463636
SCALE 1.000000, 1.000000, 1.000000
X -0.108480, -0.484346, 0.868125
Y -0.001473, 0.873356, 0.487081
Z -0.994098, 0.051559, -0.095455

FRAME 2
PART 0
OFFSET 0.000000, 0.000000, 0.000000
SCALE 1.000000, 1.000000, 1.000000
X 1.000000, 0.000000, 0.000000
Y 0.000000, 1.000000, 0.000000
Z 0.000000, 0.000000, 1.000000

PART 1
OFFSET 0.000000, 0.000000, 0.000000
SCALE 1.000000, 1.000000, 1.000000
X 1.000000, 0.000000, 0.000000
Y 0.000000, 1.000000, 0.000000
Z 0.000000, 0.000000, 1.000000

PART 2
OFFSET 0.000000, 0.000000, 0.000000
SCALE 1.000000, 1.000000, 1.000000
X 1.000000, 0.000000, 0.000000
Y 0.000000, 1.000000, 0.000000
Z 0.000000, 0.000000, 1.000000

PART 3
OFFSET 0.000000, 0.000000, 0.000000
SCALE 1.000000, 1.000000, 1.000000
X 1.000000, 0.000000, 0.000000
Y 0.000000, 1.000000, 0.000000
Z 0.000000, 0.000000, 1.000000

PART 4
OFFSET 0.000000, 0.000000, 0.000000
SCALE 1.000000, 1.000000, 1.000000
X 0.999990, 0.004517, -0.000005
Y -0.004517, 0.999987, -0.002380
Z -0.000005, 0.002380, 0.999997

PART 5
OFFSET -0.067282, 4.302200, -5.811161
SCALE 1.000000, 1.000000, 1.000000
X -0.113236, 0.246906, -0.962401
Y 0.502730, -0.821247, -0.269844
Z -0.856995, -0.514384, -0.031132

PART 6
OFFSET -5.186300, -6.970500, -2.725900
SCALE 1.000000, 1.000000, 1.000000
X -0.074231, 0.266838, 0.960878
Y -0.806508, -0.582784, 0.099535
Z 0.586544, -0.767568, 0.258468

PART 7
OFFSET 7.746906, -12.402832, -9.757862
SCALE 1.000000, 1.000000, 1.000000
X 0.607298, -0.230304, -0.760361
Y 0.067806, 0.968595, -0.239219
Z 0.791575, 0.093720, 0.603842

PART 8
OFFSET 15.159802, 0.000000, -6.752720
SCALE 1.000000, 1.000000, 1.000000
X 1.000000, 0.000000, 0.000000
Y 0.000000, 1.000000, 0.000000
Z 0.000000, 0.000000, 1.000000

PART 9
OFFSET 0.000000, 0.000000, 0.000000
SCALE 1.000000, 1.000000, 1.000000
X 0.999990, 0.004517, -0.000005
Y -0.004517, 0.999987, -0.002380
Z -0.000005, 0.002380, 0.999997

PART 10
OFFSET 0.000000, 0.000000, 0.000000
SCALE 1.000000, 1.000000, 1.000000
X 0.999990, 0.004517, -0.000005
Y -0.004517, 0.999987, -0.002380
Z -0.000005, 0.002380, 0.999997

PART 11
OFFSET -1.436661, 7.288109, -17.450215
SCALE 1.000000, 1.000000, 1.000000
X 0.991435, 0.028168, -0.127525
Y 0.130526, -0.246396, 0.960339
Z -0.004371, -0.968760, -0.247963

PART 12
OFFSET -4.288559, -10.197611, -14.346662
SCALE 1.000000, 1.000000, 1.000000
X -0.767577, 0.190583, -0.611968
Y 0.504874, -0.408436, -0.760449
Z -0.394878, -0.892669, 0.217285

PART 13
OFFSET 7.746906, -12.402832, -9.757862
SCALE 1.000000, 1.000000, 1.000000
X 0.607298, -0.230304, -0.760361
Y 0.067806, 0.968595, -0.239219
Z 0.791575, 0.093720, 0.603842

PART 14
OFFSET 8.269928, 9.072514, -19.238513
SCALE 1.000000, 1.000000, 1.000000
X 0.990646, 0.032270, -0.132585
Y -0.000287, 0.972125, 0.234465
Z 0.136455, -0.232233, 0.963041

PART 15
OFFSET 7.834316, 7.158173, -20.051143
SCALE 1.000000, 1.000000, 1.000000
X 0.990646, 0.032270, -0.132585
Y -0.000287, 0.972125, 0.234465
Z 0.136455, -0.232233, 0.963041

PART 16
OFFSET 9.090602, 8.305823, -17.134678
SCALE 1.000000, 1.000000, 1.000000
X 0.990646, 0.032270, -0.132585
Y -0.000287, 0.972125, 0.234465
Z 0.136455, -0.232233, 0.963041

PART 17
OFFSET 9.007070, 6.834626, -17.331772
SCALE 1.000000, 1.000000, 1.000000
X 0.990646, 0.032270, -0.132585
Y -0.000287, 0.972125, 0.234465
Z 0.136455, -0.232233, 0.963041

PART 18
OFFSET 8.545195, 5.955531, -18.127425
SCALE 1.000000, 1.000000, 1.000000
X 0.990646, 0.032270, -0.132585
Y -0.000287, 0.972125, 0.234465
Z 0.136455, -0.232233, 0.963041

PART 19
OFFSET 10.035343, 7.614044, -18.925825
SCALE 1.000000, 1.000000, 1.000000
X 0.996586, 0.003023, 0.082511
Y -0.071380, 0.533808, 0.842588
Z -0.041498, -0.845600, 0.532201

PART 20
OFFSET 6.995971, 7.527692, -18.534879
SCALE 1.000000, 1.000000, 1.000000
X 0.991443, 0.028177, -0.127465
Y 0.095250, 0.511561, 0.853951
Z 0.089268, -0.858785, 0.504500

PART 21
OFFSET 2.649579, -12.337451, -6.677282
SCALE 1.000000, 1.000000, 1.000000
X -0.769333, 0.195775, -0.608112
Y 0.389835, 0.897984, -0.204091
Z 0.506119, -0.394077, -0.767168

PART 22
OFFSET 3.021105, -10.982101, -6.883059
SCALE 1.000000, 1.000000, 1.000000
X -0.769333, 0.195775, -0.608112
Y 0.389835, 0.897984, -0.204091
Z 0.506119, -0.394077, -0.767168

PART 23
OFFSET 3.440745, -10.750986, -7.965235
SCALE 1.000000, 1.000000, 1.000000
X -0.769333, 0.195775, -0.608112
Y 0.389835, 0.897984, -0.204091
Z 0.506119, -0.394077, -0.767168

PART 24
OFFSET 4.593214, -12.402883, -7.265472
SCALE 1.000000, 1.000000, 1.000000
X -0.680695, 0.302956, 0.666987
Y -0.724820, -0.146461, -0.673191
Z -0.106260, -0.941683, 0.319284

PART 25
OFFSET 2.240024, -11.818605, -9.141604
SCALE 1.000000, 1.000000, 1.000000
X -0.767593, 0.190594, -0.611944
Y 0.539161, -0.324244, -0.777285
Z -0.346565, -0.926574, 0.146127

PART 26
OFFSET 11.785722, -13.855084, -10.285039
SCALE 1.000000, 1.000000, 1.000000
X 0.607298, -0.230304, -0.760361
Y 0.067806, 0.968595, -0.239219
Z 0.791575, 0.093720, 0.603842

PART 27
OFFSET 9.438421, -11.828934, -6.955492
SCALE 1.000000, 1.000000, 1.000000
X 0.607298, -0.230304, -0.760361
Y 0.067806, 0.968595, -0.239219
Z 0.791575, 0.093720, 0.603842

PART 28
OFFSET 11.895603, -13.179463, -11.121745
SCALE 1.000000, 1.000000, 1.000000
X 0.398480, -0.739684, 0.542293
Y 0.607296, -0.230295, -0.760366
Z 0.687317, 0.632323, 0.357439

PART 29
OFFSET 23.441897, -17.399512, -25.533264
SCALE 1.000000, 1.000000, 1.000000
X 0.607298, -0.230304, -0.760361
Y 0.067806, 0.968595, -0.239219
Z 0.791575, 0.093720, 0.603842

PART 30
OFFSET 18.391402, -14.626661, -15.744957
SCALE 1.000000, 1.000000, 1.000000
X 0.607298, -0.230304, -0.760361
Y 0.067806, 0.968595, -0.239219
Z 0.791575, 0.093720, 0.603842

PART 31
OFFSET 9.827020, -13.191669, -12.362249
SCALE 1.000000, 1.000000, 1.000000
X 0.607298, -0.230304, -0.760361
Y 0.067806, 0.968595, -0.239219
Z 0.791575, 0.093720, 0.603842

PART 32
OFFSET 13.880204, 8.342713, -18.166607
SCALE 1.000000, 1.000000, 1.000000
X 0.799684, -0.557376, 0.223242
Y -0.598742, -0.768064, 0.227127
Z 0.044870, -0.315294, -0.947933

PART 33
OFFSET 13.843902, 7.611614, -18.994066
SCALE 1.000000, 1.000000, 1.000000
X 0.846243, -0.507729, 0.161506
Y -0.518300, -0.714252, 0.470329
Z -0.123444, -0.481722, -0.867586

PART 34
OFFSET 10.946718, 6.874140, -19.650646
SCALE 1.000000, 1.000000, 1.000000
X 0.898567, -0.245044, -0.364048
Y -0.025344, -0.857168, 0.514412
Z -0.438104, -0.453008, -0.776434

PART 35
OFFSET 11.124255, 7.347657, -19.146855
SCALE 1.000000, 1.000000, 1.000000
X 0.973073, -0.028440, -0.228736
Y 0.076633, -0.895991, 0.437410
Z -0.217386, -0.443161, -0.869685

PART 36
OFFSET 10.397725, 7.783354, -17.857043
SCALE 1.000000, 1.000000, 1.000000
X 0.689395, -0.255637, 0.677778
Y -0.279436, 0.769391, 0.574416
Z -0.668319, -0.585395, 0.458980

PART 37
OFFSET 12.971972, 8.017748, -17.048324
SCALE 1.000000, 1.000000, 1.000000
X 0.939954, -0.335501, 0.062647
Y 0.326430, 0.830136, -0.452015
Z 0.099646, 0.445323, 0.889808

PART 38
OFFSET 12.712524, 6.045973, -18.345151
SCALE 1.000000, 1.000000, 1.000000
X -0.287185, -0.500067, -0.816981
Y 0.041533, 0.845607, -0.532188
Z 0.956974, -0.186768, -0.222076

PART 39
OFFSET 7.752761, -13.822871, -9.238035
SCALE 1.000000, 1.000000, 1.000000
X -0.650818, 0.113541, 0.750695
Y 0.072034, -0.975060, 0.209926
Z 0.755808, 0.190699, 0.626408

PART 40
OFFSET 6.912884, -13.780529, -9.954532
SCALE 1.000000, 1.000000, 1.000000
X -0.067015, -0.818529, 0.570542
Y 0.417198, -0.542427, -0.729191
Z 0.906342, 0.189163, 0.377839

PART 41
OFFSET 4.414575, -12.625760, -8.615237
SCALE 1.000000, 1.000000, 1.000000
X -0.146646, 0.338809, 0.929357
Y -0.048415, -0.940846, 0.335358
Z 0.988004, 0.004184, 0.154374

PART 42
OFFSET 5.031127, -12.726564, -8.269959
SCALE 1.000000, 1.000000, 1.000000
X -0.422927, 0.366292, 0.828832
Y -0.077946, -0.925976, 0.369450
Z 0.902805, 0.091646, 0.420172

PART 43
OFFSET 5.642475, -12.011197, -7.046967
SCALE 1.000000, 1.000000, 1.000000
X -0.735484, -0.447340, 0.508872
Y -0.386794, -0.339427, -0.857426
Z 0.556286, -0.827452, 0.076614

PART 44
OFFSET 2.316107, -11.522882, -3.749097
SCALE 1.000000, 1.000000, 1.000000
X -0.529783, 0.051532, 0.846566
Y -0.124492, 0.982616, -0.137721
Z -0.838947, -0.178353, -0.514158

PART 45
OFFSET 11.616068, -12.946703, -10.863281
SCALE 1.000000, 1.000000, 1.000000
X 0.607298, -0.230304, -0.760361
Y 0.067806, 0.968595, -0.239219
Z 0.791575, 0.093720, 0.603842

PART 46
OFFSET 15.288175, 7.361365, -17.773553
SCALE 1.000000, 1.000000, 1.000000
X 0.338276, -0.912191, 0.231249
Y -0.939340, -0.342102, 0.024620
Z 0.056653, -0.225550, -0.972583

PART 47
OFFSET 15.497068, 6.619747, -18.678558
SCALE 1.000000, 1.000000, 1.000000
X 0.386945, -0.837994, 0.384759
Y -0.905918, -0.267644, 0.328145
Z -0.172005, -0.475534, -0.862718

PART 48
OFFSET 13.026342, 6.284410, -20.292380
SCALE 1.000000, 1.000000, 1.000000
X 0.759151, -0.650909, -0.002654
Y -0.510555, -0.597976, 0.617865
Z -0.403761, -0.467698, -0.786280

PART 49
OFFSET 13.615752, 7.227773, -19.879372
SCALE 1.000000, 1.000000, 1.000000
X 0.877774, -0.466100, -0.110743
Y -0.309764, -0.728523, 0.610984
Z -0.365458, -0.502002, -0.783859

PART 50
OFFSET 11.820306, 7.275908, -16.311619
